FOHC_2_04_16_23,Time,Celsius(°C),High Alarm,Humidity(%rh),Dew Point(°C),Serial Number
1,2023-04-18 15:05:18,25.5,45.0,28.0,5.7,010045488
2,2023-04-18 15:05:28,25.5,45.0,28.5,5.9
3,2023-04-18 15:05:38,25.5,45.0,36.0,9.3
4,2023-04-18 15:05:48,25.5,45.0,33.0,8.1
5,2023-04-18 15:05:58,25.5,45.0,29.5,6.4
6,2023-04-18 15:06:08,25.5,45.0,29.0,6.2
7,2023-04-18 15:06:18,25.5,45.0,29.0,6.2
8,2023-04-18 15:06:28,26.0,45.0,27.5,5.8
9,2023-04-18 15:06:38,26.0,45.0,33.5,8.7
10,2023-04-18 15:06:48,26.0,45.0,32.5,8.3
11,2023-04-18 15:06:58,26.0,45.0,29.5,6.8
12,2023-04-18 15:07:08,26.0,45.0,29.0,6.6
13,2023-04-18 15:07:18,26.0,45.0,28.5,6.3
14,2023-04-18 15:07:28,26.0,45.0,28.0,6.1
15,2023-04-18 15:07:38,26.0,45.0,27.5,5.8
16,2023-04-18 15:07:48,26.0,45.0,27.5,5.8
17,2023-04-18 15:07:58,26.0,45.0,27.0,5.6
18,2023-04-18 15:08:08,26.0,45.0,27.0,5.6
19,2023-04-18 15:08:18,26.5,45.0,27.0,6.0
20,2023-04-18 15:08:28,26.5,45.0,27.0,6.0
21,2023-04-18 15:08:38,26.5,45.0,26.5,5.7
22,2023-04-18 15:08:48,26.5,45.0,26.5,5.7
23,2023-04-18 15:08:58,26.5,45.0,26.5,5.7
24,2023-04-18 15:09:08,26.5,45.0,26.5,5.7
25,2023-04-18 15:09:18,26.5,45.0,26.5,5.7
26,2023-04-18 15:09:28,26.5,45.0,26.5,5.7
27,2023-04-18 15:09:38,26.5,45.0,26.5,5.7
28,2023-04-18 15:09:48,26.5,45.0,26.5,5.7
29,2023-04-18 15:09:58,26.5,45.0,26.5,5.7
30,2023-04-18 15:10:08,26.5,45.0,26.5,5.7
31,2023-04-18 15:10:18,26.5,45.0,26.5,5.7
32,2023-04-18 15:10:28,26.5,45.0,26.5,5.7
33,2023-04-18 15:10:38,26.5,45.0,26.5,5.7
34,2023-04-18 15:10:48,26.5,45.0,26.5,5.7
35,2023-04-18 15:10:58,26.0,45.0,26.5,5.3
36,2023-04-18 15:11:08,26.0,45.0,26.5,5.3
37,2023-04-18 15:11:18,26.0,45.0,26.5,5.3
38,2023-04-18 15:11:28,26.0,45.0,26.5,5.3
39,2023-04-18 15:11:38,26.0,45.0,26.5,5.3
40,2023-04-18 15:11:48,26.0,45.0,26.5,5.3
41,2023-04-18 15:11:58,26.0,45.0,26.5,5.3
42,2023-04-18 15:12:08,26.0,45.0,26.5,5.3
43,2023-04-18 15:12:18,26.0,45.0,26.5,5.3
44,2023-04-18 15:12:28,26.0,45.0,26.5,5.3
45,2023-04-18 15:12:38,26.0,45.0,26.5,5.3
46,2023-04-18 15:12:48,26.0,45.0,26.5,5.3
47,2023-04-18 15:12:58,26.0,45.0,26.5,5.3
48,2023-04-18 15:13:08,26.0,45.0,26.5,5.3
49,2023-04-18 15:13:18,26.0,45.0,26.5,5.3
50,2023-04-18 15:13:28,26.0,45.0,26.5,5.3
51,2023-04-18 15:13:38,26.0,45.0,26.5,5.3
52,2023-04-18 15:13:48,26.0,45.0,26.5,5.3
53,2023-04-18 15:13:58,26.0,45.0,26.5,5.3
54,2023-04-18 15:14:08,26.0,45.0,26.5,5.3
55,2023-04-18 15:14:18,26.0,45.0,26.5,5.3
56,2023-04-18 15:14:28,26.0,45.0,26.5,5.3
57,2023-04-18 15:14:38,26.0,45.0,26.5,5.3
58,2023-04-18 15:14:48,26.0,45.0,26.5,5.3
59,2023-04-18 15:14:58,26.0,45.0,26.5,5.3
60,2023-04-18 15:15:08,26.0,45.0,26.5,5.3
61,2023-04-18 15:15:18,26.0,45.0,26.5,5.3
62,2023-04-18 15:15:28,26.0,45.0,26.5,5.3
63,2023-04-18 15:15:38,26.0,45.0,26.5,5.3
64,2023-04-18 15:15:48,26.5,45.0,26.5,5.7
65,2023-04-18 15:15:58,26.5,45.0,26.5,5.7
66,2023-04-18 15:16:08,26.5,45.0,26.5,5.7
67,2023-04-18 15:16:18,26.5,45.0,26.5,5.7
68,2023-04-18 15:16:28,26.5,45.0,26.5,5.7
69,2023-04-18 15:16:38,26.5,45.0,26.5,5.7
70,2023-04-18 15:16:48,26.5,45.0,26.5,5.7
71,2023-04-18 15:16:58,26.5,45.0,26.5,5.7
72,2023-04-18 15:17:08,26.5,45.0,26.5,5.7
73,2023-04-18 15:17:18,26.5,45.0,26.5,5.7
74,2023-04-18 15:17:28,26.5,45.0,26.5,5.7
75,2023-04-18 15:17:38,26.5,45.0,26.5,5.7
76,2023-04-18 15:17:48,26.5,45.0,26.5,5.7
77,2023-04-18 15:17:58,26.5,45.0,26.5,5.7
78,2023-04-18 15:18:08,26.5,45.0,26.5,5.7
79,2023-04-18 15:18:18,26.5,45.0,26.5,5.7
80,2023-04-18 15:18:28,26.5,45.0,26.5,5.7
81,2023-04-18 15:18:38,26.5,45.0,26.5,5.7
82,2023-04-18 15:18:48,26.5,45.0,26.5,5.7
83,2023-04-18 15:18:58,26.5,45.0,26.5,5.7
84,2023-04-18 15:19:08,27.0,45.0,26.5,6.1
85,2023-04-18 15:19:18,27.0,45.0,26.5,6.1
86,2023-04-18 15:19:28,27.0,45.0,26.5,6.1
87,2023-04-18 15:19:38,27.0,45.0,26.0,5.9
88,2023-04-18 15:19:48,27.0,45.0,26.0,5.9
89,2023-04-18 15:19:58,27.0,45.0,26.0,5.9
90,2023-04-18 15:20:08,27.0,45.0,26.0,5.9
91,2023-04-18 15:20:18,27.0,45.0,26.0,5.9
92,2023-04-18 15:20:28,27.0,45.0,26.0,5.9
93,2023-04-18 15:20:38,27.0,45.0,26.0,5.9
94,2023-04-18 15:20:48,27.0,45.0,26.0,5.9
95,2023-04-18 15:20:58,27.0,45.0,26.0,5.9
96,2023-04-18 15:21:08,27.0,45.0,25.5,5.6
97,2023-04-18 15:21:18,27.0,45.0,25.5,5.6
98,2023-04-18 15:21:28,27.5,45.0,25.5,6.0
99,2023-04-18 15:21:38,27.5,45.0,25.5,6.0
100,2023-04-18 15:21:48,27.5,45.0,25.5,6.0
101,2023-04-18 15:21:58,27.5,45.0,25.5,6.0
102,2023-04-18 15:22:08,27.5,45.0,25.5,6.0
103,2023-04-18 15:22:18,27.5,45.0,25.5,6.0
104,2023-04-18 15:22:28,27.5,45.0,25.5,6.0
105,2023-04-18 15:22:38,27.5,45.0,25.5,6.0
106,2023-04-18 15:22:48,27.5,45.0,25.5,6.0
107,2023-04-18 15:22:58,27.5,45.0,25.5,6.0
108,2023-04-18 15:23:08,27.5,45.0,25.5,6.0
109,2023-04-18 15:23:18,27.5,45.0,25.0,5.7
110,2023-04-18 15:23:28,27.5,45.0,25.0,5.7
111,2023-04-18 15:23:38,28.0,45.0,25.0,6.2
112,2023-04-18 15:23:48,28.0,45.0,25.0,6.2
113,2023-04-18 15:23:58,28.0,45.0,25.0,6.2
114,2023-04-18 15:24:08,28.0,45.0,25.0,6.2
115,2023-04-18 15:24:18,28.0,45.0,25.0,6.2
116,2023-04-18 15:24:28,28.0,45.0,25.0,6.2
117,2023-04-18 15:24:38,28.0,45.0,25.0,6.2
118,2023-04-18 15:24:48,28.0,45.0,25.0,6.2
119,2023-04-18 15:24:58,28.0,45.0,25.0,6.2
120,2023-04-18 15:25:08,28.0,45.0,25.0,6.2
121,2023-04-18 15:25:18,28.0,45.0,25.0,6.2
122,2023-04-18 15:25:28,28.0,45.0,24.5,5.9
123,2023-04-18 15:25:38,28.0,45.0,24.5,5.9
124,2023-04-18 15:25:48,28.0,45.0,24.5,5.9
125,2023-04-18 15:25:58,28.0,45.0,24.5,5.9
126,2023-04-18 15:26:08,28.5,45.0,24.5,6.3
127,2023-04-18 15:26:18,28.5,45.0,24.5,6.3
128,2023-04-18 15:26:28,28.5,45.0,24.5,6.3
129,2023-04-18 15:26:38,28.5,45.0,24.5,6.3
130,2023-04-18 15:26:48,28.5,45.0,24.5,6.3
131,2023-04-18 15:26:58,28.5,45.0,24.5,6.3
132,2023-04-18 15:27:08,28.5,45.0,24.5,6.3
133,2023-04-18 15:27:18,28.5,45.0,24.5,6.3
134,2023-04-18 15:27:28,28.5,45.0,24.0,6.0
135,2023-04-18 15:27:38,28.5,45.0,24.0,6.0
136,2023-04-18 15:27:48,28.5,45.0,24.0,6.0
137,2023-04-18 15:27:58,28.5,45.0,24.0,6.0
138,2023-04-18 15:28:08,28.5,45.0,24.0,6.0
139,2023-04-18 15:28:18,28.5,45.0,24.0,6.0
140,2023-04-18 15:28:28,28.5,45.0,24.0,6.0
141,2023-04-18 15:28:38,28.5,45.0,24.0,6.0
142,2023-04-18 15:28:48,29.0,45.0,24.0,6.4
143,2023-04-18 15:28:58,29.0,45.0,24.0,6.4
144,2023-04-18 15:29:08,29.0,45.0,24.0,6.4
145,2023-04-18 15:29:18,29.0,45.0,24.0,6.4
146,2023-04-18 15:29:28,29.0,45.0,24.0,6.4
147,2023-04-18 15:29:38,29.0,45.0,24.0,6.4
148,2023-04-18 15:29:48,29.0,45.0,24.0,6.4
149,2023-04-18 15:29:58,29.0,45.0,24.0,6.4
150,2023-04-18 15:30:08,29.0,45.0,24.0,6.4
151,2023-04-18 15:30:18,29.0,45.0,24.0,6.4
152,2023-04-18 15:30:28,29.0,45.0,24.0,6.4
153,2023-04-18 15:30:38,29.0,45.0,24.0,6.4
154,2023-04-18 15:30:48,29.0,45.0,23.5,6.1
155,2023-04-18 15:30:58,29.0,45.0,23.5,6.1
156,2023-04-18 15:31:08,29.0,45.0,24.0,6.4
157,2023-04-18 15:31:18,29.0,45.0,23.5,6.1
158,2023-04-18 15:31:28,29.0,45.0,23.5,6.1
159,2023-04-18 15:31:38,29.0,45.0,23.5,6.1
160,2023-04-18 15:31:48,29.5,45.0,23.5,6.5
161,2023-04-18 15:31:58,29.5,45.0,23.5,6.5
162,2023-04-18 15:32:08,29.5,45.0,23.5,6.5
163,2023-04-18 15:32:18,29.5,45.0,23.5,6.5
164,2023-04-18 15:32:28,29.5,45.0,23.5,6.5
165,2023-04-18 15:32:38,29.5,45.0,23.5,6.5
166,2023-04-18 15:32:48,29.5,45.0,23.5,6.5
167,2023-04-18 15:32:58,29.5,45.0,23.5,6.5
168,2023-04-18 15:33:08,29.5,45.0,23.5,6.5
169,2023-04-18 15:33:18,29.5,45.0,23.5,6.5
170,2023-04-18 15:33:28,29.5,45.0,23.5,6.5
171,2023-04-18 15:33:38,29.5,45.0,23.0,6.2
172,2023-04-18 15:33:48,29.5,45.0,23.0,6.2
173,2023-04-18 15:33:58,29.5,45.0,23.5,6.5
174,2023-04-18 15:34:08,29.5,45.0,23.5,6.5
175,2023-04-18 15:34:18,29.5,45.0,23.0,6.2
176,2023-04-18 15:34:28,29.5,45.0,23.0,6.2
177,2023-04-18 15:34:38,29.5,45.0,23.0,6.2
178,2023-04-18 15:34:48,30.0,45.0,23.0,6.6
179,2023-04-18 15:34:58,30.0,45.0,23.0,6.6
180,2023-04-18 15:35:08,30.0,45.0,23.0,6.6
181,2023-04-18 15:35:18,30.0,45.0,23.0,6.6
182,2023-04-18 15:35:28,30.0,45.0,23.0,6.6
183,2023-04-18 15:35:38,30.0,45.0,23.0,6.6
184,2023-04-18 15:35:48,30.0,45.0,23.0,6.6
185,2023-04-18 15:35:58,30.0,45.0,23.0,6.6
186,2023-04-18 15:36:08,30.0,45.0,23.0,6.6
187,2023-04-18 15:36:18,30.0,45.0,23.0,6.6
188,2023-04-18 15:36:28,30.0,45.0,23.0,6.6
189,2023-04-18 15:36:38,30.0,45.0,23.0,6.6
190,2023-04-18 15:36:48,30.0,45.0,23.0,6.6
191,2023-04-18 15:36:58,30.0,45.0,23.0,6.6
192,2023-04-18 15:37:08,30.0,45.0,22.5,6.3
193,2023-04-18 15:37:18,30.0,45.0,22.5,6.3
194,2023-04-18 15:37:28,30.0,45.0,22.5,6.3
195,2023-04-18 15:37:38,30.0,45.0,22.5,6.3
196,2023-04-18 15:37:48,30.5,45.0,22.5,6.7
197,2023-04-18 15:37:58,30.5,45.0,22.5,6.7
198,2023-04-18 15:38:08,30.5,45.0,22.5,6.7
199,2023-04-18 15:38:18,30.5,45.0,22.5,6.7
200,2023-04-18 15:38:28,30.5,45.0,22.5,6.7
201,2023-04-18 15:38:38,30.5,45.0,22.5,6.7
202,2023-04-18 15:38:48,30.5,45.0,22.5,6.7
203,2023-04-18 15:38:58,30.5,45.0,22.5,6.7
204,2023-04-18 15:39:08,30.5,45.0,22.5,6.7
205,2023-04-18 15:39:18,30.5,45.0,22.5,6.7
206,2023-04-18 15:39:28,30.5,45.0,22.5,6.7
207,2023-04-18 15:39:38,30.5,45.0,22.5,6.7
208,2023-04-18 15:39:48,30.5,45.0,22.0,6.4
209,2023-04-18 15:39:58,30.5,45.0,22.0,6.4
210,2023-04-18 15:40:08,30.5,45.0,22.0,6.4
211,2023-04-18 15:40:18,30.5,45.0,22.0,6.4
212,2023-04-18 15:40:28,30.5,45.0,22.0,6.4
213,2023-04-18 15:40:38,30.5,45.0,22.0,6.4
214,2023-04-18 15:40:48,30.5,45.0,22.0,6.4
215,2023-04-18 15:40:58,31.0,45.0,22.0,6.8
216,2023-04-18 15:41:08,31.0,45.0,22.0,6.8
217,2023-04-18 15:41:18,31.0,45.0,22.0,6.8
218,2023-04-18 15:41:28,31.0,45.0,22.0,6.8
219,2023-04-18 15:41:38,31.0,45.0,22.0,6.8
220,2023-04-18 15:41:48,31.0,45.0,22.0,6.8
221,2023-04-18 15:41:58,31.0,45.0,22.0,6.8
222,2023-04-18 15:42:08,31.0,45.0,22.0,6.8
223,2023-04-18 15:42:18,31.0,45.0,22.0,6.8
224,2023-04-18 15:42:28,31.0,45.0,22.0,6.8
225,2023-04-18 15:42:38,31.0,45.0,22.0,6.8
226,2023-04-18 15:42:48,31.0,45.0,22.0,6.8
227,2023-04-18 15:42:58,31.0,45.0,22.0,6.8
228,2023-04-18 15:43:08,31.0,45.0,22.0,6.8
229,2023-04-18 15:43:18,31.0,45.0,22.0,6.8
230,2023-04-18 15:43:28,31.0,45.0,22.0,6.8
231,2023-04-18 15:43:38,31.0,45.0,22.0,6.8
232,2023-04-18 15:43:48,31.0,45.0,22.0,6.8
233,2023-04-18 15:43:58,31.0,45.0,22.0,6.8
234,2023-04-18 15:44:08,31.0,45.0,22.0,6.8
235,2023-04-18 15:44:18,31.0,45.0,22.0,6.8
236,2023-04-18 15:44:28,31.0,45.0,22.0,6.8
237,2023-04-18 15:44:38,31.5,45.0,22.0,7.2
238,2023-04-18 15:44:48,31.5,45.0,22.0,7.2
239,2023-04-18 15:44:58,31.5,45.0,22.0,7.2
240,2023-04-18 15:45:08,31.5,45.0,22.0,7.2
241,2023-04-18 15:45:18,31.5,45.0,22.0,7.2
242,2023-04-18 15:45:28,31.5,45.0,22.0,7.2
243,2023-04-18 15:45:38,31.5,45.0,22.0,7.2
244,2023-04-18 15:45:48,31.5,45.0,22.0,7.2
245,2023-04-18 15:45:58,31.5,45.0,21.5,6.9
246,2023-04-18 15:46:08,31.5,45.0,21.5,6.9
247,2023-04-18 15:46:18,31.5,45.0,21.5,6.9
248,2023-04-18 15:46:28,31.5,45.0,21.5,6.9
249,2023-04-18 15:46:38,31.5,45.0,21.5,6.9
250,2023-04-18 15:46:48,31.5,45.0,21.5,6.9
251,2023-04-18 15:46:58,31.5,45.0,21.5,6.9
252,2023-04-18 15:47:08,31.5,45.0,21.5,6.9
253,2023-04-18 15:47:18,31.5,45.0,21.5,6.9
254,2023-04-18 15:47:28,31.5,45.0,21.5,6.9
255,2023-04-18 15:47:38,31.5,45.0,21.5,6.9
256,2023-04-18 15:47:48,31.5,45.0,21.5,6.9
257,2023-04-18 15:47:58,31.5,45.0,21.5,6.9
258,2023-04-18 15:48:08,31.5,45.0,21.5,6.9
259,2023-04-18 15:48:18,31.5,45.0,21.5,6.9
260,2023-04-18 15:48:28,32.0,45.0,21.5,7.3
261,2023-04-18 15:48:38,32.0,45.0,21.5,7.3
262,2023-04-18 15:48:48,32.0,45.0,21.5,7.3
263,2023-04-18 15:48:58,32.0,45.0,21.5,7.3
264,2023-04-18 15:49:08,32.0,45.0,21.5,7.3
265,2023-04-18 15:49:18,32.0,45.0,21.5,7.3
266,2023-04-18 15:49:28,32.0,45.0,21.5,7.3
267,2023-04-18 15:49:38,32.0,45.0,21.5,7.3
268,2023-04-18 15:49:48,32.0,45.0,21.5,7.3
269,2023-04-18 15:49:58,32.0,45.0,21.5,7.3
270,2023-04-18 15:50:08,32.0,45.0,21.5,7.3
271,2023-04-18 15:50:18,32.0,45.0,21.5,7.3
272,2023-04-18 15:50:28,32.0,45.0,21.5,7.3
273,2023-04-18 15:50:38,32.0,45.0,21.5,7.3
274,2023-04-18 15:50:48,32.0,45.0,21.5,7.3
275,2023-04-18 15:50:58,32.0,45.0,21.5,7.3
276,2023-04-18 15:51:08,32.0,45.0,21.5,7.3
277,2023-04-18 15:51:18,32.0,45.0,21.5,7.3
278,2023-04-18 15:51:28,32.0,45.0,21.0,7.0
279,2023-04-18 15:51:38,32.0,45.0,21.0,7.0
280,2023-04-18 15:51:48,32.0,45.0,21.0,7.0
281,2023-04-18 15:51:58,32.0,45.0,21.5,7.3
282,2023-04-18 15:52:08,32.0,45.0,21.5,7.3
283,2023-04-18 15:52:18,32.5,45.0,21.5,7.7
284,2023-04-18 15:52:28,32.5,45.0,21.5,7.7
285,2023-04-18 15:52:38,32.5,45.0,21.5,7.7
286,2023-04-18 15:52:48,32.5,45.0,21.0,7.4
287,2023-04-18 15:52:58,32.5,45.0,21.0,7.4
288,2023-04-18 15:53:08,32.5,45.0,21.0,7.4
289,2023-04-18 15:53:18,32.5,45.0,21.0,7.4
290,2023-04-18 15:53:28,32.5,45.0,21.0,7.4
291,2023-04-18 15:53:38,32.5,45.0,21.0,7.4
292,2023-04-18 15:53:48,32.5,45.0,21.0,7.4
293,2023-04-18 15:53:58,32.5,45.0,21.0,7.4
294,2023-04-18 15:54:08,32.5,45.0,21.0,7.4
295,2023-04-18 15:54:18,32.5,45.0,21.0,7.4
296,2023-04-18 15:54:28,32.5,45.0,21.0,7.4
297,2023-04-18 15:54:38,32.5,45.0,21.0,7.4
298,2023-04-18 15:54:48,32.5,45.0,21.0,7.4
299,2023-04-18 15:54:58,32.5,45.0,21.0,7.4
300,2023-04-18 15:55:08,33.0,45.0,21.0,7.8
301,2023-04-18 15:55:18,33.0,45.0,21.0,7.8
302,2023-04-18 15:55:28,33.0,45.0,21.0,7.8
303,2023-04-18 15:55:38,33.0,45.0,21.0,7.8
304,2023-04-18 15:55:48,33.0,45.0,21.0,7.8
305,2023-04-18 15:55:58,33.0,45.0,21.0,7.8
306,2023-04-18 15:56:08,33.0,45.0,20.5,7.4
307,2023-04-18 15:56:18,33.0,45.0,20.5,7.4
308,2023-04-18 15:56:28,33.0,45.0,20.5,7.4
309,2023-04-18 15:56:38,33.0,45.0,20.5,7.4
310,2023-04-18 15:56:48,33.0,45.0,20.5,7.4
311,2023-04-18 15:56:58,33.0,45.0,20.5,7.4
312,2023-04-18 15:57:08,33.0,45.0,20.5,7.4
313,2023-04-18 15:57:18,33.0,45.0,20.5,7.4
314,2023-04-18 15:57:28,33.0,45.0,20.5,7.4
315,2023-04-18 15:57:38,33.0,45.0,20.5,7.4
316,2023-04-18 15:57:48,33.0,45.0,20.5,7.4
317,2023-04-18 15:57:58,33.0,45.0,20.5,7.4
318,2023-04-18 15:58:08,33.5,45.0,20.5,7.8
319,2023-04-18 15:58:18,33.5,45.0,20.5,7.8
320,2023-04-18 15:58:28,33.5,45.0,20.5,7.8
321,2023-04-18 15:58:38,33.5,45.0,20.0,7.5
322,2023-04-18 15:58:48,33.5,45.0,20.5,7.8
323,2023-04-18 15:58:58,33.5,45.0,20.0,7.5
324,2023-04-18 15:59:08,33.5,45.0,20.0,7.5
325,2023-04-18 15:59:18,33.5,45.0,20.0,7.5
326,2023-04-18 15:59:28,33.5,45.0,20.0,7.5
327,2023-04-18 15:59:38,33.5,45.0,20.0,7.5
328,2023-04-18 15:59:48,33.5,45.0,20.5,7.8
329,2023-04-18 15:59:58,33.5,45.0,20.0,7.5
330,2023-04-18 16:00:08,33.5,45.0,20.0,7.5
331,2023-04-18 16:00:18,33.5,45.0,20.0,7.5
332,2023-04-18 16:00:28,33.5,45.0,20.0,7.5
333,2023-04-18 16:00:38,33.5,45.0,20.0,7.5
334,2023-04-18 16:00:48,34.0,45.0,20.0,7.9
335,2023-04-18 16:00:58,34.0,45.0,20.0,7.9
336,2023-04-18 16:01:08,34.0,45.0,20.0,7.9
337,2023-04-18 16:01:18,34.0,45.0,20.0,7.9
338,2023-04-18 16:01:28,34.0,45.0,20.0,7.9
339,2023-04-18 16:01:38,34.0,45.0,20.0,7.9
340,2023-04-18 16:01:48,34.0,45.0,20.0,7.9
341,2023-04-18 16:01:58,34.0,45.0,20.0,7.9
342,2023-04-18 16:02:08,34.0,45.0,20.0,7.9
343,2023-04-18 16:02:18,34.0,45.0,20.0,7.9
344,2023-04-18 16:02:28,34.0,45.0,20.0,7.9
345,2023-04-18 16:02:38,34.0,45.0,20.0,7.9
346,2023-04-18 16:02:48,34.0,45.0,20.0,7.9
347,2023-04-18 16:02:58,34.0,45.0,20.0,7.9
348,2023-04-18 16:03:08,34.0,45.0,20.0,7.9
349,2023-04-18 16:03:18,34.0,45.0,19.5,7.5
350,2023-04-18 16:03:28,34.5,45.0,19.5,7.9
351,2023-04-18 16:03:38,34.5,45.0,19.5,7.9
352,2023-04-18 16:03:48,34.5,45.0,19.5,7.9
353,2023-04-18 16:03:58,34.5,45.0,19.5,7.9
354,2023-04-18 16:04:08,34.5,45.0,19.5,7.9
355,2023-04-18 16:04:18,34.5,45.0,19.5,7.9
356,2023-04-18 16:04:28,34.5,45.0,19.5,7.9
357,2023-04-18 16:04:38,34.5,45.0,19.5,7.9
358,2023-04-18 16:04:48,34.5,45.0,19.5,7.9
359,2023-04-18 16:04:58,34.5,45.0,19.5,7.9
360,2023-04-18 16:05:08,34.5,45.0,19.5,7.9
361,2023-04-18 16:05:18,34.5,45.0,19.5,7.9
362,2023-04-18 16:05:28,34.5,45.0,19.5,7.9
363,2023-04-18 16:05:38,34.5,45.0,19.5,7.9
364,2023-04-18 16:05:48,34.5,45.0,19.5,7.9
365,2023-04-18 16:05:58,34.5,45.0,19.5,7.9
366,2023-04-18 16:06:08,34.5,45.0,19.5,7.9
367,2023-04-18 16:06:18,34.5,45.0,19.0,7.5
368,2023-04-18 16:06:28,35.0,45.0,19.0,7.9
369,2023-04-18 16:06:38,35.0,45.0,19.0,7.9
370,2023-04-18 16:06:48,35.0,45.0,19.0,7.9
371,2023-04-18 16:06:58,35.0,45.0,19.0,7.9
372,2023-04-18 16:07:08,35.0,45.0,19.0,7.9
373,2023-04-18 16:07:18,35.0,45.0,19.0,7.9
374,2023-04-18 16:07:28,35.0,45.0,19.0,7.9
375,2023-04-18 16:07:38,35.0,45.0,19.0,7.9
376,2023-04-18 16:07:48,35.0,45.0,19.0,7.9
377,2023-04-18 16:07:58,35.0,45.0,19.0,7.9
378,2023-04-18 16:08:08,35.0,45.0,19.0,7.9
379,2023-04-18 16:08:18,35.0,45.0,19.0,7.9
380,2023-04-18 16:08:28,35.0,45.0,19.0,7.9
381,2023-04-18 16:08:38,35.0,45.0,19.0,7.9
382,2023-04-18 16:08:48,35.0,45.0,19.0,7.9
383,2023-04-18 16:08:58,35.0,45.0,19.0,7.9
384,2023-04-18 16:09:08,35.0,45.0,19.0,7.9
385,2023-04-18 16:09:18,35.0,45.0,19.0,7.9
386,2023-04-18 16:09:28,35.0,45.0,19.0,7.9
387,2023-04-18 16:09:38,35.0,45.0,19.0,7.9
388,2023-04-18 16:09:48,35.5,45.0,19.0,8.3
389,2023-04-18 16:09:58,35.5,45.0,19.0,8.3
390,2023-04-18 16:10:08,35.5,45.0,19.0,8.3
391,2023-04-18 16:10:18,35.5,45.0,19.0,8.3
392,2023-04-18 16:10:28,35.5,45.0,19.0,8.3
393,2023-04-18 16:10:38,35.5,45.0,19.0,8.3
394,2023-04-18 16:10:48,35.5,45.0,19.0,8.3
395,2023-04-18 16:10:58,35.5,45.0,19.0,8.3
396,2023-04-18 16:11:08,35.5,45.0,19.0,8.3
397,2023-04-18 16:11:18,35.5,45.0,19.0,8.3
398,2023-04-18 16:11:28,35.5,45.0,19.0,8.3
399,2023-04-18 16:11:38,35.5,45.0,18.5,8.0
400,2023-04-18 16:11:48,35.5,45.0,18.5,8.0
401,2023-04-18 16:11:58,35.5,45.0,18.5,8.0
402,2023-04-18 16:12:08,35.5,45.0,18.5,8.0
403,2023-04-18 16:12:18,35.5,45.0,18.5,8.0
404,2023-04-18 16:12:28,35.5,45.0,18.5,8.0
405,2023-04-18 16:12:38,35.5,45.0,18.5,8.0
406,2023-04-18 16:12:48,35.5,45.0,18.5,8.0
407,2023-04-18 16:12:58,35.5,45.0,18.5,8.0
408,2023-04-18 16:13:08,35.5,45.0,18.5,8.0
409,2023-04-18 16:13:18,35.5,45.0,18.5,8.0
410,2023-04-18 16:13:28,36.0,45.0,18.5,8.4
411,2023-04-18 16:13:38,36.0,45.0,18.5,8.4
412,2023-04-18 16:13:48,36.0,45.0,18.5,8.4
413,2023-04-18 16:13:58,36.0,45.0,18.5,8.4
414,2023-04-18 16:14:08,36.0,45.0,18.5,8.4
415,2023-04-18 16:14:18,36.0,45.0,18.5,8.4
416,2023-04-18 16:14:28,36.0,45.0,18.5,8.4
417,2023-04-18 16:14:38,36.0,45.0,18.5,8.4
418,2023-04-18 16:14:48,36.0,45.0,18.5,8.4
419,2023-04-18 16:14:58,36.0,45.0,18.5,8.4
420,2023-04-18 16:15:08,36.0,45.0,18.5,8.4
421,2023-04-18 16:15:18,36.0,45.0,18.5,8.4
422,2023-04-18 16:15:28,36.0,45.0,18.5,8.4
423,2023-04-18 16:15:38,36.0,45.0,18.5,8.4
424,2023-04-18 16:15:48,36.0,45.0,18.5,8.4
425,2023-04-18 16:15:58,36.0,45.0,18.0,8.0
426,2023-04-18 16:16:08,36.0,45.0,18.0,8.0
427,2023-04-18 16:16:18,36.0,45.0,18.0,8.0
428,2023-04-18 16:16:28,36.0,45.0,18.0,8.0
429,2023-04-18 16:16:38,36.0,45.0,18.0,8.0
430,2023-04-18 16:16:48,36.0,45.0,18.0,8.0
431,2023-04-18 16:16:58,36.0,45.0,18.5,8.4
432,2023-04-18 16:17:08,36.0,45.0,18.0,8.0
433,2023-04-18 16:17:18,36.0,45.0,18.0,8.0
434,2023-04-18 16:17:28,36.0,45.0,18.0,8.0
435,2023-04-18 16:17:38,36.0,45.0,18.0,8.0
436,2023-04-18 16:17:48,36.5,45.0,18.0,8.4
437,2023-04-18 16:17:58,36.5,45.0,18.0,8.4
438,2023-04-18 16:18:08,36.5,45.0,18.5,8.8
439,2023-04-18 16:18:18,36.5,45.0,18.0,8.4
440,2023-04-18 16:18:28,36.5,45.0,18.0,8.4
441,2023-04-18 16:18:38,36.5,45.0,18.0,8.4
442,2023-04-18 16:18:48,36.5,45.0,18.0,8.4
443,2023-04-18 16:18:58,36.5,45.0,18.0,8.4
444,2023-04-18 16:19:08,36.5,45.0,18.0,8.4
445,2023-04-18 16:19:18,36.5,45.0,18.0,8.4
446,2023-04-18 16:19:28,36.5,45.0,18.0,8.4
447,2023-04-18 16:19:38,36.5,45.0,18.0,8.4
448,2023-04-18 16:19:48,36.5,45.0,18.0,8.4
449,2023-04-18 16:19:58,36.5,45.0,18.0,8.4
450,2023-04-18 16:20:08,36.5,45.0,18.0,8.4
451,2023-04-18 16:20:18,36.5,45.0,18.0,8.4
452,2023-04-18 16:20:28,36.5,45.0,18.0,8.4
453,2023-04-18 16:20:38,36.5,45.0,18.0,8.4
454,2023-04-18 16:20:48,36.5,45.0,18.0,8.4
455,2023-04-18 16:20:58,36.5,45.0,18.0,8.4
456,2023-04-18 16:21:08,36.5,45.0,18.0,8.4
457,2023-04-18 16:21:18,36.5,45.0,18.0,8.4
458,2023-04-18 16:21:28,36.5,45.0,18.0,8.4
459,2023-04-18 16:21:38,36.5,45.0,18.0,8.4
460,2023-04-18 16:21:48,36.5,45.0,18.0,8.4
461,2023-04-18 16:21:58,36.5,45.0,18.0,8.4
462,2023-04-18 16:22:08,36.5,45.0,18.0,8.4
463,2023-04-18 16:22:18,36.5,45.0,18.0,8.4
464,2023-04-18 16:22:28,36.5,45.0,18.0,8.4
465,2023-04-18 16:22:38,36.5,45.0,18.0,8.4
466,2023-04-18 16:22:48,36.5,45.0,18.0,8.4
467,2023-04-18 16:22:58,36.5,45.0,18.0,8.4
468,2023-04-18 16:23:08,36.5,45.0,18.0,8.4
469,2023-04-18 16:23:18,36.5,45.0,18.0,8.4
470,2023-04-18 16:23:28,36.5,45.0,18.0,8.4
471,2023-04-18 16:23:38,37.0,45.0,18.0,8.8
472,2023-04-18 16:23:48,37.0,45.0,18.0,8.8
473,2023-04-18 16:23:58,37.0,45.0,18.0,8.8
474,2023-04-18 16:24:08,37.0,45.0,18.0,8.8
475,2023-04-18 16:24:18,37.0,45.0,18.0,8.8
476,2023-04-18 16:24:28,37.0,45.0,18.0,8.8
477,2023-04-18 16:24:38,37.0,45.0,18.0,8.8
478,2023-04-18 16:24:48,37.0,45.0,18.0,8.8
479,2023-04-18 16:24:58,37.0,45.0,18.0,8.8
480,2023-04-18 16:25:08,37.0,45.0,17.5,8.3
481,2023-04-18 16:25:18,37.0,45.0,18.0,8.8
482,2023-04-18 16:25:28,37.0,45.0,18.0,8.8
483,2023-04-18 16:25:38,37.0,45.0,18.0,8.8
484,2023-04-18 16:25:48,37.0,45.0,17.5,8.3
485,2023-04-18 16:25:58,37.0,45.0,17.5,8.3
486,2023-04-18 16:26:08,37.0,45.0,17.5,8.3
487,2023-04-18 16:26:18,37.0,45.0,18.0,8.8
488,2023-04-18 16:26:28,37.0,45.0,17.5,8.3
489,2023-04-18 16:26:38,37.0,45.0,17.5,8.3
490,2023-04-18 16:26:48,37.0,45.0,18.0,8.8
491,2023-04-18 16:26:58,37.0,45.0,17.5,8.3
492,2023-04-18 16:27:08,37.0,45.0,17.5,8.3
493,2023-04-18 16:27:18,37.0,45.0,17.5,8.3
494,2023-04-18 16:27:28,37.0,45.0,17.5,8.3
495,2023-04-18 16:27:38,37.0,45.0,17.5,8.3
496,2023-04-18 16:27:48,37.0,45.0,17.5,8.3
497,2023-04-18 16:27:58,37.0,45.0,17.5,8.3
498,2023-04-18 16:28:08,37.0,45.0,17.5,8.3
499,2023-04-18 16:28:18,37.0,45.0,17.5,8.3
500,2023-04-18 16:28:28,37.0,45.0,17.5,8.3
501,2023-04-18 16:28:38,37.0,45.0,17.5,8.3
502,2023-04-18 16:28:48,37.0,45.0,17.5,8.3
503,2023-04-18 16:28:58,37.0,45.0,17.5,8.3
504,2023-04-18 16:29:08,37.0,45.0,17.5,8.3
505,2023-04-18 16:29:18,37.0,45.0,17.5,8.3
506,2023-04-18 16:29:28,37.0,45.0,17.5,8.3
507,2023-04-18 16:29:38,37.0,45.0,17.5,8.3
508,2023-04-18 16:29:48,37.0,45.0,17.5,8.3
509,2023-04-18 16:29:58,37.0,45.0,17.5,8.3
510,2023-04-18 16:30:08,37.0,45.0,17.5,8.3
511,2023-04-18 16:30:18,37.0,45.0,17.5,8.3
512,2023-04-18 16:30:28,37.0,45.0,17.5,8.3
513,2023-04-18 16:30:38,37.0,45.0,17.5,8.3
514,2023-04-18 16:30:48,37.0,45.0,17.5,8.3
515,2023-04-18 16:30:58,37.0,45.0,17.5,8.3
516,2023-04-18 16:31:08,37.0,45.0,17.5,8.3
517,2023-04-18 16:31:18,37.0,45.0,17.5,8.3
518,2023-04-18 16:31:28,37.0,45.0,17.5,8.3
519,2023-04-18 16:31:38,37.0,45.0,17.5,8.3
520,2023-04-18 16:31:48,37.5,45.0,17.5,8.7
521,2023-04-18 16:31:58,37.5,45.0,17.5,8.7
522,2023-04-18 16:32:08,37.5,45.0,17.5,8.7
523,2023-04-18 16:32:18,37.5,45.0,17.5,8.7
524,2023-04-18 16:32:28,37.5,45.0,17.5,8.7
525,2023-04-18 16:32:38,37.5,45.0,17.5,8.7
526,2023-04-18 16:32:48,37.5,45.0,17.5,8.7
527,2023-04-18 16:32:58,37.5,45.0,17.5,8.7
528,2023-04-18 16:33:08,37.5,45.0,17.5,8.7
529,2023-04-18 16:33:18,37.5,45.0,17.5,8.7
530,2023-04-18 16:33:28,37.5,45.0,17.5,8.7
531,2023-04-18 16:33:38,37.5,45.0,17.5,8.7
532,2023-04-18 16:33:48,37.5,45.0,17.5,8.7
533,2023-04-18 16:33:58,37.5,45.0,17.5,8.7
534,2023-04-18 16:34:08,37.5,45.0,17.5,8.7
535,2023-04-18 16:34:18,37.5,45.0,17.5,8.7
536,2023-04-18 16:34:28,37.5,45.0,17.5,8.7
537,2023-04-18 16:34:38,37.5,45.0,17.5,8.7
538,2023-04-18 16:34:48,37.5,45.0,17.5,8.7
539,2023-04-18 16:34:58,37.5,45.0,17.5,8.7
540,2023-04-18 16:35:08,37.5,45.0,17.5,8.7
541,2023-04-18 16:35:18,37.5,45.0,17.5,8.7
542,2023-04-18 16:35:28,37.5,45.0,17.5,8.7
543,2023-04-18 16:35:38,37.5,45.0,17.0,8.3
544,2023-04-18 16:35:48,37.5,45.0,17.0,8.3
545,2023-04-18 16:35:58,37.5,45.0,17.0,8.3
546,2023-04-18 16:36:08,37.5,45.0,17.5,8.7
547,2023-04-18 16:36:18,37.5,45.0,17.5,8.7
548,2023-04-18 16:36:28,37.5,45.0,17.5,8.7
549,2023-04-18 16:36:38,37.5,45.0,17.0,8.3
550,2023-04-18 16:36:48,37.5,45.0,17.5,8.7
551,2023-04-18 16:36:58,37.5,45.0,17.5,8.7
552,2023-04-18 16:37:08,37.5,45.0,17.0,8.3
553,2023-04-18 16:37:18,37.5,45.0,17.5,8.7
554,2023-04-18 16:37:28,37.5,45.0,17.5,8.7
555,2023-04-18 16:37:38,37.5,45.0,17.0,8.3
556,2023-04-18 16:37:48,37.5,45.0,17.5,8.7
557,2023-04-18 16:37:58,37.5,45.0,17.0,8.3
558,2023-04-18 16:38:08,37.5,45.0,17.0,8.3
559,2023-04-18 16:38:18,37.5,45.0,17.0,8.3
560,2023-04-18 16:38:28,37.5,45.0,17.0,8.3
561,2023-04-18 16:38:38,37.5,45.0,17.0,8.3
562,2023-04-18 16:38:48,37.5,45.0,17.0,8.3
563,2023-04-18 16:38:58,37.5,45.0,17.0,8.3
564,2023-04-18 16:39:08,37.5,45.0,17.0,8.3
565,2023-04-18 16:39:18,37.5,45.0,17.0,8.3
566,2023-04-18 16:39:28,37.5,45.0,17.0,8.3
567,2023-04-18 16:39:38,37.5,45.0,17.0,8.3
568,2023-04-18 16:39:48,37.5,45.0,17.0,8.3
569,2023-04-18 16:39:58,37.5,45.0,17.0,8.3
570,2023-04-18 16:40:08,37.5,45.0,17.0,8.3
571,2023-04-18 16:40:18,37.5,45.0,17.0,8.3
572,2023-04-18 16:40:28,37.5,45.0,17.0,8.3
573,2023-04-18 16:40:38,37.5,45.0,17.0,8.3
574,2023-04-18 16:40:48,37.5,45.0,17.0,8.3
575,2023-04-18 16:40:58,37.5,45.0,17.0,8.3
576,2023-04-18 16:41:08,37.5,45.0,17.0,8.3
577,2023-04-18 16:41:18,37.5,45.0,17.5,8.7
578,2023-04-18 16:41:28,37.5,45.0,17.0,8.3
579,2023-04-18 16:41:38,37.5,45.0,17.5,8.7
580,2023-04-18 16:41:48,37.5,45.0,17.0,8.3
581,2023-04-18 16:41:58,37.5,45.0,17.5,8.7
582,2023-04-18 16:42:08,37.5,45.0,17.5,8.7
583,2023-04-18 16:42:18,37.5,45.0,17.0,8.3
584,2023-04-18 16:42:28,37.5,45.0,17.5,8.7
585,2023-04-18 16:42:38,37.5,45.0,17.0,8.3
586,2023-04-18 16:42:48,37.5,45.0,17.0,8.3
587,2023-04-18 16:42:58,37.5,45.0,17.5,8.7
588,2023-04-18 16:43:08,37.5,45.0,17.0,8.3
589,2023-04-18 16:43:18,38.0,45.0,17.0,8.7
590,2023-04-18 16:43:28,38.0,45.0,17.0,8.7
591,2023-04-18 16:43:38,38.0,45.0,17.0,8.7
592,2023-04-18 16:43:48,38.0,45.0,17.0,8.7
593,2023-04-18 16:43:58,38.0,45.0,17.0,8.7
594,2023-04-18 16:44:08,38.0,45.0,17.0,8.7
595,2023-04-18 16:44:18,38.0,45.0,17.0,8.7
596,2023-04-18 16:44:28,38.0,45.0,17.0,8.7
597,2023-04-18 16:44:38,38.0,45.0,17.0,8.7
598,2023-04-18 16:44:48,38.0,45.0,17.0,8.7
599,2023-04-18 16:44:58,38.0,45.0,17.0,8.7
600,2023-04-18 16:45:08,38.0,45.0,17.0,8.7
601,2023-04-18 16:45:18,38.0,45.0,17.0,8.7
602,2023-04-18 16:45:28,38.0,45.0,17.0,8.7
603,2023-04-18 16:45:38,38.0,45.0,17.0,8.7
604,2023-04-18 16:45:48,38.0,45.0,17.0,8.7
605,2023-04-18 16:45:58,38.0,45.0,17.0,8.7
606,2023-04-18 16:46:08,38.0,45.0,17.0,8.7
607,2023-04-18 16:46:18,38.0,45.0,17.0,8.7
608,2023-04-18 16:46:28,38.0,45.0,17.0,8.7
609,2023-04-18 16:46:38,38.0,45.0,17.0,8.7
610,2023-04-18 16:46:48,38.0,45.0,17.0,8.7
611,2023-04-18 16:46:58,38.0,45.0,17.5,9.1
612,2023-04-18 16:47:08,38.0,45.0,17.5,9.1
613,2023-04-18 16:47:18,38.0,45.0,17.0,8.7
614,2023-04-18 16:47:28,38.0,45.0,17.5,9.1
615,2023-04-18 16:47:38,38.0,45.0,17.5,9.1
616,2023-04-18 16:47:48,38.0,45.0,17.5,9.1
617,2023-04-18 16:47:58,38.0,45.0,17.5,9.1
618,2023-04-18 16:48:08,38.0,45.0,17.5,9.1
619,2023-04-18 16:48:18,38.0,45.0,17.5,9.1
620,2023-04-18 16:48:28,38.0,45.0,17.5,9.1
621,2023-04-18 16:48:38,38.0,45.0,17.5,9.1
622,2023-04-18 16:48:48,38.0,45.0,17.5,9.1
623,2023-04-18 16:48:58,38.0,45.0,17.5,9.1
624,2023-04-18 16:49:08,38.0,45.0,17.5,9.1
625,2023-04-18 16:49:18,38.0,45.0,17.5,9.1
626,2023-04-18 16:49:28,38.0,45.0,17.5,9.1
627,2023-04-18 16:49:38,38.0,45.0,17.5,9.1
628,2023-04-18 16:49:48,38.0,45.0,17.5,9.1
629,2023-04-18 16:49:58,38.0,45.0,17.5,9.1
630,2023-04-18 16:50:08,38.0,45.0,17.5,9.1
631,2023-04-18 16:50:18,38.0,45.0,17.5,9.1
632,2023-04-18 16:50:28,38.0,45.0,17.5,9.1
633,2023-04-18 16:50:38,38.0,45.0,17.5,9.1
634,2023-04-18 16:50:48,38.0,45.0,17.0,8.7
635,2023-04-18 16:50:58,38.0,45.0,17.0,8.7
636,2023-04-18 16:51:08,38.0,45.0,17.5,9.1
637,2023-04-18 16:51:18,38.0,45.0,17.0,8.7
638,2023-04-18 16:51:28,38.0,45.0,17.0,8.7
639,2023-04-18 16:51:38,38.0,45.0,17.5,9.1
640,2023-04-18 16:51:48,38.0,45.0,17.0,8.7
641,2023-04-18 16:51:58,38.0,45.0,17.0,8.7
642,2023-04-18 16:52:08,38.0,45.0,17.0,8.7
643,2023-04-18 16:52:18,38.0,45.0,17.0,8.7
644,2023-04-18 16:52:28,38.0,45.0,17.0,8.7
645,2023-04-18 16:52:38,38.0,45.0,17.0,8.7
646,2023-04-18 16:52:48,38.0,45.0,17.0,8.7
647,2023-04-18 16:52:58,38.0,45.0,17.5,9.1
648,2023-04-18 16:53:08,38.0,45.0,17.0,8.7
649,2023-04-18 16:53:18,38.0,45.0,17.0,8.7
650,2023-04-18 16:53:28,38.0,45.0,17.0,8.7
651,2023-04-18 16:53:38,38.0,45.0,17.0,8.7
652,2023-04-18 16:53:48,38.0,45.0,17.0,8.7
653,2023-04-18 16:53:58,38.0,45.0,17.5,9.1
654,2023-04-18 16:54:08,38.0,45.0,17.0,8.7
655,2023-04-18 16:54:18,38.0,45.0,17.0,8.7
656,2023-04-18 16:54:28,38.0,45.0,17.0,8.7
657,2023-04-18 16:54:38,38.0,45.0,17.0,8.7
658,2023-04-18 16:54:48,38.0,45.0,17.0,8.7
659,2023-04-18 16:54:58,38.0,45.0,17.0,8.7
660,2023-04-18 16:55:08,38.0,45.0,17.0,8.7
661,2023-04-18 16:55:18,38.0,45.0,17.0,8.7
662,2023-04-18 16:55:28,38.0,45.0,17.0,8.7
663,2023-04-18 16:55:38,38.0,45.0,17.0,8.7
664,2023-04-18 16:55:48,38.0,45.0,17.0,8.7
665,2023-04-18 16:55:58,38.0,45.0,17.0,8.7
666,2023-04-18 16:56:08,38.0,45.0,17.0,8.7
667,2023-04-18 16:56:18,38.0,45.0,17.0,8.7
668,2023-04-18 16:56:28,38.0,45.0,17.0,8.7
669,2023-04-18 16:56:38,38.0,45.0,17.0,8.7
670,2023-04-18 16:56:48,38.0,45.0,17.0,8.7
671,2023-04-18 16:56:58,38.0,45.0,17.0,8.7
672,2023-04-18 16:57:08,38.0,45.0,17.0,8.7
673,2023-04-18 16:57:18,38.0,45.0,17.0,8.7
674,2023-04-18 16:57:28,38.0,45.0,17.0,8.7
675,2023-04-18 16:57:38,38.0,45.0,17.0,8.7
676,2023-04-18 16:57:48,38.0,45.0,17.0,8.7
677,2023-04-18 16:57:58,38.0,45.0,17.0,8.7
678,2023-04-18 16:58:08,38.0,45.0,17.0,8.7
679,2023-04-18 16:58:18,38.0,45.0,17.0,8.7
680,2023-04-18 16:58:28,38.0,45.0,17.0,8.7
681,2023-04-18 16:58:38,38.0,45.0,17.0,8.7
682,2023-04-18 16:58:48,38.0,45.0,17.0,8.7
683,2023-04-18 16:58:58,38.0,45.0,17.0,8.7
684,2023-04-18 16:59:08,38.0,45.0,17.0,8.7
685,2023-04-18 16:59:18,38.0,45.0,17.0,8.7
686,2023-04-18 16:59:28,38.0,45.0,17.0,8.7
687,2023-04-18 16:59:38,38.0,45.0,17.0,8.7
688,2023-04-18 16:59:48,38.0,45.0,17.0,8.7
689,2023-04-18 16:59:58,38.0,45.0,17.0,8.7
690,2023-04-18 17:00:08,38.0,45.0,17.0,8.7
691,2023-04-18 17:00:18,38.0,45.0,17.0,8.7
692,2023-04-18 17:00:28,38.0,45.0,17.0,8.7
693,2023-04-18 17:00:38,38.0,45.0,17.0,8.7
694,2023-04-18 17:00:48,38.0,45.0,17.0,8.7
695,2023-04-18 17:00:58,38.0,45.0,17.0,8.7
696,2023-04-18 17:01:08,38.0,45.0,17.0,8.7
697,2023-04-18 17:01:18,38.0,45.0,17.0,8.7
698,2023-04-18 17:01:28,38.0,45.0,17.0,8.7
699,2023-04-18 17:01:38,38.0,45.0,17.0,8.7
700,2023-04-18 17:01:48,38.0,45.0,17.0,8.7
701,2023-04-18 17:01:58,38.0,45.0,17.0,8.7
702,2023-04-18 17:02:08,38.0,45.0,17.0,8.7
703,2023-04-18 17:02:18,38.0,45.0,17.0,8.7
704,2023-04-18 17:02:28,38.0,45.0,17.0,8.7
705,2023-04-18 17:02:38,38.0,45.0,17.0,8.7
706,2023-04-18 17:02:48,38.0,45.0,17.0,8.7
707,2023-04-18 17:02:58,38.0,45.0,17.0,8.7
708,2023-04-18 17:03:08,38.0,45.0,17.0,8.7
709,2023-04-18 17:03:18,38.0,45.0,17.0,8.7
710,2023-04-18 17:03:28,38.0,45.0,17.0,8.7
711,2023-04-18 17:03:38,38.0,45.0,17.0,8.7
712,2023-04-18 17:03:48,38.0,45.0,17.0,8.7
713,2023-04-18 17:03:58,38.0,45.0,17.0,8.7
714,2023-04-18 17:04:08,38.0,45.0,17.0,8.7
715,2023-04-18 17:04:18,38.0,45.0,17.0,8.7
716,2023-04-18 17:04:28,38.0,45.0,17.0,8.7
717,2023-04-18 17:04:38,38.0,45.0,17.0,8.7
718,2023-04-18 17:04:48,38.0,45.0,17.0,8.7
719,2023-04-18 17:04:58,38.0,45.0,17.0,8.7
720,2023-04-18 17:05:08,38.0,45.0,17.0,8.7
721,2023-04-18 17:05:18,38.0,45.0,17.0,8.7
722,2023-04-18 17:05:28,38.0,45.0,17.0,8.7
723,2023-04-18 17:05:38,38.0,45.0,17.0,8.7
724,2023-04-18 17:05:48,38.0,45.0,17.0,8.7
725,2023-04-18 17:05:58,38.0,45.0,17.0,8.7
726,2023-04-18 17:06:08,38.0,45.0,17.0,8.7
727,2023-04-18 17:06:18,38.0,45.0,17.0,8.7
728,2023-04-18 17:06:28,38.0,45.0,17.0,8.7
729,2023-04-18 17:06:38,38.0,45.0,17.0,8.7
730,2023-04-18 17:06:48,38.0,45.0,17.0,8.7
731,2023-04-18 17:06:58,38.0,45.0,17.0,8.7
732,2023-04-18 17:07:08,38.0,45.0,17.0,8.7
733,2023-04-18 17:07:18,38.0,45.0,17.0,8.7
734,2023-04-18 17:07:28,38.0,45.0,17.0,8.7
735,2023-04-18 17:07:38,38.0,45.0,17.0,8.7
736,2023-04-18 17:07:48,38.0,45.0,17.0,8.7
737,2023-04-18 17:07:58,38.0,45.0,17.0,8.7
738,2023-04-18 17:08:08,38.0,45.0,17.0,8.7
739,2023-04-18 17:08:18,38.0,45.0,17.0,8.7
740,2023-04-18 17:08:28,38.0,45.0,17.0,8.7
741,2023-04-18 17:08:38,38.0,45.0,17.0,8.7
742,2023-04-18 17:08:48,38.0,45.0,17.0,8.7
743,2023-04-18 17:08:58,38.0,45.0,17.0,8.7
744,2023-04-18 17:09:08,38.0,45.0,17.0,8.7
745,2023-04-18 17:09:18,38.0,45.0,17.0,8.7
746,2023-04-18 17:09:28,38.0,45.0,17.0,8.7
747,2023-04-18 17:09:38,38.0,45.0,17.0,8.7
748,2023-04-18 17:09:48,38.0,45.0,17.0,8.7
749,2023-04-18 17:09:58,38.0,45.0,17.0,8.7
750,2023-04-18 17:10:08,38.0,45.0,17.0,8.7
751,2023-04-18 17:10:18,38.0,45.0,17.0,8.7
752,2023-04-18 17:10:28,38.0,45.0,17.5,9.1
753,2023-04-18 17:10:38,38.0,45.0,17.5,9.1
754,2023-04-18 17:10:48,38.0,45.0,17.5,9.1
755,2023-04-18 17:10:58,38.0,45.0,17.5,9.1
756,2023-04-18 17:11:08,38.0,45.0,17.5,9.1
757,2023-04-18 17:11:18,38.0,45.0,17.5,9.1
758,2023-04-18 17:11:28,38.0,45.0,17.5,9.1
759,2023-04-18 17:11:38,38.0,45.0,17.0,8.7
760,2023-04-18 17:11:48,38.0,45.0,17.0,8.7
761,2023-04-18 17:11:58,38.0,45.0,17.0,8.7
762,2023-04-18 17:12:08,38.0,45.0,17.0,8.7
763,2023-04-18 17:12:18,38.0,45.0,17.0,8.7
764,2023-04-18 17:12:28,38.0,45.0,17.0,8.7
765,2023-04-18 17:12:38,38.0,45.0,17.0,8.7
766,2023-04-18 17:12:48,38.0,45.0,17.0,8.7
767,2023-04-18 17:12:58,38.0,45.0,17.0,8.7
768,2023-04-18 17:13:08,38.0,45.0,17.0,8.7
769,2023-04-18 17:13:18,38.0,45.0,17.0,8.7
770,2023-04-18 17:13:28,38.0,45.0,17.0,8.7
771,2023-04-18 17:13:38,38.0,45.0,17.0,8.7
772,2023-04-18 17:13:48,38.0,45.0,17.0,8.7
773,2023-04-18 17:13:58,38.0,45.0,17.0,8.7
774,2023-04-18 17:14:08,38.0,45.0,17.0,8.7
775,2023-04-18 17:14:18,38.0,45.0,17.0,8.7
776,2023-04-18 17:14:28,38.0,45.0,17.0,8.7
777,2023-04-18 17:14:38,38.0,45.0,17.0,8.7
778,2023-04-18 17:14:48,38.0,45.0,17.0,8.7
779,2023-04-18 17:14:58,38.0,45.0,17.0,8.7
780,2023-04-18 17:15:08,38.0,45.0,17.0,8.7
781,2023-04-18 17:15:18,38.0,45.0,17.0,8.7
782,2023-04-18 17:15:28,38.0,45.0,17.0,8.7
783,2023-04-18 17:15:38,38.0,45.0,17.0,8.7
784,2023-04-18 17:15:48,38.0,45.0,17.0,8.7
785,2023-04-18 17:15:58,38.0,45.0,17.0,8.7
786,2023-04-18 17:16:08,38.0,45.0,17.0,8.7
787,2023-04-18 17:16:18,38.0,45.0,17.0,8.7
788,2023-04-18 17:16:28,38.0,45.0,17.0,8.7
789,2023-04-18 17:16:38,38.0,45.0,17.0,8.7
790,2023-04-18 17:16:48,38.0,45.0,17.0,8.7
791,2023-04-18 17:16:58,38.0,45.0,17.0,8.7
792,2023-04-18 17:17:08,38.0,45.0,17.0,8.7
793,2023-04-18 17:17:18,38.0,45.0,17.0,8.7
794,2023-04-18 17:17:28,38.0,45.0,17.0,8.7
795,2023-04-18 17:17:38,38.0,45.0,17.0,8.7
796,2023-04-18 17:17:48,38.0,45.0,17.0,8.7
797,2023-04-18 17:17:58,38.0,45.0,17.0,8.7
798,2023-04-18 17:18:08,38.0,45.0,17.0,8.7
799,2023-04-18 17:18:18,38.0,45.0,17.0,8.7
800,2023-04-18 17:18:28,38.0,45.0,17.0,8.7
801,2023-04-18 17:18:38,38.0,45.0,17.0,8.7
802,2023-04-18 17:18:48,38.0,45.0,17.0,8.7
803,2023-04-18 17:18:58,38.0,45.0,17.0,8.7
804,2023-04-18 17:19:08,38.0,45.0,17.0,8.7
805,2023-04-18 17:19:18,38.0,45.0,17.0,8.7
806,2023-04-18 17:19:28,38.0,45.0,17.0,8.7
807,2023-04-18 17:19:38,38.0,45.0,17.0,8.7
808,2023-04-18 17:19:48,38.0,45.0,17.0,8.7
809,2023-04-18 17:19:58,38.0,45.0,17.0,8.7
810,2023-04-18 17:20:08,38.0,45.0,17.0,8.7
811,2023-04-18 17:20:18,38.0,45.0,17.0,8.7
812,2023-04-18 17:20:28,38.5,45.0,17.0,9.1
813,2023-04-18 17:20:38,38.5,45.0,17.0,9.1
814,2023-04-18 17:20:48,38.5,45.0,17.0,9.1
815,2023-04-18 17:20:58,38.5,45.0,17.0,9.1
816,2023-04-18 17:21:08,38.0,45.0,17.0,8.7
817,2023-04-18 17:21:18,38.5,45.0,17.0,9.1
818,2023-04-18 17:21:28,38.5,45.0,17.0,9.1
819,2023-04-18 17:21:38,38.5,45.0,17.0,9.1
820,2023-04-18 17:21:48,38.5,45.0,17.0,9.1
821,2023-04-18 17:21:58,38.5,45.0,17.0,9.1
822,2023-04-18 17:22:08,38.5,45.0,17.0,9.1
823,2023-04-18 17:22:18,38.5,45.0,17.0,9.1
824,2023-04-18 17:22:28,38.5,45.0,17.0,9.1
825,2023-04-18 17:22:38,38.5,45.0,17.0,9.1
826,2023-04-18 17:22:48,38.5,45.0,17.0,9.1
827,2023-04-18 17:22:58,38.5,45.0,17.0,9.1
828,2023-04-18 17:23:08,38.5,45.0,17.0,9.1
829,2023-04-18 17:23:18,38.5,45.0,17.0,9.1
830,2023-04-18 17:23:28,38.5,45.0,17.0,9.1
831,2023-04-18 17:23:38,38.5,45.0,17.0,9.1
832,2023-04-18 17:23:48,38.5,45.0,17.0,9.1
833,2023-04-18 17:23:58,38.5,45.0,17.0,9.1
834,2023-04-18 17:24:08,38.5,45.0,17.0,9.1
835,2023-04-18 17:24:18,38.5,45.0,17.0,9.1
836,2023-04-18 17:24:28,38.5,45.0,17.0,9.1
837,2023-04-18 17:24:38,38.5,45.0,17.0,9.1
838,2023-04-18 17:24:48,38.5,45.0,17.0,9.1
839,2023-04-18 17:24:58,38.0,45.0,17.0,8.7
840,2023-04-18 17:25:08,38.5,45.0,17.0,9.1
841,2023-04-18 17:25:18,38.0,45.0,17.0,8.7
842,2023-04-18 17:25:28,38.0,45.0,17.0,8.7
843,2023-04-18 17:25:38,38.0,45.0,17.0,8.7
844,2023-04-18 17:25:48,38.5,45.0,17.0,9.1
845,2023-04-18 17:25:58,38.5,45.0,17.0,9.1
846,2023-04-18 17:26:08,38.5,45.0,17.0,9.1
847,2023-04-18 17:26:18,38.0,45.0,17.0,8.7
848,2023-04-18 17:26:28,38.5,45.0,17.0,9.1
849,2023-04-18 17:26:38,38.5,45.0,17.0,9.1
850,2023-04-18 17:26:48,38.5,45.0,17.0,9.1
851,2023-04-18 17:26:58,38.5,45.0,17.0,9.1
852,2023-04-18 17:27:08,38.5,45.0,17.0,9.1
853,2023-04-18 17:27:18,38.5,45.0,17.0,9.1
854,2023-04-18 17:27:28,38.5,45.0,17.0,9.1
855,2023-04-18 17:27:38,38.5,45.0,17.0,9.1
856,2023-04-18 17:27:48,38.5,45.0,17.0,9.1
857,2023-04-18 17:27:58,38.5,45.0,17.0,9.1
858,2023-04-18 17:28:08,38.5,45.0,17.0,9.1
859,2023-04-18 17:28:18,38.5,45.0,17.0,9.1
860,2023-04-18 17:28:28,38.5,45.0,17.0,9.1
861,2023-04-18 17:28:38,38.5,45.0,17.0,9.1
862,2023-04-18 17:28:48,38.5,45.0,17.0,9.1
863,2023-04-18 17:28:58,38.5,45.0,17.0,9.1
864,2023-04-18 17:29:08,38.5,45.0,17.0,9.1
865,2023-04-18 17:29:18,38.5,45.0,17.0,9.1
866,2023-04-18 17:29:28,38.5,45.0,17.0,9.1
867,2023-04-18 17:29:38,38.5,45.0,17.0,9.1
868,2023-04-18 17:29:48,38.5,45.0,17.0,9.1
869,2023-04-18 17:29:58,38.5,45.0,17.0,9.1
870,2023-04-18 17:30:08,38.5,45.0,17.0,9.1
871,2023-04-18 17:30:18,38.5,45.0,17.0,9.1
872,2023-04-18 17:30:28,38.5,45.0,17.0,9.1
873,2023-04-18 17:30:38,38.5,45.0,17.0,9.1
874,2023-04-18 17:30:48,38.5,45.0,17.0,9.1
875,2023-04-18 17:30:58,38.5,45.0,17.0,9.1
876,2023-04-18 17:31:08,38.5,45.0,17.0,9.1
877,2023-04-18 17:31:18,38.5,45.0,17.0,9.1
878,2023-04-18 17:31:28,38.5,45.0,17.0,9.1
879,2023-04-18 17:31:38,38.5,45.0,17.0,9.1
880,2023-04-18 17:31:48,38.5,45.0,17.0,9.1
881,2023-04-18 17:31:58,38.5,45.0,17.0,9.1
882,2023-04-18 17:32:08,38.5,45.0,17.0,9.1
883,2023-04-18 17:32:18,38.5,45.0,17.0,9.1
884,2023-04-18 17:32:28,38.5,45.0,17.0,9.1
885,2023-04-18 17:32:38,38.5,45.0,17.0,9.1
886,2023-04-18 17:32:48,38.5,45.0,17.0,9.1
887,2023-04-18 17:32:58,38.5,45.0,17.0,9.1
888,2023-04-18 17:33:08,38.5,45.0,17.0,9.1
889,2023-04-18 17:33:18,38.5,45.0,17.0,9.1
890,2023-04-18 17:33:28,38.5,45.0,17.0,9.1
891,2023-04-18 17:33:38,38.5,45.0,17.0,9.1
892,2023-04-18 17:33:48,38.5,45.0,17.0,9.1
893,2023-04-18 17:33:58,38.5,45.0,17.0,9.1
894,2023-04-18 17:34:08,38.5,45.0,17.0,9.1
895,2023-04-18 17:34:18,38.5,45.0,17.0,9.1
896,2023-04-18 17:34:28,38.5,45.0,17.0,9.1
897,2023-04-18 17:34:38,38.5,45.0,17.0,9.1
898,2023-04-18 17:34:48,38.5,45.0,17.0,9.1
899,2023-04-18 17:34:58,38.5,45.0,17.0,9.1
900,2023-04-18 17:35:08,38.5,45.0,17.0,9.1
901,2023-04-18 17:35:18,38.5,45.0,17.0,9.1
902,2023-04-18 17:35:28,38.5,45.0,17.0,9.1
903,2023-04-18 17:35:38,38.5,45.0,17.0,9.1
904,2023-04-18 17:35:48,38.5,45.0,17.0,9.1
905,2023-04-18 17:35:58,38.5,45.0,17.0,9.1
906,2023-04-18 17:36:08,38.5,45.0,17.0,9.1
907,2023-04-18 17:36:18,38.5,45.0,17.0,9.1
908,2023-04-18 17:36:28,38.5,45.0,17.0,9.1
909,2023-04-18 17:36:38,38.5,45.0,17.0,9.1
910,2023-04-18 17:36:48,38.5,45.0,17.0,9.1
911,2023-04-18 17:36:58,38.5,45.0,17.0,9.1
912,2023-04-18 17:37:08,38.5,45.0,17.0,9.1
913,2023-04-18 17:37:18,38.5,45.0,17.0,9.1
914,2023-04-18 17:37:28,38.5,45.0,17.0,9.1
915,2023-04-18 17:37:38,38.5,45.0,17.0,9.1
916,2023-04-18 17:37:48,38.5,45.0,17.0,9.1
917,2023-04-18 17:37:58,38.5,45.0,17.0,9.1
918,2023-04-18 17:38:08,38.5,45.0,17.0,9.1
919,2023-04-18 17:38:18,38.5,45.0,17.0,9.1
920,2023-04-18 17:38:28,38.5,45.0,17.0,9.1
921,2023-04-18 17:38:38,38.5,45.0,17.0,9.1
922,2023-04-18 17:38:48,38.5,45.0,17.0,9.1
923,2023-04-18 17:38:58,38.5,45.0,17.0,9.1
924,2023-04-18 17:39:08,38.5,45.0,17.0,9.1
925,2023-04-18 17:39:18,38.5,45.0,17.0,9.1
926,2023-04-18 17:39:28,38.5,45.0,17.0,9.1
927,2023-04-18 17:39:38,38.5,45.0,17.0,9.1
928,2023-04-18 17:39:48,38.5,45.0,17.0,9.1
929,2023-04-18 17:39:58,38.5,45.0,17.0,9.1
930,2023-04-18 17:40:08,38.5,45.0,17.0,9.1
931,2023-04-18 17:40:18,38.5,45.0,17.0,9.1
932,2023-04-18 17:40:28,38.5,45.0,17.0,9.1
933,2023-04-18 17:40:38,38.5,45.0,17.0,9.1
934,2023-04-18 17:40:48,38.5,45.0,17.0,9.1
935,2023-04-18 17:40:58,38.5,45.0,17.0,9.1
936,2023-04-18 17:41:08,38.5,45.0,17.0,9.1
937,2023-04-18 17:41:18,38.5,45.0,17.0,9.1
938,2023-04-18 17:41:28,38.5,45.0,17.0,9.1
939,2023-04-18 17:41:38,38.5,45.0,17.0,9.1
940,2023-04-18 17:41:48,38.5,45.0,17.0,9.1
941,2023-04-18 17:41:58,38.5,45.0,17.0,9.1
942,2023-04-18 17:42:08,38.5,45.0,17.0,9.1
943,2023-04-18 17:42:18,38.5,45.0,17.0,9.1
944,2023-04-18 17:42:28,38.5,45.0,17.0,9.1
945,2023-04-18 17:42:38,38.5,45.0,17.0,9.1
946,2023-04-18 17:42:48,38.5,45.0,17.0,9.1
947,2023-04-18 17:42:58,38.5,45.0,17.0,9.1
948,2023-04-18 17:43:08,38.5,45.0,17.0,9.1
949,2023-04-18 17:43:18,38.5,45.0,17.0,9.1
950,2023-04-18 17:43:28,38.5,45.0,17.0,9.1
951,2023-04-18 17:43:38,38.5,45.0,17.0,9.1
952,2023-04-18 17:43:48,38.5,45.0,17.0,9.1
953,2023-04-18 17:43:58,38.5,45.0,17.0,9.1
954,2023-04-18 17:44:08,38.5,45.0,17.0,9.1
955,2023-04-18 17:44:18,38.5,45.0,17.0,9.1
956,2023-04-18 17:44:28,38.5,45.0,17.0,9.1
957,2023-04-18 17:44:38,38.5,45.0,17.0,9.1
958,2023-04-18 17:44:48,38.5,45.0,17.0,9.1
959,2023-04-18 17:44:58,38.5,45.0,17.0,9.1
960,2023-04-18 17:45:08,38.5,45.0,17.0,9.1
961,2023-04-18 17:45:18,38.5,45.0,17.0,9.1
962,2023-04-18 17:45:28,38.5,45.0,17.0,9.1
963,2023-04-18 17:45:38,38.5,45.0,17.0,9.1
964,2023-04-18 17:45:48,38.5,45.0,17.0,9.1
965,2023-04-18 17:45:58,38.5,45.0,17.0,9.1
966,2023-04-18 17:46:08,38.5,45.0,17.0,9.1
967,2023-04-18 17:46:18,38.5,45.0,17.0,9.1
968,2023-04-18 17:46:28,38.5,45.0,17.0,9.1
969,2023-04-18 17:46:38,38.5,45.0,17.0,9.1
970,2023-04-18 17:46:48,38.5,45.0,17.0,9.1
971,2023-04-18 17:46:58,38.5,45.0,17.0,9.1
972,2023-04-18 17:47:08,38.5,45.0,17.0,9.1
973,2023-04-18 17:47:18,38.5,45.0,17.0,9.1
974,2023-04-18 17:47:28,38.5,45.0,17.0,9.1
975,2023-04-18 17:47:38,38.5,45.0,17.0,9.1
976,2023-04-18 17:47:48,38.5,45.0,17.0,9.1
977,2023-04-18 17:47:58,38.5,45.0,16.5,8.7
978,2023-04-18 17:48:08,38.5,45.0,17.0,9.1
979,2023-04-18 17:48:18,38.5,45.0,17.0,9.1
980,2023-04-18 17:48:28,38.5,45.0,17.0,9.1
981,2023-04-18 17:48:38,38.5,45.0,17.0,9.1
982,2023-04-18 17:48:48,38.5,45.0,17.0,9.1
983,2023-04-18 17:48:58,38.5,45.0,17.0,9.1
984,2023-04-18 17:49:08,38.5,45.0,17.0,9.1
985,2023-04-18 17:49:18,38.5,45.0,17.0,9.1
986,2023-04-18 17:49:28,38.5,45.0,17.0,9.1
987,2023-04-18 17:49:38,38.5,45.0,17.0,9.1
988,2023-04-18 17:49:48,38.5,45.0,17.0,9.1
989,2023-04-18 17:49:58,38.5,45.0,17.0,9.1
990,2023-04-18 17:50:08,38.5,45.0,17.0,9.1
991,2023-04-18 17:50:18,38.5,45.0,17.0,9.1
992,2023-04-18 17:50:28,38.5,45.0,17.0,9.1
993,2023-04-18 17:50:38,38.5,45.0,16.5,8.7
994,2023-04-18 17:50:48,38.5,45.0,17.0,9.1
995,2023-04-18 17:50:58,38.5,45.0,17.0,9.1
996,2023-04-18 17:51:08,38.5,45.0,17.0,9.1
997,2023-04-18 17:51:18,38.5,45.0,17.0,9.1
998,2023-04-18 17:51:28,38.5,45.0,17.0,9.1
999,2023-04-18 17:51:38,38.5,45.0,17.0,9.1
1000,2023-04-18 17:51:48,38.5,45.0,17.0,9.1
1001,2023-04-18 17:51:58,38.5,45.0,16.5,8.7
1002,2023-04-18 17:52:08,38.5,45.0,17.0,9.1
1003,2023-04-18 17:52:18,38.5,45.0,17.0,9.1
1004,2023-04-18 17:52:28,38.5,45.0,17.0,9.1
1005,2023-04-18 17:52:38,38.5,45.0,16.5,8.7
1006,2023-04-18 17:52:48,38.5,45.0,16.5,8.7
1007,2023-04-18 17:52:58,38.5,45.0,17.0,9.1
1008,2023-04-18 17:53:08,38.5,45.0,17.0,9.1
1009,2023-04-18 17:53:18,38.5,45.0,17.0,9.1
1010,2023-04-18 17:53:28,38.5,45.0,16.5,8.7
1011,2023-04-18 17:53:38,38.5,45.0,16.5,8.7
1012,2023-04-18 17:53:48,38.5,45.0,16.5,8.7
1013,2023-04-18 17:53:58,38.5,45.0,17.0,9.1
1014,2023-04-18 17:54:08,38.5,45.0,16.5,8.7
1015,2023-04-18 17:54:18,38.5,45.0,16.5,8.7
1016,2023-04-18 17:54:28,38.5,45.0,16.5,8.7
1017,2023-04-18 17:54:38,38.5,45.0,16.5,8.7
1018,2023-04-18 17:54:48,38.5,45.0,17.0,9.1
1019,2023-04-18 17:54:58,38.5,45.0,16.5,8.7
1020,2023-04-18 17:55:08,38.5,45.0,16.5,8.7
1021,2023-04-18 17:55:18,38.5,45.0,16.5,8.7
1022,2023-04-18 17:55:28,38.5,45.0,16.5,8.7
1023,2023-04-18 17:55:38,38.5,45.0,16.5,8.7
1024,2023-04-18 17:55:48,38.5,45.0,16.5,8.7
1025,2023-04-18 17:55:58,38.5,45.0,17.0,9.1
1026,2023-04-18 17:56:08,38.5,45.0,17.0,9.1
1027,2023-04-18 17:56:18,38.5,45.0,17.0,9.1
1028,2023-04-18 17:56:28,38.5,45.0,17.0,9.1
1029,2023-04-18 17:56:38,38.5,45.0,17.0,9.1
1030,2023-04-18 17:56:48,38.5,45.0,17.0,9.1
1031,2023-04-18 17:56:58,38.5,45.0,17.0,9.1
1032,2023-04-18 17:57:08,38.5,45.0,17.0,9.1
1033,2023-04-18 17:57:18,38.5,45.0,17.0,9.1
1034,2023-04-18 17:57:28,38.5,45.0,17.0,9.1
1035,2023-04-18 17:57:38,38.5,45.0,17.0,9.1
1036,2023-04-18 17:57:48,38.5,45.0,17.0,9.1
1037,2023-04-18 17:57:58,38.5,45.0,17.0,9.1
1038,2023-04-18 17:58:08,38.5,45.0,17.0,9.1
1039,2023-04-18 17:58:18,38.5,45.0,17.0,9.1
1040,2023-04-18 17:58:28,38.5,45.0,17.0,9.1
1041,2023-04-18 17:58:38,38.5,45.0,17.0,9.1
1042,2023-04-18 17:58:48,38.5,45.0,17.0,9.1
1043,2023-04-18 17:58:58,38.5,45.0,17.0,9.1
1044,2023-04-18 17:59:08,38.5,45.0,17.0,9.1
1045,2023-04-18 17:59:18,38.5,45.0,17.0,9.1
1046,2023-04-18 17:59:28,38.5,45.0,17.0,9.1
1047,2023-04-18 17:59:38,38.5,45.0,17.0,9.1
1048,2023-04-18 17:59:48,38.5,45.0,17.0,9.1
1049,2023-04-18 17:59:58,38.5,45.0,17.0,9.1
1050,2023-04-18 18:00:08,38.5,45.0,16.5,8.7
1051,2023-04-18 18:00:18,38.5,45.0,17.0,9.1
1052,2023-04-18 18:00:28,38.5,45.0,17.0,9.1
1053,2023-04-18 18:00:38,38.5,45.0,17.0,9.1
1054,2023-04-18 18:00:48,38.5,45.0,17.0,9.1
1055,2023-04-18 18:00:58,38.5,45.0,17.0,9.1
1056,2023-04-18 18:01:08,38.5,45.0,17.0,9.1
1057,2023-04-18 18:01:18,38.5,45.0,17.0,9.1
1058,2023-04-18 18:01:28,38.5,45.0,17.0,9.1
1059,2023-04-18 18:01:38,38.5,45.0,17.0,9.1
1060,2023-04-18 18:01:48,38.5,45.0,17.0,9.1
1061,2023-04-18 18:01:58,38.5,45.0,17.0,9.1
1062,2023-04-18 18:02:08,38.5,45.0,17.0,9.1
1063,2023-04-18 18:02:18,38.5,45.0,17.0,9.1
1064,2023-04-18 18:02:28,38.5,45.0,17.0,9.1
1065,2023-04-18 18:02:38,38.5,45.0,17.0,9.1
1066,2023-04-18 18:02:48,38.5,45.0,17.0,9.1
1067,2023-04-18 18:02:58,38.5,45.0,17.0,9.1
1068,2023-04-18 18:03:08,38.5,45.0,17.0,9.1
1069,2023-04-18 18:03:18,38.5,45.0,17.0,9.1
1070,2023-04-18 18:03:28,38.5,45.0,17.0,9.1
1071,2023-04-18 18:03:38,38.5,45.0,17.0,9.1
1072,2023-04-18 18:03:48,38.5,45.0,17.0,9.1
1073,2023-04-18 18:03:58,38.5,45.0,17.0,9.1
1074,2023-04-18 18:04:08,38.5,45.0,17.0,9.1
1075,2023-04-18 18:04:18,38.5,45.0,17.0,9.1
1076,2023-04-18 18:04:28,38.5,45.0,17.0,9.1
1077,2023-04-18 18:04:38,38.5,45.0,17.0,9.1
1078,2023-04-18 18:04:48,38.5,45.0,17.0,9.1
1079,2023-04-18 18:04:58,38.5,45.0,17.0,9.1
1080,2023-04-18 18:05:08,38.5,45.0,17.0,9.1
1081,2023-04-18 18:05:18,38.5,45.0,17.0,9.1
1082,2023-04-18 18:05:28,38.5,45.0,17.0,9.1
1083,2023-04-18 18:05:38,38.5,45.0,17.0,9.1
1084,2023-04-18 18:05:48,38.5,45.0,17.0,9.1
1085,2023-04-18 18:05:58,38.5,45.0,17.0,9.1
1086,2023-04-18 18:06:08,38.5,45.0,17.0,9.1
1087,2023-04-18 18:06:18,38.5,45.0,17.0,9.1
1088,2023-04-18 18:06:28,38.5,45.0,17.0,9.1
1089,2023-04-18 18:06:38,38.5,45.0,17.0,9.1
1090,2023-04-18 18:06:48,38.5,45.0,17.0,9.1
1091,2023-04-18 18:06:58,38.5,45.0,17.0,9.1
1092,2023-04-18 18:07:08,38.5,45.0,17.0,9.1
1093,2023-04-18 18:07:18,38.5,45.0,17.0,9.1
1094,2023-04-18 18:07:28,38.5,45.0,17.0,9.1
1095,2023-04-18 18:07:38,38.5,45.0,17.0,9.1
1096,2023-04-18 18:07:48,38.5,45.0,17.0,9.1
1097,2023-04-18 18:07:58,38.5,45.0,17.0,9.1
1098,2023-04-18 18:08:08,38.5,45.0,17.0,9.1
1099,2023-04-18 18:08:18,38.5,45.0,17.0,9.1
1100,2023-04-18 18:08:28,38.5,45.0,17.0,9.1
1101,2023-04-18 18:08:38,38.5,45.0,17.0,9.1
1102,2023-04-18 18:08:48,38.5,45.0,17.0,9.1
1103,2023-04-18 18:08:58,38.5,45.0,17.0,9.1
1104,2023-04-18 18:09:08,38.5,45.0,17.0,9.1
1105,2023-04-18 18:09:18,38.5,45.0,17.0,9.1
1106,2023-04-18 18:09:28,38.5,45.0,17.0,9.1
1107,2023-04-18 18:09:38,38.5,45.0,17.0,9.1
1108,2023-04-18 18:09:48,38.5,45.0,17.0,9.1
1109,2023-04-18 18:09:58,38.5,45.0,17.0,9.1
1110,2023-04-18 18:10:08,38.5,45.0,17.0,9.1
1111,2023-04-18 18:10:18,38.5,45.0,17.0,9.1
1112,2023-04-18 18:10:28,38.5,45.0,17.0,9.1
1113,2023-04-18 18:10:38,38.5,45.0,17.0,9.1
1114,2023-04-18 18:10:48,38.5,45.0,17.0,9.1
1115,2023-04-18 18:10:58,38.5,45.0,17.0,9.1
1116,2023-04-18 18:11:08,38.5,45.0,17.0,9.1
1117,2023-04-18 18:11:18,38.5,45.0,17.0,9.1
1118,2023-04-18 18:11:28,38.5,45.0,17.0,9.1
1119,2023-04-18 18:11:38,38.5,45.0,17.0,9.1
1120,2023-04-18 18:11:48,38.5,45.0,17.0,9.1
1121,2023-04-18 18:11:58,38.5,45.0,17.0,9.1
1122,2023-04-18 18:12:08,38.5,45.0,17.0,9.1
1123,2023-04-18 18:12:18,38.5,45.0,17.0,9.1
1124,2023-04-18 18:12:28,38.5,45.0,17.0,9.1
1125,2023-04-18 18:12:38,38.5,45.0,17.0,9.1
1126,2023-04-18 18:12:48,38.5,45.0,17.0,9.1
1127,2023-04-18 18:12:58,38.5,45.0,17.0,9.1
1128,2023-04-18 18:13:08,38.5,45.0,17.0,9.1
1129,2023-04-18 18:13:18,38.5,45.0,17.0,9.1
1130,2023-04-18 18:13:28,38.5,45.0,17.0,9.1
1131,2023-04-18 18:13:38,38.5,45.0,17.0,9.1
1132,2023-04-18 18:13:48,38.5,45.0,17.0,9.1
1133,2023-04-18 18:13:58,38.5,45.0,17.0,9.1
1134,2023-04-18 18:14:08,38.5,45.0,17.0,9.1
1135,2023-04-18 18:14:18,38.5,45.0,17.0,9.1
1136,2023-04-18 18:14:28,38.5,45.0,17.0,9.1
1137,2023-04-18 18:14:38,38.5,45.0,17.0,9.1
1138,2023-04-18 18:14:48,38.5,45.0,17.0,9.1
1139,2023-04-18 18:14:58,38.5,45.0,17.0,9.1
1140,2023-04-18 18:15:08,38.5,45.0,17.0,9.1
1141,2023-04-18 18:15:18,38.5,45.0,17.0,9.1
1142,2023-04-18 18:15:28,38.5,45.0,17.0,9.1
1143,2023-04-18 18:15:38,38.5,45.0,17.0,9.1
1144,2023-04-18 18:15:48,38.5,45.0,17.0,9.1
1145,2023-04-18 18:15:58,38.5,45.0,17.0,9.1
1146,2023-04-18 18:16:08,38.5,45.0,17.0,9.1
1147,2023-04-18 18:16:18,38.5,45.0,17.0,9.1
1148,2023-04-18 18:16:28,38.5,45.0,17.0,9.1
1149,2023-04-18 18:16:38,38.5,45.0,17.0,9.1
1150,2023-04-18 18:16:48,38.5,45.0,17.0,9.1
1151,2023-04-18 18:16:58,38.5,45.0,17.5,9.5
1152,2023-04-18 18:17:08,38.5,45.0,17.0,9.1
1153,2023-04-18 18:17:18,38.5,45.0,17.0,9.1
1154,2023-04-18 18:17:28,38.5,45.0,17.0,9.1
1155,2023-04-18 18:17:38,38.5,45.0,17.0,9.1
1156,2023-04-18 18:17:48,38.5,45.0,17.0,9.1
1157,2023-04-18 18:17:58,38.5,45.0,17.5,9.5
1158,2023-04-18 18:18:08,38.5,45.0,17.5,9.5
1159,2023-04-18 18:18:18,38.5,45.0,17.5,9.5
1160,2023-04-18 18:18:28,38.5,45.0,17.5,9.5
1161,2023-04-18 18:18:38,38.5,45.0,17.5,9.5
1162,2023-04-18 18:18:48,38.5,45.0,17.5,9.5
1163,2023-04-18 18:18:58,38.5,45.0,24.0,14.3
1164,2023-04-18 18:19:08,38.5,45.0,22.0,13.0
1165,2023-04-18 18:19:18,38.5,45.0,21.5,12.6
1166,2023-04-18 18:19:28,38.0,45.0,20.0,11.1
1167,2023-04-18 18:19:38,38.0,45.0,20.5,11.5
1168,2023-04-18 18:19:48,38.0,45.0,18.0,9.6
