FOHC_3_04_18_23,Time,Celsius(°C),High Alarm,Humidity(%rh),Dew Point(°C),Serial Number
1,2023-04-18 15:09:36,24.5,45.0,29.0,5.3,010046121
2,2023-04-18 15:09:46,24.5,45.0,28.5,5.1
3,2023-04-18 15:09:56,25.0,45.0,28.5,5.5
4,2023-04-18 15:10:06,25.0,45.0,28.0,5.2
5,2023-04-18 15:10:16,25.0,45.0,28.0,5.2
6,2023-04-18 15:10:26,25.0,45.0,31.0,6.7
7,2023-04-18 15:10:36,25.0,45.0,28.5,5.5
8,2023-04-18 15:10:46,25.0,45.0,30.5,6.5
9,2023-04-18 15:10:56,25.0,45.0,29.5,6.0
10,2023-04-18 15:11:06,25.0,45.0,27.5,5.0
11,2023-04-18 15:11:16,25.0,45.0,29.5,6.0
12,2023-04-18 15:11:26,25.5,45.0,27.5,5.4
13,2023-04-18 15:11:36,25.5,45.0,27.5,5.4
14,2023-04-18 15:11:46,25.5,45.0,27.5,5.4
15,2023-04-18 15:11:56,25.5,45.0,27.5,5.4
16,2023-04-18 15:12:06,25.5,45.0,27.5,5.4
17,2023-04-18 15:12:16,25.5,45.0,27.0,5.1
18,2023-04-18 15:12:26,25.5,45.0,27.0,5.1
19,2023-04-18 15:12:36,25.5,45.0,27.0,5.1
20,2023-04-18 15:12:46,25.5,45.0,26.5,4.9
21,2023-04-18 15:12:56,26.0,45.0,26.5,5.3
22,2023-04-18 15:13:06,26.0,45.0,26.5,5.3
23,2023-04-18 15:13:16,26.0,45.0,26.5,5.3
24,2023-04-18 15:13:26,26.0,45.0,26.5,5.3
25,2023-04-18 15:13:36,26.0,45.0,26.5,5.3
26,2023-04-18 15:13:46,26.0,45.0,26.5,5.3
27,2023-04-18 15:13:56,26.0,45.0,26.5,5.3
28,2023-04-18 15:14:06,26.0,45.0,26.5,5.3
29,2023-04-18 15:14:16,26.0,45.0,26.5,5.3
30,2023-04-18 15:14:26,26.0,45.0,26.5,5.3
31,2023-04-18 15:14:36,26.0,45.0,26.5,5.3
32,2023-04-18 15:14:46,26.0,45.0,26.5,5.3
33,2023-04-18 15:14:56,26.0,45.0,26.5,5.3
34,2023-04-18 15:15:06,26.0,45.0,26.0,5.0
35,2023-04-18 15:15:16,26.0,45.0,26.5,5.3
36,2023-04-18 15:15:26,26.0,45.0,26.0,5.0
37,2023-04-18 15:15:36,26.0,45.0,26.0,5.0
38,2023-04-18 15:15:46,26.0,45.0,26.0,5.0
39,2023-04-18 15:15:56,26.0,45.0,26.0,5.0
40,2023-04-18 15:16:06,26.0,45.0,26.0,5.0
41,2023-04-18 15:16:16,26.0,45.0,26.0,5.0
42,2023-04-18 15:16:26,26.0,45.0,26.0,5.0
43,2023-04-18 15:16:36,26.0,45.0,26.0,5.0
44,2023-04-18 15:16:46,26.0,45.0,26.0,5.0
45,2023-04-18 15:16:56,26.0,45.0,26.0,5.0
46,2023-04-18 15:17:06,26.0,45.0,26.0,5.0
47,2023-04-18 15:17:16,26.0,45.0,26.0,5.0
48,2023-04-18 15:17:26,26.0,45.0,26.0,5.0
49,2023-04-18 15:17:36,26.0,45.0,26.0,5.0
50,2023-04-18 15:17:46,26.0,45.0,26.0,5.0
51,2023-04-18 15:17:56,26.0,45.0,26.0,5.0
52,2023-04-18 15:18:06,26.0,45.0,26.0,5.0
53,2023-04-18 15:18:16,26.0,45.0,26.0,5.0
54,2023-04-18 15:18:26,26.0,45.0,26.0,5.0
55,2023-04-18 15:18:36,26.0,45.0,26.0,5.0
56,2023-04-18 15:18:46,26.0,45.0,26.0,5.0
57,2023-04-18 15:18:56,26.0,45.0,26.0,5.0
58,2023-04-18 15:19:06,26.0,45.0,26.0,5.0
59,2023-04-18 15:19:16,26.0,45.0,26.0,5.0
60,2023-04-18 15:19:26,26.0,45.0,26.0,5.0
61,2023-04-18 15:19:36,26.0,45.0,26.0,5.0
62,2023-04-18 15:19:46,26.0,45.0,26.0,5.0
63,2023-04-18 15:19:56,26.0,45.0,26.0,5.0
64,2023-04-18 15:20:06,26.0,45.0,26.0,5.0
65,2023-04-18 15:20:16,26.0,45.0,26.0,5.0
66,2023-04-18 15:20:26,26.0,45.0,26.0,5.0
67,2023-04-18 15:20:36,26.0,45.0,26.0,5.0
68,2023-04-18 15:20:46,26.0,45.0,26.0,5.0
69,2023-04-18 15:20:56,26.0,45.0,26.0,5.0
70,2023-04-18 15:21:06,26.0,45.0,26.0,5.0
71,2023-04-18 15:21:16,26.0,45.0,26.0,5.0
72,2023-04-18 15:21:26,26.0,45.0,26.0,5.0
73,2023-04-18 15:21:36,26.0,45.0,26.0,5.0
74,2023-04-18 15:21:46,26.0,45.0,26.0,5.0
75,2023-04-18 15:21:56,26.0,45.0,26.0,5.0
76,2023-04-18 15:22:06,26.0,45.0,26.0,5.0
77,2023-04-18 15:22:16,26.0,45.0,26.0,5.0
78,2023-04-18 15:22:26,26.0,45.0,26.0,5.0
79,2023-04-18 15:22:36,26.0,45.0,26.0,5.0
80,2023-04-18 15:22:46,26.0,45.0,26.0,5.0
81,2023-04-18 15:22:56,26.0,45.0,26.0,5.0
82,2023-04-18 15:23:06,26.0,45.0,26.0,5.0
83,2023-04-18 15:23:16,26.0,45.0,26.0,5.0
84,2023-04-18 15:23:26,26.0,45.0,26.0,5.0
85,2023-04-18 15:23:36,26.0,45.0,26.0,5.0
86,2023-04-18 15:23:46,26.0,45.0,26.0,5.0
87,2023-04-18 15:23:56,26.0,45.0,26.0,5.0
88,2023-04-18 15:24:06,26.0,45.0,26.0,5.0
89,2023-04-18 15:24:16,26.0,45.0,26.0,5.0
90,2023-04-18 15:24:26,26.0,45.0,26.0,5.0
91,2023-04-18 15:24:36,26.0,45.0,26.0,5.0
92,2023-04-18 15:24:46,26.0,45.0,26.0,5.0
93,2023-04-18 15:24:56,26.0,45.0,26.0,5.0
94,2023-04-18 15:25:06,26.0,45.0,26.0,5.0
95,2023-04-18 15:25:16,26.0,45.0,26.0,5.0
96,2023-04-18 15:25:26,26.0,45.0,26.0,5.0
97,2023-04-18 15:25:36,26.0,45.0,26.0,5.0
98,2023-04-18 15:25:46,26.0,45.0,26.0,5.0
99,2023-04-18 15:25:56,26.0,45.0,26.0,5.0
100,2023-04-18 15:26:06,26.0,45.0,26.0,5.0
101,2023-04-18 15:26:16,26.0,45.0,26.0,5.0
102,2023-04-18 15:26:26,26.5,45.0,26.0,5.5
103,2023-04-18 15:26:36,26.5,45.0,26.0,5.5
104,2023-04-18 15:26:46,26.5,45.0,26.0,5.5
105,2023-04-18 15:26:56,26.5,45.0,26.0,5.5
106,2023-04-18 15:27:06,26.5,45.0,26.0,5.5
107,2023-04-18 15:27:16,26.5,45.0,26.0,5.5
108,2023-04-18 15:27:26,26.5,45.0,26.0,5.5
109,2023-04-18 15:27:36,26.5,45.0,26.0,5.5
110,2023-04-18 15:27:46,26.5,45.0,26.0,5.5
111,2023-04-18 15:27:56,26.5,45.0,26.0,5.5
112,2023-04-18 15:28:06,26.5,45.0,26.0,5.5
113,2023-04-18 15:28:16,26.5,45.0,26.0,5.5
114,2023-04-18 15:28:26,26.5,45.0,26.0,5.5
115,2023-04-18 15:28:36,26.5,45.0,26.0,5.5
116,2023-04-18 15:28:46,26.5,45.0,26.0,5.5
117,2023-04-18 15:28:56,26.5,45.0,26.0,5.5
118,2023-04-18 15:29:06,26.5,45.0,26.0,5.5
119,2023-04-18 15:29:16,26.5,45.0,26.0,5.5
120,2023-04-18 15:29:26,26.5,45.0,25.5,5.2
121,2023-04-18 15:29:36,26.5,45.0,25.5,5.2
122,2023-04-18 15:29:46,26.5,45.0,25.5,5.2
123,2023-04-18 15:29:56,26.5,45.0,25.5,5.2
124,2023-04-18 15:30:06,26.5,45.0,25.5,5.2
125,2023-04-18 15:30:16,26.5,45.0,25.5,5.2
126,2023-04-18 15:30:26,26.5,45.0,25.5,5.2
127,2023-04-18 15:30:36,26.5,45.0,25.5,5.2
128,2023-04-18 15:30:46,26.5,45.0,25.5,5.2
129,2023-04-18 15:30:56,26.5,45.0,25.5,5.2
130,2023-04-18 15:31:06,26.5,45.0,25.5,5.2
131,2023-04-18 15:31:16,26.5,45.0,25.5,5.2
132,2023-04-18 15:31:26,26.5,45.0,25.5,5.2
133,2023-04-18 15:31:36,26.5,45.0,25.5,5.2
134,2023-04-18 15:31:46,26.5,45.0,25.5,5.2
135,2023-04-18 15:31:56,26.5,45.0,25.5,5.2
136,2023-04-18 15:32:06,26.5,45.0,25.5,5.2
137,2023-04-18 15:32:16,26.5,45.0,25.5,5.2
138,2023-04-18 15:32:26,26.5,45.0,25.5,5.2
139,2023-04-18 15:32:36,26.5,45.0,25.5,5.2
140,2023-04-18 15:32:46,26.5,45.0,25.5,5.2
141,2023-04-18 15:32:56,26.5,45.0,25.5,5.2
142,2023-04-18 15:33:06,26.5,45.0,25.5,5.2
143,2023-04-18 15:33:16,26.5,45.0,25.5,5.2
144,2023-04-18 15:33:26,26.5,45.0,25.5,5.2
145,2023-04-18 15:33:36,26.5,45.0,25.5,5.2
146,2023-04-18 15:33:46,26.5,45.0,25.5,5.2
147,2023-04-18 15:33:56,26.5,45.0,25.5,5.2
148,2023-04-18 15:34:06,26.5,45.0,25.5,5.2
149,2023-04-18 15:34:16,26.5,45.0,25.5,5.2
150,2023-04-18 15:34:26,26.5,45.0,25.5,5.2
151,2023-04-18 15:34:36,26.5,45.0,25.5,5.2
152,2023-04-18 15:34:46,26.5,45.0,25.5,5.2
153,2023-04-18 15:34:56,26.5,45.0,25.5,5.2
154,2023-04-18 15:35:06,26.5,45.0,25.5,5.2
155,2023-04-18 15:35:16,26.5,45.0,25.5,5.2
156,2023-04-18 15:35:26,26.5,45.0,25.5,5.2
157,2023-04-18 15:35:36,26.5,45.0,25.5,5.2
158,2023-04-18 15:35:46,26.5,45.0,25.5,5.2
159,2023-04-18 15:35:56,26.5,45.0,25.5,5.2
160,2023-04-18 15:36:06,26.5,45.0,25.5,5.2
161,2023-04-18 15:36:16,26.5,45.0,25.5,5.2
162,2023-04-18 15:36:26,26.5,45.0,25.5,5.2
163,2023-04-18 15:36:36,26.5,45.0,25.5,5.2
164,2023-04-18 15:36:46,26.5,45.0,25.5,5.2
165,2023-04-18 15:36:56,26.5,45.0,25.5,5.2
166,2023-04-18 15:37:06,26.5,45.0,25.5,5.2
167,2023-04-18 15:37:16,26.5,45.0,25.5,5.2
168,2023-04-18 15:37:26,26.5,45.0,25.5,5.2
169,2023-04-18 15:37:36,26.5,45.0,25.5,5.2
170,2023-04-18 15:37:46,26.5,45.0,25.5,5.2
171,2023-04-18 15:37:56,26.5,45.0,25.5,5.2
172,2023-04-18 15:38:06,26.5,45.0,25.5,5.2
173,2023-04-18 15:38:16,26.5,45.0,25.5,5.2
174,2023-04-18 15:38:26,26.5,45.0,25.5,5.2
175,2023-04-18 15:38:36,26.5,45.0,25.5,5.2
176,2023-04-18 15:38:46,26.5,45.0,25.5,5.2
177,2023-04-18 15:38:56,26.5,45.0,25.5,5.2
178,2023-04-18 15:39:06,26.5,45.0,25.5,5.2
179,2023-04-18 15:39:16,26.5,45.0,25.5,5.2
180,2023-04-18 15:39:26,26.5,45.0,25.5,5.2
181,2023-04-18 15:39:36,26.5,45.0,25.5,5.2
182,2023-04-18 15:39:46,26.5,45.0,25.5,5.2
183,2023-04-18 15:39:56,26.5,45.0,25.5,5.2
184,2023-04-18 15:40:06,26.5,45.0,25.5,5.2
185,2023-04-18 15:40:16,26.5,45.0,25.5,5.2
186,2023-04-18 15:40:26,26.5,45.0,25.5,5.2
187,2023-04-18 15:40:36,26.5,45.0,25.5,5.2
188,2023-04-18 15:40:46,26.5,45.0,25.5,5.2
189,2023-04-18 15:40:56,26.5,45.0,25.5,5.2
190,2023-04-18 15:41:06,26.5,45.0,25.5,5.2
191,2023-04-18 15:41:16,26.5,45.0,25.5,5.2
192,2023-04-18 15:41:26,26.5,45.0,25.5,5.2
193,2023-04-18 15:41:36,26.5,45.0,25.5,5.2
194,2023-04-18 15:41:46,26.5,45.0,25.5,5.2
195,2023-04-18 15:41:56,26.5,45.0,25.5,5.2
196,2023-04-18 15:42:06,26.5,45.0,25.5,5.2
197,2023-04-18 15:42:16,26.5,45.0,25.5,5.2
198,2023-04-18 15:42:26,26.5,45.0,25.5,5.2
199,2023-04-18 15:42:36,26.5,45.0,25.5,5.2
200,2023-04-18 15:42:46,26.5,45.0,25.5,5.2
201,2023-04-18 15:42:56,26.5,45.0,25.5,5.2
202,2023-04-18 15:43:06,26.5,45.0,25.5,5.2
203,2023-04-18 15:43:16,26.5,45.0,25.5,5.2
204,2023-04-18 15:43:26,26.5,45.0,25.5,5.2
205,2023-04-18 15:43:36,26.5,45.0,25.5,5.2
206,2023-04-18 15:43:46,26.5,45.0,25.5,5.2
207,2023-04-18 15:43:56,26.5,45.0,25.5,5.2
208,2023-04-18 15:44:06,26.5,45.0,25.5,5.2
209,2023-04-18 15:44:16,26.5,45.0,25.5,5.2
210,2023-04-18 15:44:26,26.5,45.0,25.5,5.2
211,2023-04-18 15:44:36,26.5,45.0,25.5,5.2
212,2023-04-18 15:44:46,26.5,45.0,25.5,5.2
213,2023-04-18 15:44:56,26.5,45.0,25.5,5.2
214,2023-04-18 15:45:06,26.5,45.0,25.5,5.2
215,2023-04-18 15:45:16,26.5,45.0,25.5,5.2
216,2023-04-18 15:45:26,26.5,45.0,25.5,5.2
217,2023-04-18 15:45:36,26.5,45.0,25.5,5.2
218,2023-04-18 15:45:46,26.5,45.0,25.5,5.2
219,2023-04-18 15:45:56,26.5,45.0,25.5,5.2
220,2023-04-18 15:46:06,26.5,45.0,25.5,5.2
221,2023-04-18 15:46:16,26.5,45.0,25.5,5.2
222,2023-04-18 15:46:26,26.5,45.0,25.5,5.2
223,2023-04-18 15:46:36,26.5,45.0,25.5,5.2
224,2023-04-18 15:46:46,26.5,45.0,25.5,5.2
225,2023-04-18 15:46:56,26.5,45.0,25.5,5.2
226,2023-04-18 15:47:06,26.5,45.0,25.5,5.2
227,2023-04-18 15:47:16,26.5,45.0,25.5,5.2
228,2023-04-18 15:47:26,26.5,45.0,25.5,5.2
229,2023-04-18 15:47:36,26.5,45.0,25.5,5.2
230,2023-04-18 15:47:46,26.5,45.0,25.5,5.2
231,2023-04-18 15:47:56,26.5,45.0,25.5,5.2
232,2023-04-18 15:48:06,26.5,45.0,25.5,5.2
233,2023-04-18 15:48:16,26.5,45.0,25.5,5.2
234,2023-04-18 15:48:26,26.5,45.0,25.5,5.2
235,2023-04-18 15:48:36,26.5,45.0,25.5,5.2
236,2023-04-18 15:48:46,26.5,45.0,25.5,5.2
237,2023-04-18 15:48:56,26.5,45.0,25.5,5.2
238,2023-04-18 15:49:06,26.5,45.0,25.5,5.2
239,2023-04-18 15:49:16,26.5,45.0,25.5,5.2
240,2023-04-18 15:49:26,26.5,45.0,25.5,5.2
241,2023-04-18 15:49:36,26.5,45.0,25.5,5.2
242,2023-04-18 15:49:46,26.5,45.0,25.5,5.2
243,2023-04-18 15:49:56,26.5,45.0,25.5,5.2
244,2023-04-18 15:50:06,26.5,45.0,25.5,5.2
245,2023-04-18 15:50:16,26.5,45.0,25.5,5.2
246,2023-04-18 15:50:26,26.5,45.0,25.5,5.2
247,2023-04-18 15:50:36,26.5,45.0,25.5,5.2
248,2023-04-18 15:50:46,26.5,45.0,25.5,5.2
249,2023-04-18 15:50:56,26.5,45.0,25.5,5.2
250,2023-04-18 15:51:06,26.5,45.0,25.5,5.2
251,2023-04-18 15:51:16,26.5,45.0,25.5,5.2
252,2023-04-18 15:51:26,26.5,45.0,25.5,5.2
253,2023-04-18 15:51:36,26.5,45.0,25.5,5.2
254,2023-04-18 15:51:46,26.5,45.0,25.5,5.2
255,2023-04-18 15:51:56,26.5,45.0,25.5,5.2
256,2023-04-18 15:52:06,26.5,45.0,25.5,5.2
257,2023-04-18 15:52:16,26.5,45.0,25.5,5.2
258,2023-04-18 15:52:26,26.5,45.0,25.5,5.2
259,2023-04-18 15:52:36,26.5,45.0,25.5,5.2
260,2023-04-18 15:52:46,26.5,45.0,25.5,5.2
261,2023-04-18 15:52:56,26.5,45.0,25.5,5.2
262,2023-04-18 15:53:06,26.5,45.0,25.5,5.2
263,2023-04-18 15:53:16,26.5,45.0,25.5,5.2
264,2023-04-18 15:53:26,26.5,45.0,25.5,5.2
265,2023-04-18 15:53:36,26.5,45.0,25.5,5.2
266,2023-04-18 15:53:46,26.5,45.0,25.5,5.2
267,2023-04-18 15:53:56,26.5,45.0,25.5,5.2
268,2023-04-18 15:54:06,26.5,45.0,25.5,5.2
269,2023-04-18 15:54:16,26.5,45.0,25.5,5.2
270,2023-04-18 15:54:26,26.5,45.0,25.5,5.2
271,2023-04-18 15:54:36,26.5,45.0,25.5,5.2
272,2023-04-18 15:54:46,26.5,45.0,25.5,5.2
273,2023-04-18 15:54:56,26.5,45.0,25.5,5.2
274,2023-04-18 15:55:06,26.5,45.0,25.5,5.2
275,2023-04-18 15:55:16,26.5,45.0,25.5,5.2
276,2023-04-18 15:55:26,26.5,45.0,25.5,5.2
277,2023-04-18 15:55:36,26.5,45.0,25.5,5.2
278,2023-04-18 15:55:46,26.5,45.0,25.5,5.2
279,2023-04-18 15:55:56,26.5,45.0,25.5,5.2
280,2023-04-18 15:56:06,26.5,45.0,25.5,5.2
281,2023-04-18 15:56:16,26.5,45.0,25.5,5.2
282,2023-04-18 15:56:26,26.5,45.0,25.5,5.2
283,2023-04-18 15:56:36,26.5,45.0,25.5,5.2
284,2023-04-18 15:56:46,26.5,45.0,25.5,5.2
285,2023-04-18 15:56:56,26.5,45.0,25.5,5.2
286,2023-04-18 15:57:06,26.5,45.0,25.5,5.2
287,2023-04-18 15:57:16,26.5,45.0,25.5,5.2
288,2023-04-18 15:57:26,26.5,45.0,25.5,5.2
289,2023-04-18 15:57:36,26.5,45.0,25.5,5.2
290,2023-04-18 15:57:46,26.5,45.0,25.5,5.2
291,2023-04-18 15:57:56,26.5,45.0,25.5,5.2
292,2023-04-18 15:58:06,26.5,45.0,25.5,5.2
293,2023-04-18 15:58:16,26.5,45.0,25.5,5.2
294,2023-04-18 15:58:26,26.5,45.0,25.5,5.2
295,2023-04-18 15:58:36,26.5,45.0,25.5,5.2
296,2023-04-18 15:58:46,26.5,45.0,25.5,5.2
297,2023-04-18 15:58:56,26.5,45.0,25.5,5.2
298,2023-04-18 15:59:06,26.5,45.0,25.5,5.2
299,2023-04-18 15:59:16,26.5,45.0,25.5,5.2
300,2023-04-18 15:59:26,26.5,45.0,25.5,5.2
301,2023-04-18 15:59:36,26.5,45.0,25.5,5.2
302,2023-04-18 15:59:46,26.5,45.0,25.5,5.2
303,2023-04-18 15:59:56,26.5,45.0,25.5,5.2
304,2023-04-18 16:00:06,26.5,45.0,25.5,5.2
305,2023-04-18 16:00:16,26.5,45.0,25.5,5.2
306,2023-04-18 16:00:26,26.5,45.0,25.5,5.2
307,2023-04-18 16:00:36,26.5,45.0,25.5,5.2
308,2023-04-18 16:00:46,26.5,45.0,25.5,5.2
309,2023-04-18 16:00:56,26.5,45.0,25.5,5.2
310,2023-04-18 16:01:06,26.5,45.0,25.5,5.2
311,2023-04-18 16:01:16,26.5,45.0,25.5,5.2
312,2023-04-18 16:01:26,26.5,45.0,25.5,5.2
313,2023-04-18 16:01:36,26.5,45.0,25.5,5.2
314,2023-04-18 16:01:46,26.5,45.0,25.5,5.2
315,2023-04-18 16:01:56,26.5,45.0,25.5,5.2
316,2023-04-18 16:02:06,26.5,45.0,25.5,5.2
317,2023-04-18 16:02:16,26.5,45.0,25.5,5.2
318,2023-04-18 16:02:26,26.5,45.0,25.5,5.2
319,2023-04-18 16:02:36,26.5,45.0,25.5,5.2
320,2023-04-18 16:02:46,26.5,45.0,25.5,5.2
321,2023-04-18 16:02:56,26.5,45.0,25.5,5.2
322,2023-04-18 16:03:06,26.5,45.0,25.5,5.2
323,2023-04-18 16:03:16,26.5,45.0,25.5,5.2
324,2023-04-18 16:03:26,26.5,45.0,25.5,5.2
325,2023-04-18 16:03:36,26.5,45.0,25.5,5.2
326,2023-04-18 16:03:46,26.5,45.0,25.5,5.2
327,2023-04-18 16:03:56,26.5,45.0,25.5,5.2
328,2023-04-18 16:04:06,26.5,45.0,25.5,5.2
329,2023-04-18 16:04:16,26.5,45.0,25.5,5.2
330,2023-04-18 16:04:26,26.5,45.0,25.5,5.2
331,2023-04-18 16:04:36,26.5,45.0,25.5,5.2
332,2023-04-18 16:04:46,26.5,45.0,25.5,5.2
333,2023-04-18 16:04:56,26.5,45.0,25.5,5.2
334,2023-04-18 16:05:06,26.5,45.0,25.5,5.2
335,2023-04-18 16:05:16,26.5,45.0,25.5,5.2
336,2023-04-18 16:05:26,26.5,45.0,25.5,5.2
337,2023-04-18 16:05:36,26.5,45.0,25.5,5.2
338,2023-04-18 16:05:46,26.5,45.0,25.5,5.2
339,2023-04-18 16:05:56,26.5,45.0,25.5,5.2
340,2023-04-18 16:06:06,26.5,45.0,25.5,5.2
341,2023-04-18 16:06:16,26.5,45.0,25.5,5.2
342,2023-04-18 16:06:26,26.5,45.0,25.5,5.2
343,2023-04-18 16:06:36,26.5,45.0,25.5,5.2
344,2023-04-18 16:06:46,26.5,45.0,25.5,5.2
345,2023-04-18 16:06:56,26.5,45.0,25.5,5.2
346,2023-04-18 16:07:06,26.5,45.0,25.5,5.2
347,2023-04-18 16:07:16,26.5,45.0,25.5,5.2
348,2023-04-18 16:07:26,26.5,45.0,25.5,5.2
349,2023-04-18 16:07:36,26.5,45.0,25.5,5.2
350,2023-04-18 16:07:46,26.5,45.0,25.5,5.2
351,2023-04-18 16:07:56,26.5,45.0,25.5,5.2
352,2023-04-18 16:08:06,26.5,45.0,25.5,5.2
353,2023-04-18 16:08:16,26.5,45.0,25.5,5.2
354,2023-04-18 16:08:26,26.5,45.0,25.5,5.2
355,2023-04-18 16:08:36,26.5,45.0,25.5,5.2
356,2023-04-18 16:08:46,26.5,45.0,25.5,5.2
357,2023-04-18 16:08:56,26.5,45.0,25.5,5.2
358,2023-04-18 16:09:06,26.5,45.0,25.5,5.2
359,2023-04-18 16:09:16,26.5,45.0,25.5,5.2
360,2023-04-18 16:09:26,26.5,45.0,25.5,5.2
361,2023-04-18 16:09:36,26.5,45.0,25.5,5.2
362,2023-04-18 16:09:46,26.5,45.0,25.5,5.2
363,2023-04-18 16:09:56,26.5,45.0,25.5,5.2
364,2023-04-18 16:10:06,26.5,45.0,25.5,5.2
365,2023-04-18 16:10:16,26.5,45.0,25.5,5.2
366,2023-04-18 16:10:26,26.5,45.0,25.5,5.2
367,2023-04-18 16:10:36,26.5,45.0,25.5,5.2
368,2023-04-18 16:10:46,26.5,45.0,25.5,5.2
369,2023-04-18 16:10:56,26.5,45.0,25.5,5.2
370,2023-04-18 16:11:06,26.5,45.0,25.5,5.2
371,2023-04-18 16:11:16,26.5,45.0,25.5,5.2
372,2023-04-18 16:11:26,26.5,45.0,25.5,5.2
373,2023-04-18 16:11:36,26.5,45.0,25.5,5.2
374,2023-04-18 16:11:46,26.5,45.0,25.5,5.2
375,2023-04-18 16:11:56,26.5,45.0,25.5,5.2
376,2023-04-18 16:12:06,26.5,45.0,25.5,5.2
377,2023-04-18 16:12:16,26.5,45.0,25.5,5.2
378,2023-04-18 16:12:26,26.5,45.0,25.5,5.2
379,2023-04-18 16:12:36,26.5,45.0,25.5,5.2
380,2023-04-18 16:12:46,26.5,45.0,25.5,5.2
381,2023-04-18 16:12:56,26.5,45.0,25.5,5.2
382,2023-04-18 16:13:06,26.5,45.0,25.5,5.2
383,2023-04-18 16:13:16,26.5,45.0,25.5,5.2
384,2023-04-18 16:13:26,26.5,45.0,25.5,5.2
385,2023-04-18 16:13:36,26.5,45.0,25.5,5.2
386,2023-04-18 16:13:46,26.5,45.0,25.5,5.2
387,2023-04-18 16:13:56,26.5,45.0,25.5,5.2
388,2023-04-18 16:14:06,26.5,45.0,25.5,5.2
389,2023-04-18 16:14:16,26.5,45.0,25.5,5.2
390,2023-04-18 16:14:26,26.5,45.0,25.5,5.2
391,2023-04-18 16:14:36,26.5,45.0,25.5,5.2
392,2023-04-18 16:14:46,26.5,45.0,25.5,5.2
393,2023-04-18 16:14:56,26.5,45.0,25.5,5.2
394,2023-04-18 16:15:06,26.5,45.0,25.5,5.2
395,2023-04-18 16:15:16,26.5,45.0,25.5,5.2
396,2023-04-18 16:15:26,26.5,45.0,25.5,5.2
397,2023-04-18 16:15:36,26.5,45.0,25.5,5.2
398,2023-04-18 16:15:46,26.5,45.0,25.5,5.2
399,2023-04-18 16:15:56,27.0,45.0,25.5,5.6
400,2023-04-18 16:16:06,27.0,45.0,25.5,5.6
401,2023-04-18 16:16:16,27.0,45.0,25.5,5.6
402,2023-04-18 16:16:26,27.0,45.0,25.5,5.6
403,2023-04-18 16:16:36,27.0,45.0,25.5,5.6
404,2023-04-18 16:16:46,27.0,45.0,25.5,5.6
405,2023-04-18 16:16:56,27.0,45.0,25.5,5.6
406,2023-04-18 16:17:06,27.0,45.0,25.5,5.6
407,2023-04-18 16:17:16,27.0,45.0,25.5,5.6
408,2023-04-18 16:17:26,27.0,45.0,25.5,5.6
409,2023-04-18 16:17:36,27.0,45.0,25.5,5.6
410,2023-04-18 16:17:46,27.0,45.0,25.5,5.6
411,2023-04-18 16:17:56,27.0,45.0,25.5,5.6
412,2023-04-18 16:18:06,27.0,45.0,25.5,5.6
413,2023-04-18 16:18:16,27.0,45.0,25.5,5.6
414,2023-04-18 16:18:26,27.0,45.0,25.5,5.6
415,2023-04-18 16:18:36,27.0,45.0,25.5,5.6
416,2023-04-18 16:18:46,27.0,45.0,25.5,5.6
417,2023-04-18 16:18:56,27.0,45.0,25.5,5.6
418,2023-04-18 16:19:06,27.0,45.0,25.5,5.6
419,2023-04-18 16:19:16,27.0,45.0,25.5,5.6
420,2023-04-18 16:19:26,27.0,45.0,25.5,5.6
421,2023-04-18 16:19:36,27.0,45.0,25.5,5.6
422,2023-04-18 16:19:46,27.0,45.0,25.5,5.6
423,2023-04-18 16:19:56,27.0,45.0,25.5,5.6
424,2023-04-18 16:20:06,27.0,45.0,25.5,5.6
425,2023-04-18 16:20:16,27.0,45.0,25.5,5.6
426,2023-04-18 16:20:26,27.0,45.0,25.5,5.6
427,2023-04-18 16:20:36,27.0,45.0,25.5,5.6
428,2023-04-18 16:20:46,27.0,45.0,25.5,5.6
429,2023-04-18 16:20:56,27.0,45.0,25.5,5.6
430,2023-04-18 16:21:06,27.0,45.0,25.5,5.6
431,2023-04-18 16:21:16,27.0,45.0,25.5,5.6
432,2023-04-18 16:21:26,27.0,45.0,25.5,5.6
433,2023-04-18 16:21:36,27.0,45.0,25.5,5.6
434,2023-04-18 16:21:46,27.0,45.0,25.5,5.6
435,2023-04-18 16:21:56,27.0,45.0,25.5,5.6
436,2023-04-18 16:22:06,27.0,45.0,25.5,5.6
437,2023-04-18 16:22:16,27.0,45.0,25.5,5.6
438,2023-04-18 16:22:26,27.0,45.0,25.5,5.6
439,2023-04-18 16:22:36,27.0,45.0,25.5,5.6
440,2023-04-18 16:22:46,27.0,45.0,25.5,5.6
441,2023-04-18 16:22:56,27.0,45.0,25.5,5.6
442,2023-04-18 16:23:06,27.0,45.0,25.5,5.6
443,2023-04-18 16:23:16,27.0,45.0,25.5,5.6
444,2023-04-18 16:23:26,27.0,45.0,25.5,5.6
445,2023-04-18 16:23:36,27.0,45.0,25.5,5.6
446,2023-04-18 16:23:46,27.0,45.0,25.5,5.6
447,2023-04-18 16:23:56,27.0,45.0,25.5,5.6
448,2023-04-18 16:24:06,27.0,45.0,25.5,5.6
449,2023-04-18 16:24:16,27.0,45.0,25.5,5.6
450,2023-04-18 16:24:26,27.0,45.0,25.5,5.6
451,2023-04-18 16:24:36,27.0,45.0,25.5,5.6
452,2023-04-18 16:24:46,27.0,45.0,25.5,5.6
453,2023-04-18 16:24:56,27.0,45.0,25.5,5.6
454,2023-04-18 16:25:06,27.0,45.0,25.5,5.6
455,2023-04-18 16:25:16,27.0,45.0,25.5,5.6
456,2023-04-18 16:25:26,27.0,45.0,25.5,5.6
457,2023-04-18 16:25:36,27.0,45.0,25.5,5.6
458,2023-04-18 16:25:46,27.0,45.0,25.5,5.6
459,2023-04-18 16:25:56,27.0,45.0,25.5,5.6
460,2023-04-18 16:26:06,27.0,45.0,25.5,5.6
461,2023-04-18 16:26:16,27.0,45.0,25.5,5.6
462,2023-04-18 16:26:26,27.0,45.0,25.5,5.6
463,2023-04-18 16:26:36,27.0,45.0,25.5,5.6
464,2023-04-18 16:26:46,27.0,45.0,25.5,5.6
465,2023-04-18 16:26:56,27.0,45.0,25.5,5.6
466,2023-04-18 16:27:06,27.0,45.0,25.5,5.6
467,2023-04-18 16:27:16,27.0,45.0,25.5,5.6
468,2023-04-18 16:27:26,27.0,45.0,25.5,5.6
469,2023-04-18 16:27:36,27.0,45.0,25.5,5.6
470,2023-04-18 16:27:46,27.0,45.0,25.5,5.6
471,2023-04-18 16:27:56,27.0,45.0,25.5,5.6
472,2023-04-18 16:28:06,27.0,45.0,25.5,5.6
473,2023-04-18 16:28:16,27.0,45.0,25.5,5.6
474,2023-04-18 16:28:26,27.0,45.0,25.5,5.6
475,2023-04-18 16:28:36,27.0,45.0,25.5,5.6
476,2023-04-18 16:28:46,27.0,45.0,25.5,5.6
477,2023-04-18 16:28:56,27.0,45.0,25.5,5.6
478,2023-04-18 16:29:06,27.0,45.0,25.5,5.6
479,2023-04-18 16:29:16,27.0,45.0,25.5,5.6
480,2023-04-18 16:29:26,27.0,45.0,25.5,5.6
481,2023-04-18 16:29:36,27.0,45.0,25.5,5.6
482,2023-04-18 16:29:46,27.0,45.0,25.5,5.6
483,2023-04-18 16:29:56,27.0,45.0,25.5,5.6
484,2023-04-18 16:30:06,27.0,45.0,25.5,5.6
485,2023-04-18 16:30:16,27.0,45.0,25.5,5.6
486,2023-04-18 16:30:26,27.0,45.0,25.5,5.6
487,2023-04-18 16:30:36,27.0,45.0,25.5,5.6
488,2023-04-18 16:30:46,27.0,45.0,25.5,5.6
489,2023-04-18 16:30:56,27.0,45.0,25.5,5.6
490,2023-04-18 16:31:06,27.0,45.0,25.5,5.6
491,2023-04-18 16:31:16,27.0,45.0,25.5,5.6
492,2023-04-18 16:31:26,27.0,45.0,25.5,5.6
493,2023-04-18 16:31:36,27.0,45.0,25.5,5.6
494,2023-04-18 16:31:46,27.0,45.0,25.5,5.6
495,2023-04-18 16:31:56,27.0,45.0,25.5,5.6
496,2023-04-18 16:32:06,27.0,45.0,25.5,5.6
497,2023-04-18 16:32:16,27.0,45.0,25.5,5.6
498,2023-04-18 16:32:26,27.0,45.0,25.5,5.6
499,2023-04-18 16:32:36,27.0,45.0,25.5,5.6
500,2023-04-18 16:32:46,27.0,45.0,25.5,5.6
501,2023-04-18 16:32:56,27.0,45.0,25.5,5.6
502,2023-04-18 16:33:06,27.0,45.0,25.5,5.6
503,2023-04-18 16:33:16,27.0,45.0,25.5,5.6
504,2023-04-18 16:33:26,27.0,45.0,25.5,5.6
505,2023-04-18 16:33:36,27.0,45.0,25.5,5.6
506,2023-04-18 16:33:46,27.0,45.0,25.5,5.6
507,2023-04-18 16:33:56,27.0,45.0,25.5,5.6
508,2023-04-18 16:34:06,27.0,45.0,25.5,5.6
509,2023-04-18 16:34:16,27.0,45.0,25.5,5.6
510,2023-04-18 16:34:26,27.0,45.0,25.5,5.6
511,2023-04-18 16:34:36,27.0,45.0,25.5,5.6
512,2023-04-18 16:34:46,27.0,45.0,25.5,5.6
513,2023-04-18 16:34:56,27.0,45.0,25.5,5.6
514,2023-04-18 16:35:06,27.0,45.0,25.5,5.6
515,2023-04-18 16:35:16,27.0,45.0,25.5,5.6
516,2023-04-18 16:35:26,27.0,45.0,25.5,5.6
517,2023-04-18 16:35:36,27.0,45.0,25.5,5.6
518,2023-04-18 16:35:46,27.0,45.0,25.5,5.6
519,2023-04-18 16:35:56,27.0,45.0,25.5,5.6
520,2023-04-18 16:36:06,27.0,45.0,25.5,5.6
521,2023-04-18 16:36:16,27.0,45.0,25.5,5.6
522,2023-04-18 16:36:26,27.0,45.0,25.5,5.6
523,2023-04-18 16:36:36,27.0,45.0,25.5,5.6
524,2023-04-18 16:36:46,27.0,45.0,25.5,5.6
525,2023-04-18 16:36:56,27.0,45.0,25.5,5.6
526,2023-04-18 16:37:06,27.0,45.0,25.5,5.6
527,2023-04-18 16:37:16,27.0,45.0,25.5,5.6
528,2023-04-18 16:37:26,27.0,45.0,25.5,5.6
529,2023-04-18 16:37:36,27.0,45.0,25.5,5.6
530,2023-04-18 16:37:46,27.0,45.0,25.5,5.6
531,2023-04-18 16:37:56,27.0,45.0,25.5,5.6
532,2023-04-18 16:38:06,27.0,45.0,25.5,5.6
533,2023-04-18 16:38:16,27.0,45.0,25.5,5.6
534,2023-04-18 16:38:26,27.0,45.0,25.5,5.6
535,2023-04-18 16:38:36,27.0,45.0,25.5,5.6
536,2023-04-18 16:38:46,27.0,45.0,25.5,5.6
537,2023-04-18 16:38:56,27.0,45.0,25.5,5.6
538,2023-04-18 16:39:06,27.0,45.0,25.5,5.6
539,2023-04-18 16:39:16,27.0,45.0,25.5,5.6
540,2023-04-18 16:39:26,27.0,45.0,25.5,5.6
541,2023-04-18 16:39:36,27.0,45.0,25.5,5.6
542,2023-04-18 16:39:46,27.0,45.0,25.5,5.6
543,2023-04-18 16:39:56,27.0,45.0,25.5,5.6
544,2023-04-18 16:40:06,27.0,45.0,25.5,5.6
545,2023-04-18 16:40:16,27.0,45.0,25.5,5.6
546,2023-04-18 16:40:26,27.0,45.0,25.5,5.6
547,2023-04-18 16:40:36,27.0,45.0,25.5,5.6
548,2023-04-18 16:40:46,27.0,45.0,25.5,5.6
549,2023-04-18 16:40:56,27.0,45.0,25.5,5.6
550,2023-04-18 16:41:06,27.0,45.0,25.5,5.6
551,2023-04-18 16:41:16,27.0,45.0,25.5,5.6
552,2023-04-18 16:41:26,27.0,45.0,25.5,5.6
553,2023-04-18 16:41:36,27.0,45.0,25.5,5.6
554,2023-04-18 16:41:46,27.0,45.0,25.5,5.6
555,2023-04-18 16:41:56,27.0,45.0,25.5,5.6
556,2023-04-18 16:42:06,27.0,45.0,25.5,5.6
557,2023-04-18 16:42:16,27.0,45.0,25.5,5.6
558,2023-04-18 16:42:26,27.0,45.0,25.5,5.6
559,2023-04-18 16:42:36,27.0,45.0,25.5,5.6
560,2023-04-18 16:42:46,27.0,45.0,25.5,5.6
561,2023-04-18 16:42:56,27.0,45.0,25.5,5.6
562,2023-04-18 16:43:06,27.0,45.0,25.5,5.6
563,2023-04-18 16:43:16,27.0,45.0,25.5,5.6
564,2023-04-18 16:43:26,27.0,45.0,25.5,5.6
565,2023-04-18 16:43:36,27.0,45.0,25.5,5.6
566,2023-04-18 16:43:46,27.0,45.0,25.5,5.6
567,2023-04-18 16:43:56,27.0,45.0,25.5,5.6
568,2023-04-18 16:44:06,27.0,45.0,25.5,5.6
569,2023-04-18 16:44:16,27.0,45.0,25.5,5.6
570,2023-04-18 16:44:26,27.0,45.0,25.5,5.6
571,2023-04-18 16:44:36,27.0,45.0,25.5,5.6
572,2023-04-18 16:44:46,27.0,45.0,25.5,5.6
573,2023-04-18 16:44:56,27.0,45.0,25.5,5.6
574,2023-04-18 16:45:06,27.0,45.0,25.5,5.6
575,2023-04-18 16:45:16,27.0,45.0,25.5,5.6
576,2023-04-18 16:45:26,27.0,45.0,25.5,5.6
577,2023-04-18 16:45:36,27.0,45.0,25.5,5.6
578,2023-04-18 16:45:46,27.0,45.0,25.5,5.6
579,2023-04-18 16:45:56,27.0,45.0,25.5,5.6
580,2023-04-18 16:46:06,27.0,45.0,25.5,5.6
581,2023-04-18 16:46:16,27.0,45.0,25.5,5.6
582,2023-04-18 16:46:26,27.0,45.0,25.5,5.6
583,2023-04-18 16:46:36,27.0,45.0,25.5,5.6
584,2023-04-18 16:46:46,27.0,45.0,25.5,5.6
585,2023-04-18 16:46:56,27.0,45.0,25.5,5.6
586,2023-04-18 16:47:06,27.0,45.0,25.5,5.6
587,2023-04-18 16:47:16,27.0,45.0,25.5,5.6
588,2023-04-18 16:47:26,27.0,45.0,25.5,5.6
589,2023-04-18 16:47:36,27.0,45.0,25.5,5.6
590,2023-04-18 16:47:46,27.0,45.0,25.5,5.6
591,2023-04-18 16:47:56,27.0,45.0,25.5,5.6
592,2023-04-18 16:48:06,27.0,45.0,26.0,5.9
593,2023-04-18 16:48:16,27.0,45.0,26.0,5.9
594,2023-04-18 16:48:26,27.0,45.0,26.0,5.9
595,2023-04-18 16:48:36,27.0,45.0,26.0,5.9
596,2023-04-18 16:48:46,27.0,45.0,26.0,5.9
597,2023-04-18 16:48:56,27.0,45.0,26.0,5.9
598,2023-04-18 16:49:06,27.0,45.0,26.0,5.9
599,2023-04-18 16:49:16,27.0,45.0,26.0,5.9
600,2023-04-18 16:49:26,27.0,45.0,26.0,5.9
601,2023-04-18 16:49:36,27.0,45.0,26.0,5.9
602,2023-04-18 16:49:46,27.0,45.0,26.0,5.9
603,2023-04-18 16:49:56,27.0,45.0,26.0,5.9
604,2023-04-18 16:50:06,27.0,45.0,26.0,5.9
605,2023-04-18 16:50:16,27.0,45.0,26.0,5.9
606,2023-04-18 16:50:26,27.0,45.0,26.0,5.9
607,2023-04-18 16:50:36,27.0,45.0,26.0,5.9
608,2023-04-18 16:50:46,27.0,45.0,26.0,5.9
609,2023-04-18 16:50:56,27.0,45.0,26.0,5.9
610,2023-04-18 16:51:06,27.0,45.0,26.0,5.9
611,2023-04-18 16:51:16,27.0,45.0,26.0,5.9
612,2023-04-18 16:51:26,27.0,45.0,26.0,5.9
613,2023-04-18 16:51:36,27.0,45.0,26.0,5.9
614,2023-04-18 16:51:46,27.0,45.0,26.0,5.9
615,2023-04-18 16:51:56,27.0,45.0,26.0,5.9
616,2023-04-18 16:52:06,27.0,45.0,26.0,5.9
617,2023-04-18 16:52:16,27.0,45.0,26.0,5.9
618,2023-04-18 16:52:26,27.0,45.0,26.0,5.9
619,2023-04-18 16:52:36,27.0,45.0,26.0,5.9
620,2023-04-18 16:52:46,27.0,45.0,26.0,5.9
621,2023-04-18 16:52:56,27.0,45.0,26.0,5.9
622,2023-04-18 16:53:06,27.0,45.0,26.0,5.9
623,2023-04-18 16:53:16,27.0,45.0,26.0,5.9
624,2023-04-18 16:53:26,27.0,45.0,26.0,5.9
625,2023-04-18 16:53:36,27.0,45.0,26.0,5.9
626,2023-04-18 16:53:46,27.0,45.0,26.0,5.9
627,2023-04-18 16:53:56,27.0,45.0,26.0,5.9
628,2023-04-18 16:54:06,27.0,45.0,26.0,5.9
629,2023-04-18 16:54:16,27.0,45.0,26.0,5.9
630,2023-04-18 16:54:26,27.0,45.0,26.0,5.9
631,2023-04-18 16:54:36,27.0,45.0,26.0,5.9
632,2023-04-18 16:54:46,27.0,45.0,26.0,5.9
633,2023-04-18 16:54:56,27.0,45.0,26.0,5.9
634,2023-04-18 16:55:06,27.0,45.0,26.0,5.9
635,2023-04-18 16:55:16,27.0,45.0,26.0,5.9
636,2023-04-18 16:55:26,27.0,45.0,26.0,5.9
637,2023-04-18 16:55:36,27.0,45.0,26.0,5.9
638,2023-04-18 16:55:46,27.0,45.0,26.0,5.9
639,2023-04-18 16:55:56,27.0,45.0,26.0,5.9
640,2023-04-18 16:56:06,27.0,45.0,25.5,5.6
641,2023-04-18 16:56:16,27.0,45.0,25.5,5.6
642,2023-04-18 16:56:26,27.0,45.0,25.5,5.6
643,2023-04-18 16:56:36,27.0,45.0,25.5,5.6
644,2023-04-18 16:56:46,27.0,45.0,25.5,5.6
645,2023-04-18 16:56:56,27.0,45.0,25.5,5.6
646,2023-04-18 16:57:06,27.0,45.0,25.5,5.6
647,2023-04-18 16:57:16,27.0,45.0,25.5,5.6
648,2023-04-18 16:57:26,27.0,45.0,25.5,5.6
649,2023-04-18 16:57:36,27.0,45.0,25.5,5.6
650,2023-04-18 16:57:46,27.0,45.0,25.5,5.6
651,2023-04-18 16:57:56,27.0,45.0,25.5,5.6
652,2023-04-18 16:58:06,27.0,45.0,25.5,5.6
653,2023-04-18 16:58:16,27.0,45.0,25.5,5.6
654,2023-04-18 16:58:26,27.0,45.0,25.5,5.6
655,2023-04-18 16:58:36,27.0,45.0,25.5,5.6
656,2023-04-18 16:58:46,27.0,45.0,25.5,5.6
657,2023-04-18 16:58:56,27.0,45.0,25.5,5.6
658,2023-04-18 16:59:06,27.0,45.0,26.0,5.9
659,2023-04-18 16:59:16,27.0,45.0,26.0,5.9
660,2023-04-18 16:59:26,27.0,45.0,26.0,5.9
661,2023-04-18 16:59:36,27.0,45.0,25.5,5.6
662,2023-04-18 16:59:46,27.0,45.0,25.5,5.6
663,2023-04-18 16:59:56,27.0,45.0,25.5,5.6
664,2023-04-18 17:00:06,27.0,45.0,25.5,5.6
665,2023-04-18 17:00:16,27.0,45.0,25.5,5.6
666,2023-04-18 17:00:26,27.0,45.0,25.5,5.6
667,2023-04-18 17:00:36,27.0,45.0,25.5,5.6
668,2023-04-18 17:00:46,27.0,45.0,25.5,5.6
669,2023-04-18 17:00:56,27.0,45.0,25.5,5.6
670,2023-04-18 17:01:06,27.0,45.0,25.5,5.6
671,2023-04-18 17:01:16,27.0,45.0,25.5,5.6
672,2023-04-18 17:01:26,27.0,45.0,25.5,5.6
673,2023-04-18 17:01:36,27.0,45.0,25.5,5.6
674,2023-04-18 17:01:46,27.0,45.0,25.5,5.6
675,2023-04-18 17:01:56,27.0,45.0,25.5,5.6
676,2023-04-18 17:02:06,27.0,45.0,25.5,5.6
677,2023-04-18 17:02:16,27.0,45.0,25.5,5.6
678,2023-04-18 17:02:26,27.0,45.0,25.5,5.6
679,2023-04-18 17:02:36,27.0,45.0,25.5,5.6
680,2023-04-18 17:02:46,27.0,45.0,25.5,5.6
681,2023-04-18 17:02:56,27.0,45.0,25.5,5.6
682,2023-04-18 17:03:06,27.0,45.0,25.5,5.6
683,2023-04-18 17:03:16,27.0,45.0,25.5,5.6
684,2023-04-18 17:03:26,27.0,45.0,25.5,5.6
685,2023-04-18 17:03:36,27.0,45.0,25.5,5.6
686,2023-04-18 17:03:46,27.0,45.0,25.5,5.6
687,2023-04-18 17:03:56,27.0,45.0,25.5,5.6
688,2023-04-18 17:04:06,27.0,45.0,25.5,5.6
689,2023-04-18 17:04:16,27.0,45.0,25.5,5.6
690,2023-04-18 17:04:26,27.0,45.0,25.5,5.6
691,2023-04-18 17:04:36,27.0,45.0,25.5,5.6
692,2023-04-18 17:04:46,27.0,45.0,25.5,5.6
693,2023-04-18 17:04:56,27.0,45.0,25.5,5.6
694,2023-04-18 17:05:06,27.0,45.0,25.5,5.6
695,2023-04-18 17:05:16,27.0,45.0,25.5,5.6
696,2023-04-18 17:05:26,27.0,45.0,25.5,5.6
697,2023-04-18 17:05:36,27.0,45.0,25.5,5.6
698,2023-04-18 17:05:46,27.0,45.0,25.5,5.6
699,2023-04-18 17:05:56,27.0,45.0,25.5,5.6
700,2023-04-18 17:06:06,27.0,45.0,25.5,5.6
701,2023-04-18 17:06:16,27.0,45.0,25.5,5.6
702,2023-04-18 17:06:26,27.0,45.0,25.5,5.6
703,2023-04-18 17:06:36,27.0,45.0,25.5,5.6
704,2023-04-18 17:06:46,27.0,45.0,25.5,5.6
705,2023-04-18 17:06:56,27.0,45.0,25.5,5.6
706,2023-04-18 17:07:06,27.0,45.0,25.5,5.6
707,2023-04-18 17:07:16,27.0,45.0,25.5,5.6
708,2023-04-18 17:07:26,27.0,45.0,25.5,5.6
709,2023-04-18 17:07:36,27.0,45.0,26.0,5.9
710,2023-04-18 17:07:46,27.0,45.0,26.0,5.9
711,2023-04-18 17:07:56,27.0,45.0,26.0,5.9
712,2023-04-18 17:08:06,27.0,45.0,26.0,5.9
713,2023-04-18 17:08:16,27.0,45.0,26.0,5.9
714,2023-04-18 17:08:26,27.0,45.0,25.5,5.6
715,2023-04-18 17:08:36,27.0,45.0,25.5,5.6
716,2023-04-18 17:08:46,27.0,45.0,25.5,5.6
717,2023-04-18 17:08:56,27.0,45.0,25.5,5.6
718,2023-04-18 17:09:06,27.0,45.0,25.5,5.6
719,2023-04-18 17:09:16,27.0,45.0,25.5,5.6
720,2023-04-18 17:09:26,27.0,45.0,26.0,5.9
721,2023-04-18 17:09:36,27.0,45.0,26.0,5.9
722,2023-04-18 17:09:46,27.0,45.0,26.0,5.9
723,2023-04-18 17:09:56,27.0,45.0,26.0,5.9
724,2023-04-18 17:10:06,27.0,45.0,26.0,5.9
725,2023-04-18 17:10:16,27.0,45.0,26.0,5.9
726,2023-04-18 17:10:26,27.0,45.0,26.0,5.9
727,2023-04-18 17:10:36,27.0,45.0,26.0,5.9
728,2023-04-18 17:10:46,27.0,45.0,26.5,6.1
729,2023-04-18 17:10:56,27.0,45.0,26.5,6.1
730,2023-04-18 17:11:06,27.0,45.0,26.5,6.1
731,2023-04-18 17:11:16,27.0,45.0,26.5,6.1
732,2023-04-18 17:11:26,27.0,45.0,26.5,6.1
733,2023-04-18 17:11:36,27.0,45.0,26.5,6.1
734,2023-04-18 17:11:46,27.0,45.0,26.5,6.1
735,2023-04-18 17:11:56,27.0,45.0,26.0,5.9
736,2023-04-18 17:12:06,27.0,45.0,26.0,5.9
737,2023-04-18 17:12:16,27.0,45.0,26.0,5.9
738,2023-04-18 17:12:26,27.0,45.0,26.0,5.9
739,2023-04-18 17:12:36,27.0,45.0,26.0,5.9
740,2023-04-18 17:12:46,27.0,45.0,26.0,5.9
741,2023-04-18 17:12:56,27.0,45.0,26.0,5.9
742,2023-04-18 17:13:06,27.0,45.0,26.0,5.9
743,2023-04-18 17:13:16,27.0,45.0,26.0,5.9
744,2023-04-18 17:13:26,27.0,45.0,26.0,5.9
745,2023-04-18 17:13:36,27.0,45.0,26.0,5.9
746,2023-04-18 17:13:46,27.0,45.0,26.0,5.9
747,2023-04-18 17:13:56,27.0,45.0,26.0,5.9
748,2023-04-18 17:14:06,27.0,45.0,26.0,5.9
749,2023-04-18 17:14:16,27.0,45.0,26.0,5.9
750,2023-04-18 17:14:26,27.0,45.0,26.0,5.9
751,2023-04-18 17:14:36,27.0,45.0,26.0,5.9
752,2023-04-18 17:14:46,27.0,45.0,26.0,5.9
753,2023-04-18 17:14:56,27.0,45.0,26.0,5.9
754,2023-04-18 17:15:06,27.0,45.0,26.0,5.9
755,2023-04-18 17:15:16,27.0,45.0,26.0,5.9
756,2023-04-18 17:15:26,27.0,45.0,26.0,5.9
757,2023-04-18 17:15:36,27.0,45.0,26.0,5.9
758,2023-04-18 17:15:46,27.0,45.0,26.0,5.9
759,2023-04-18 17:15:56,27.0,45.0,26.0,5.9
760,2023-04-18 17:16:06,27.0,45.0,26.0,5.9
761,2023-04-18 17:16:16,27.0,45.0,26.0,5.9
762,2023-04-18 17:16:26,27.0,45.0,26.0,5.9
763,2023-04-18 17:16:36,27.0,45.0,26.0,5.9
764,2023-04-18 17:16:46,27.0,45.0,26.0,5.9
765,2023-04-18 17:16:56,27.0,45.0,26.0,5.9
766,2023-04-18 17:17:06,27.0,45.0,26.0,5.9
767,2023-04-18 17:17:16,27.0,45.0,26.0,5.9
768,2023-04-18 17:17:26,27.0,45.0,26.0,5.9
769,2023-04-18 17:17:36,27.0,45.0,26.0,5.9
770,2023-04-18 17:17:46,27.0,45.0,26.0,5.9
771,2023-04-18 17:17:56,27.0,45.0,26.0,5.9
772,2023-04-18 17:18:06,27.0,45.0,25.5,5.6
773,2023-04-18 17:18:16,27.0,45.0,25.5,5.6
774,2023-04-18 17:18:26,27.0,45.0,25.5,5.6
775,2023-04-18 17:18:36,27.0,45.0,25.5,5.6
776,2023-04-18 17:18:46,27.0,45.0,25.5,5.6
777,2023-04-18 17:18:56,27.0,45.0,26.0,5.9
778,2023-04-18 17:19:06,27.0,45.0,25.5,5.6
779,2023-04-18 17:19:16,27.0,45.0,25.5,5.6
780,2023-04-18 17:19:26,27.0,45.0,25.5,5.6
781,2023-04-18 17:19:36,27.0,45.0,25.5,5.6
782,2023-04-18 17:19:46,27.0,45.0,26.0,5.9
783,2023-04-18 17:19:56,27.0,45.0,26.0,5.9
784,2023-04-18 17:20:06,27.0,45.0,26.0,5.9
785,2023-04-18 17:20:16,27.0,45.0,25.5,5.6
786,2023-04-18 17:20:26,27.0,45.0,25.5,5.6
787,2023-04-18 17:20:36,27.0,45.0,26.0,5.9
788,2023-04-18 17:20:46,27.0,45.0,26.0,5.9
789,2023-04-18 17:20:56,27.0,45.0,26.0,5.9
790,2023-04-18 17:21:06,27.0,45.0,26.0,5.9
791,2023-04-18 17:21:16,27.0,45.0,26.0,5.9
792,2023-04-18 17:21:26,27.0,45.0,26.0,5.9
793,2023-04-18 17:21:36,27.0,45.0,26.0,5.9
794,2023-04-18 17:21:46,27.0,45.0,26.0,5.9
795,2023-04-18 17:21:56,27.0,45.0,26.0,5.9
796,2023-04-18 17:22:06,27.0,45.0,26.0,5.9
797,2023-04-18 17:22:16,27.0,45.0,26.0,5.9
798,2023-04-18 17:22:26,27.0,45.0,26.0,5.9
799,2023-04-18 17:22:36,27.0,45.0,26.0,5.9
800,2023-04-18 17:22:46,27.0,45.0,26.0,5.9
801,2023-04-18 17:22:56,27.0,45.0,26.0,5.9
802,2023-04-18 17:23:06,27.0,45.0,26.0,5.9
803,2023-04-18 17:23:16,27.0,45.0,26.0,5.9
804,2023-04-18 17:23:26,27.0,45.0,26.0,5.9
805,2023-04-18 17:23:36,27.0,45.0,26.0,5.9
806,2023-04-18 17:23:46,27.0,45.0,26.0,5.9
807,2023-04-18 17:23:56,27.0,45.0,26.0,5.9
808,2023-04-18 17:24:06,27.0,45.0,26.0,5.9
809,2023-04-18 17:24:16,27.0,45.0,26.0,5.9
810,2023-04-18 17:24:26,27.0,45.0,26.0,5.9
811,2023-04-18 17:24:36,27.0,45.0,26.0,5.9
812,2023-04-18 17:24:46,27.0,45.0,26.0,5.9
813,2023-04-18 17:24:56,27.0,45.0,26.0,5.9
814,2023-04-18 17:25:06,27.0,45.0,26.0,5.9
815,2023-04-18 17:25:16,27.0,45.0,26.0,5.9
816,2023-04-18 17:25:26,27.0,45.0,26.0,5.9
817,2023-04-18 17:25:36,27.0,45.0,25.5,5.6
818,2023-04-18 17:25:46,27.0,45.0,26.0,5.9
819,2023-04-18 17:25:56,27.0,45.0,26.0,5.9
820,2023-04-18 17:26:06,27.0,45.0,26.0,5.9
821,2023-04-18 17:26:16,27.0,45.0,26.0,5.9
822,2023-04-18 17:26:26,27.0,45.0,26.0,5.9
823,2023-04-18 17:26:36,27.0,45.0,26.0,5.9
824,2023-04-18 17:26:46,27.0,45.0,26.0,5.9
825,2023-04-18 17:26:56,27.0,45.0,26.0,5.9
826,2023-04-18 17:27:06,27.0,45.0,26.0,5.9
827,2023-04-18 17:27:16,27.0,45.0,26.0,5.9
828,2023-04-18 17:27:26,27.0,45.0,26.0,5.9
829,2023-04-18 17:27:36,27.0,45.0,26.0,5.9
830,2023-04-18 17:27:46,27.0,45.0,26.0,5.9
831,2023-04-18 17:27:56,27.0,45.0,26.0,5.9
832,2023-04-18 17:28:06,27.0,45.0,26.0,5.9
833,2023-04-18 17:28:16,27.0,45.0,26.0,5.9
834,2023-04-18 17:28:26,27.0,45.0,26.0,5.9
835,2023-04-18 17:28:36,27.0,45.0,26.0,5.9
836,2023-04-18 17:28:46,27.0,45.0,26.0,5.9
837,2023-04-18 17:28:56,27.0,45.0,26.0,5.9
838,2023-04-18 17:29:06,27.0,45.0,26.0,5.9
839,2023-04-18 17:29:16,27.0,45.0,26.0,5.9
840,2023-04-18 17:29:26,27.0,45.0,26.0,5.9
841,2023-04-18 17:29:36,27.0,45.0,26.0,5.9
842,2023-04-18 17:29:46,27.0,45.0,26.0,5.9
843,2023-04-18 17:29:56,27.0,45.0,26.0,5.9
844,2023-04-18 17:30:06,27.0,45.0,26.0,5.9
845,2023-04-18 17:30:16,27.0,45.0,26.0,5.9
846,2023-04-18 17:30:26,27.0,45.0,26.0,5.9
847,2023-04-18 17:30:36,27.0,45.0,26.0,5.9
848,2023-04-18 17:30:46,27.0,45.0,26.0,5.9
849,2023-04-18 17:30:56,27.0,45.0,26.0,5.9
850,2023-04-18 17:31:06,27.0,45.0,26.0,5.9
851,2023-04-18 17:31:16,27.0,45.0,26.0,5.9
852,2023-04-18 17:31:26,27.0,45.0,26.0,5.9
853,2023-04-18 17:31:36,27.0,45.0,26.0,5.9
854,2023-04-18 17:31:46,27.0,45.0,26.0,5.9
855,2023-04-18 17:31:56,27.0,45.0,26.0,5.9
856,2023-04-18 17:32:06,27.0,45.0,26.0,5.9
857,2023-04-18 17:32:16,27.0,45.0,26.0,5.9
858,2023-04-18 17:32:26,27.0,45.0,26.0,5.9
859,2023-04-18 17:32:36,27.0,45.0,26.0,5.9
860,2023-04-18 17:32:46,27.0,45.0,26.0,5.9
861,2023-04-18 17:32:56,27.0,45.0,26.0,5.9
862,2023-04-18 17:33:06,27.0,45.0,26.0,5.9
863,2023-04-18 17:33:16,27.0,45.0,26.0,5.9
864,2023-04-18 17:33:26,27.0,45.0,26.0,5.9
865,2023-04-18 17:33:36,27.0,45.0,26.0,5.9
866,2023-04-18 17:33:46,27.0,45.0,26.0,5.9
867,2023-04-18 17:33:56,27.0,45.0,26.0,5.9
868,2023-04-18 17:34:06,27.0,45.0,26.0,5.9
869,2023-04-18 17:34:16,27.0,45.0,26.0,5.9
870,2023-04-18 17:34:26,27.0,45.0,26.0,5.9
871,2023-04-18 17:34:36,27.0,45.0,26.0,5.9
872,2023-04-18 17:34:46,27.0,45.0,26.0,5.9
873,2023-04-18 17:34:56,27.0,45.0,26.0,5.9
874,2023-04-18 17:35:06,27.0,45.0,26.0,5.9
875,2023-04-18 17:35:16,27.0,45.0,26.0,5.9
876,2023-04-18 17:35:26,27.0,45.0,26.0,5.9
877,2023-04-18 17:35:36,27.0,45.0,26.0,5.9
878,2023-04-18 17:35:46,27.0,45.0,26.0,5.9
879,2023-04-18 17:35:56,27.0,45.0,26.0,5.9
880,2023-04-18 17:36:06,27.0,45.0,26.0,5.9
881,2023-04-18 17:36:16,27.0,45.0,26.0,5.9
882,2023-04-18 17:36:26,27.0,45.0,26.0,5.9
883,2023-04-18 17:36:36,27.0,45.0,26.0,5.9
884,2023-04-18 17:36:46,27.0,45.0,26.0,5.9
885,2023-04-18 17:36:56,27.0,45.0,26.0,5.9
886,2023-04-18 17:37:06,27.0,45.0,26.0,5.9
887,2023-04-18 17:37:16,27.0,45.0,26.0,5.9
888,2023-04-18 17:37:26,27.0,45.0,26.0,5.9
889,2023-04-18 17:37:36,27.0,45.0,26.0,5.9
890,2023-04-18 17:37:46,27.0,45.0,26.0,5.9
891,2023-04-18 17:37:56,27.0,45.0,26.0,5.9
892,2023-04-18 17:38:06,27.0,45.0,26.0,5.9
893,2023-04-18 17:38:16,27.0,45.0,26.0,5.9
894,2023-04-18 17:38:26,27.0,45.0,26.0,5.9
895,2023-04-18 17:38:36,27.0,45.0,26.0,5.9
896,2023-04-18 17:38:46,27.0,45.0,26.0,5.9
897,2023-04-18 17:38:56,27.0,45.0,26.0,5.9
898,2023-04-18 17:39:06,27.0,45.0,26.0,5.9
899,2023-04-18 17:39:16,27.0,45.0,26.0,5.9
900,2023-04-18 17:39:26,27.0,45.0,26.0,5.9
901,2023-04-18 17:39:36,27.0,45.0,26.0,5.9
902,2023-04-18 17:39:46,27.0,45.0,25.5,5.6
903,2023-04-18 17:39:56,27.0,45.0,26.0,5.9
904,2023-04-18 17:40:06,27.0,45.0,25.5,5.6
905,2023-04-18 17:40:16,27.0,45.0,26.0,5.9
906,2023-04-18 17:40:26,27.0,45.0,26.0,5.9
907,2023-04-18 17:40:36,27.0,45.0,25.5,5.6
908,2023-04-18 17:40:46,27.0,45.0,25.5,5.6
909,2023-04-18 17:40:56,27.0,45.0,25.5,5.6
910,2023-04-18 17:41:06,27.0,45.0,25.5,5.6
911,2023-04-18 17:41:16,27.0,45.0,25.5,5.6
912,2023-04-18 17:41:26,27.0,45.0,25.5,5.6
913,2023-04-18 17:41:36,27.0,45.0,25.5,5.6
914,2023-04-18 17:41:46,27.0,45.0,25.5,5.6
915,2023-04-18 17:41:56,27.0,45.0,25.5,5.6
916,2023-04-18 17:42:06,27.0,45.0,25.5,5.6
917,2023-04-18 17:42:16,27.0,45.0,25.5,5.6
918,2023-04-18 17:42:26,27.0,45.0,25.5,5.6
919,2023-04-18 17:42:36,27.0,45.0,25.5,5.6
920,2023-04-18 17:42:46,27.0,45.0,25.5,5.6
921,2023-04-18 17:42:56,27.5,45.0,25.5,6.0
922,2023-04-18 17:43:06,27.5,45.0,25.5,6.0
923,2023-04-18 17:43:16,27.5,45.0,25.5,6.0
924,2023-04-18 17:43:26,27.5,45.0,25.5,6.0
925,2023-04-18 17:43:36,27.5,45.0,25.5,6.0
926,2023-04-18 17:43:46,27.5,45.0,25.5,6.0
927,2023-04-18 17:43:56,27.5,45.0,25.5,6.0
928,2023-04-18 17:44:06,27.5,45.0,25.5,6.0
929,2023-04-18 17:44:16,27.5,45.0,25.5,6.0
930,2023-04-18 17:44:26,27.5,45.0,25.5,6.0
931,2023-04-18 17:44:36,27.5,45.0,25.5,6.0
932,2023-04-18 17:44:46,27.5,45.0,25.5,6.0
933,2023-04-18 17:44:56,27.5,45.0,25.5,6.0
934,2023-04-18 17:45:06,27.5,45.0,25.5,6.0
935,2023-04-18 17:45:16,27.5,45.0,25.5,6.0
936,2023-04-18 17:45:26,27.5,45.0,25.5,6.0
937,2023-04-18 17:45:36,27.5,45.0,25.5,6.0
938,2023-04-18 17:45:46,27.5,45.0,25.5,6.0
939,2023-04-18 17:45:56,27.5,45.0,25.5,6.0
940,2023-04-18 17:46:06,27.5,45.0,25.5,6.0
941,2023-04-18 17:46:16,27.5,45.0,25.5,6.0
942,2023-04-18 17:46:26,27.5,45.0,25.5,6.0
943,2023-04-18 17:46:36,27.5,45.0,25.5,6.0
944,2023-04-18 17:46:46,27.5,45.0,25.5,6.0
945,2023-04-18 17:46:56,27.5,45.0,25.5,6.0
946,2023-04-18 17:47:06,27.5,45.0,25.5,6.0
947,2023-04-18 17:47:16,27.5,45.0,25.5,6.0
948,2023-04-18 17:47:26,27.5,45.0,25.5,6.0
949,2023-04-18 17:47:36,27.5,45.0,25.5,6.0
950,2023-04-18 17:47:46,27.5,45.0,25.5,6.0
951,2023-04-18 17:47:56,27.5,45.0,25.5,6.0
952,2023-04-18 17:48:06,27.5,45.0,25.5,6.0
953,2023-04-18 17:48:16,27.5,45.0,25.5,6.0
954,2023-04-18 17:48:26,27.5,45.0,25.5,6.0
955,2023-04-18 17:48:36,27.5,45.0,25.5,6.0
956,2023-04-18 17:48:46,27.5,45.0,25.5,6.0
957,2023-04-18 17:48:56,27.5,45.0,25.5,6.0
958,2023-04-18 17:49:06,27.5,45.0,25.5,6.0
959,2023-04-18 17:49:16,27.5,45.0,25.5,6.0
960,2023-04-18 17:49:26,27.5,45.0,25.5,6.0
961,2023-04-18 17:49:36,27.5,45.0,25.5,6.0
962,2023-04-18 17:49:46,27.5,45.0,25.5,6.0
963,2023-04-18 17:49:56,27.5,45.0,25.5,6.0
964,2023-04-18 17:50:06,27.5,45.0,25.5,6.0
965,2023-04-18 17:50:16,27.5,45.0,25.5,6.0
966,2023-04-18 17:50:26,27.5,45.0,25.5,6.0
967,2023-04-18 17:50:36,27.5,45.0,25.5,6.0
968,2023-04-18 17:50:46,27.5,45.0,25.5,6.0
969,2023-04-18 17:50:56,27.5,45.0,25.5,6.0
970,2023-04-18 17:51:06,27.5,45.0,25.5,6.0
971,2023-04-18 17:51:16,27.5,45.0,25.5,6.0
972,2023-04-18 17:51:26,27.5,45.0,25.5,6.0
973,2023-04-18 17:51:36,27.5,45.0,25.5,6.0
974,2023-04-18 17:51:46,27.5,45.0,25.5,6.0
975,2023-04-18 17:51:56,27.5,45.0,25.5,6.0
976,2023-04-18 17:52:06,27.5,45.0,25.5,6.0
977,2023-04-18 17:52:16,27.5,45.0,25.5,6.0
978,2023-04-18 17:52:26,27.5,45.0,25.5,6.0
979,2023-04-18 17:52:36,27.5,45.0,25.5,6.0
980,2023-04-18 17:52:46,27.5,45.0,25.5,6.0
981,2023-04-18 17:52:56,27.5,45.0,25.5,6.0
982,2023-04-18 17:53:06,27.5,45.0,25.5,6.0
983,2023-04-18 17:53:16,27.5,45.0,25.5,6.0
984,2023-04-18 17:53:26,27.5,45.0,25.5,6.0
985,2023-04-18 17:53:36,27.5,45.0,25.5,6.0
986,2023-04-18 17:53:46,27.5,45.0,25.5,6.0
987,2023-04-18 17:53:56,27.5,45.0,25.5,6.0
988,2023-04-18 17:54:06,27.5,45.0,25.5,6.0
989,2023-04-18 17:54:16,27.5,45.0,25.5,6.0
990,2023-04-18 17:54:26,27.5,45.0,25.5,6.0
991,2023-04-18 17:54:36,27.5,45.0,25.5,6.0
992,2023-04-18 17:54:46,27.5,45.0,25.5,6.0
993,2023-04-18 17:54:56,27.5,45.0,25.5,6.0
994,2023-04-18 17:55:06,27.5,45.0,25.5,6.0
995,2023-04-18 17:55:16,27.5,45.0,25.5,6.0
996,2023-04-18 17:55:26,27.5,45.0,25.5,6.0
997,2023-04-18 17:55:36,27.5,45.0,25.5,6.0
998,2023-04-18 17:55:46,27.5,45.0,25.5,6.0
999,2023-04-18 17:55:56,27.5,45.0,25.5,6.0
1000,2023-04-18 17:56:06,27.5,45.0,25.5,6.0
1001,2023-04-18 17:56:16,27.5,45.0,25.5,6.0
1002,2023-04-18 17:56:26,27.5,45.0,25.5,6.0
1003,2023-04-18 17:56:36,27.5,45.0,25.5,6.0
1004,2023-04-18 17:56:46,27.5,45.0,25.5,6.0
1005,2023-04-18 17:56:56,27.5,45.0,25.5,6.0
1006,2023-04-18 17:57:06,27.5,45.0,25.5,6.0
1007,2023-04-18 17:57:16,27.5,45.0,25.5,6.0
1008,2023-04-18 17:57:26,27.5,45.0,25.5,6.0
1009,2023-04-18 17:57:36,27.5,45.0,25.5,6.0
1010,2023-04-18 17:57:46,27.5,45.0,25.5,6.0
1011,2023-04-18 17:57:56,27.5,45.0,25.5,6.0
1012,2023-04-18 17:58:06,27.5,45.0,25.5,6.0
1013,2023-04-18 17:58:16,27.5,45.0,25.5,6.0
1014,2023-04-18 17:58:26,27.5,45.0,25.5,6.0
1015,2023-04-18 17:58:36,27.5,45.0,25.5,6.0
1016,2023-04-18 17:58:46,27.5,45.0,25.5,6.0
1017,2023-04-18 17:58:56,27.5,45.0,25.5,6.0
1018,2023-04-18 17:59:06,27.5,45.0,25.5,6.0
1019,2023-04-18 17:59:16,27.5,45.0,25.5,6.0
1020,2023-04-18 17:59:26,27.5,45.0,25.5,6.0
1021,2023-04-18 17:59:36,27.5,45.0,25.5,6.0
1022,2023-04-18 17:59:46,27.5,45.0,25.5,6.0
1023,2023-04-18 17:59:56,27.5,45.0,25.5,6.0
1024,2023-04-18 18:00:06,27.5,45.0,25.5,6.0
1025,2023-04-18 18:00:16,27.5,45.0,25.5,6.0
1026,2023-04-18 18:00:26,27.5,45.0,25.5,6.0
1027,2023-04-18 18:00:36,27.5,45.0,25.5,6.0
1028,2023-04-18 18:00:46,27.5,45.0,25.5,6.0
1029,2023-04-18 18:00:56,27.5,45.0,25.5,6.0
1030,2023-04-18 18:01:06,27.5,45.0,25.5,6.0
1031,2023-04-18 18:01:16,27.5,45.0,25.5,6.0
1032,2023-04-18 18:01:26,27.5,45.0,25.5,6.0
1033,2023-04-18 18:01:36,27.5,45.0,25.5,6.0
1034,2023-04-18 18:01:46,27.5,45.0,25.5,6.0
1035,2023-04-18 18:01:56,27.5,45.0,25.5,6.0
1036,2023-04-18 18:02:06,27.5,45.0,25.5,6.0
1037,2023-04-18 18:02:16,27.5,45.0,25.5,6.0
1038,2023-04-18 18:02:26,27.5,45.0,25.5,6.0
1039,2023-04-18 18:02:36,27.5,45.0,25.5,6.0
1040,2023-04-18 18:02:46,27.5,45.0,25.5,6.0
1041,2023-04-18 18:02:56,27.5,45.0,25.5,6.0
1042,2023-04-18 18:03:06,27.5,45.0,25.5,6.0
1043,2023-04-18 18:03:16,27.5,45.0,25.5,6.0
1044,2023-04-18 18:03:26,27.5,45.0,25.5,6.0
1045,2023-04-18 18:03:36,27.5,45.0,25.5,6.0
1046,2023-04-18 18:03:46,27.5,45.0,25.5,6.0
1047,2023-04-18 18:03:56,27.5,45.0,25.5,6.0
1048,2023-04-18 18:04:06,27.5,45.0,25.5,6.0
1049,2023-04-18 18:04:16,27.5,45.0,25.5,6.0
1050,2023-04-18 18:04:26,27.5,45.0,25.5,6.0
1051,2023-04-18 18:04:36,27.5,45.0,25.5,6.0
1052,2023-04-18 18:04:46,27.5,45.0,25.5,6.0
1053,2023-04-18 18:04:56,27.5,45.0,25.5,6.0
1054,2023-04-18 18:05:06,27.5,45.0,25.5,6.0
1055,2023-04-18 18:05:16,27.5,45.0,25.5,6.0
1056,2023-04-18 18:05:26,27.5,45.0,25.5,6.0
1057,2023-04-18 18:05:36,27.5,45.0,26.0,6.3
1058,2023-04-18 18:05:46,27.5,45.0,26.0,6.3
1059,2023-04-18 18:05:56,27.5,45.0,26.0,6.3
1060,2023-04-18 18:06:06,27.5,45.0,26.0,6.3
1061,2023-04-18 18:06:16,27.5,45.0,26.0,6.3
1062,2023-04-18 18:06:26,27.5,45.0,26.0,6.3
1063,2023-04-18 18:06:36,27.5,45.0,26.0,6.3
1064,2023-04-18 18:06:46,27.5,45.0,26.0,6.3
1065,2023-04-18 18:06:56,27.5,45.0,26.0,6.3
1066,2023-04-18 18:07:06,27.5,45.0,26.0,6.3
1067,2023-04-18 18:07:16,27.5,45.0,26.0,6.3
1068,2023-04-18 18:07:26,27.5,45.0,26.0,6.3
1069,2023-04-18 18:07:36,27.5,45.0,26.0,6.3
1070,2023-04-18 18:07:46,27.5,45.0,26.0,6.3
1071,2023-04-18 18:07:56,27.5,45.0,26.0,6.3
1072,2023-04-18 18:08:06,27.5,45.0,26.0,6.3
1073,2023-04-18 18:08:16,27.5,45.0,26.0,6.3
1074,2023-04-18 18:08:26,27.5,45.0,26.0,6.3
1075,2023-04-18 18:08:36,27.5,45.0,26.0,6.3
1076,2023-04-18 18:08:46,27.5,45.0,26.0,6.3
1077,2023-04-18 18:08:56,27.5,45.0,26.0,6.3
1078,2023-04-18 18:09:06,27.5,45.0,26.0,6.3
1079,2023-04-18 18:09:16,27.5,45.0,26.0,6.3
1080,2023-04-18 18:09:26,27.5,45.0,26.0,6.3
1081,2023-04-18 18:09:36,27.5,45.0,26.0,6.3
1082,2023-04-18 18:09:46,27.5,45.0,26.0,6.3
1083,2023-04-18 18:09:56,27.5,45.0,26.0,6.3
1084,2023-04-18 18:10:06,27.5,45.0,26.0,6.3
1085,2023-04-18 18:10:16,27.5,45.0,26.0,6.3
1086,2023-04-18 18:10:26,27.5,45.0,26.0,6.3
1087,2023-04-18 18:10:36,27.5,45.0,26.0,6.3
1088,2023-04-18 18:10:46,27.5,45.0,26.0,6.3
1089,2023-04-18 18:10:56,27.5,45.0,26.0,6.3
1090,2023-04-18 18:11:06,27.5,45.0,26.0,6.3
1091,2023-04-18 18:11:16,27.5,45.0,26.0,6.3
1092,2023-04-18 18:11:26,27.5,45.0,26.0,6.3
1093,2023-04-18 18:11:36,27.5,45.0,26.0,6.3
1094,2023-04-18 18:11:46,27.5,45.0,26.0,6.3
1095,2023-04-18 18:11:56,27.5,45.0,26.0,6.3
1096,2023-04-18 18:12:06,27.5,45.0,26.0,6.3
1097,2023-04-18 18:12:16,27.5,45.0,26.0,6.3
1098,2023-04-18 18:12:26,27.5,45.0,26.0,6.3
1099,2023-04-18 18:12:36,27.5,45.0,26.0,6.3
1100,2023-04-18 18:12:46,27.5,45.0,26.0,6.3
1101,2023-04-18 18:12:56,27.5,45.0,26.0,6.3
1102,2023-04-18 18:13:06,27.5,45.0,26.0,6.3
1103,2023-04-18 18:13:16,27.5,45.0,26.0,6.3
1104,2023-04-18 18:13:26,27.5,45.0,26.0,6.3
1105,2023-04-18 18:13:36,27.5,45.0,26.0,6.3
1106,2023-04-18 18:13:46,27.5,45.0,26.0,6.3
1107,2023-04-18 18:13:56,27.5,45.0,26.0,6.3
1108,2023-04-18 18:14:06,27.5,45.0,26.0,6.3
1109,2023-04-18 18:14:16,27.5,45.0,26.0,6.3
1110,2023-04-18 18:14:26,27.5,45.0,26.0,6.3
1111,2023-04-18 18:14:36,27.5,45.0,26.0,6.3
1112,2023-04-18 18:14:46,27.5,45.0,26.0,6.3
1113,2023-04-18 18:14:56,27.5,45.0,26.0,6.3
1114,2023-04-18 18:15:06,27.5,45.0,26.0,6.3
1115,2023-04-18 18:15:16,27.5,45.0,26.0,6.3
1116,2023-04-18 18:15:26,27.5,45.0,26.0,6.3
1117,2023-04-18 18:15:36,27.5,45.0,26.0,6.3
1118,2023-04-18 18:15:46,27.5,45.0,26.5,6.6
1119,2023-04-18 18:15:56,27.5,45.0,30.0,8.4
