FOHC_5_04_18_23,Time,Celsius(°C),High Alarm,Humidity(%rh),Dew Point(°C),Serial Number
1,2023-04-18 15:08:27,24.5,45.0,29.5,5.6,010125374
2,2023-04-18 15:08:37,24.5,45.0,30.5,6.0
3,2023-04-18 15:08:47,24.5,45.0,32.5,7.0
4,2023-04-18 15:08:57,24.5,45.0,34.0,7.6
5,2023-04-18 15:09:07,25.0,45.0,31.0,6.7
6,2023-04-18 15:09:17,25.0,45.0,30.5,6.5
7,2023-04-18 15:09:27,25.0,45.0,30.0,6.2
8,2023-04-18 15:09:37,25.5,45.0,29.5,6.4
9,2023-04-18 15:09:47,25.5,45.0,29.5,6.4
10,2023-04-18 15:09:57,25.5,45.0,29.0,6.2
11,2023-04-18 15:10:07,26.0,45.0,29.0,6.6
12,2023-04-18 15:10:17,26.0,45.0,28.5,6.3
13,2023-04-18 15:10:27,26.0,45.0,28.5,6.3
14,2023-04-18 15:10:37,26.5,45.0,28.5,6.8
15,2023-04-18 15:10:47,26.5,45.0,28.0,6.5
16,2023-04-18 15:10:57,26.5,45.0,28.0,6.5
17,2023-04-18 15:11:07,27.0,45.0,28.0,6.9
18,2023-04-18 15:11:17,27.0,45.0,27.5,6.7
19,2023-04-18 15:11:27,27.0,45.0,27.5,6.7
20,2023-04-18 15:11:37,27.5,45.0,27.0,6.8
21,2023-04-18 15:11:47,27.5,45.0,30.5,8.6
22,2023-04-18 15:11:57,27.5,45.0,27.0,6.8
23,2023-04-18 15:12:07,27.5,45.0,27.0,6.8
24,2023-04-18 15:12:17,28.0,45.0,26.5,7.0
25,2023-04-18 15:12:27,28.0,45.0,26.5,7.0
26,2023-04-18 15:12:37,28.0,45.0,26.0,6.7
27,2023-04-18 15:12:47,28.0,45.0,26.0,6.7
28,2023-04-18 15:12:57,28.0,45.0,26.0,6.7
29,2023-04-18 15:13:07,28.0,45.0,26.0,6.7
30,2023-04-18 15:13:17,28.0,45.0,26.0,6.7
31,2023-04-18 15:13:27,28.0,45.0,26.0,6.7
32,2023-04-18 15:13:37,28.0,45.0,26.0,6.7
33,2023-04-18 15:13:47,28.0,45.0,26.0,6.7
34,2023-04-18 15:13:57,28.0,45.0,26.0,6.7
35,2023-04-18 15:14:07,28.0,45.0,26.0,6.7
36,2023-04-18 15:14:17,28.0,45.0,26.0,6.7
37,2023-04-18 15:14:27,28.0,45.0,26.0,6.7
38,2023-04-18 15:14:37,28.0,45.0,26.0,6.7
39,2023-04-18 15:14:47,28.0,45.0,26.0,6.7
40,2023-04-18 15:14:57,28.0,45.0,26.5,7.0
41,2023-04-18 15:15:07,28.0,45.0,26.5,7.0
42,2023-04-18 15:15:17,28.0,45.0,26.5,7.0
43,2023-04-18 15:15:27,28.0,45.0,26.5,7.0
44,2023-04-18 15:15:37,28.0,45.0,26.5,7.0
45,2023-04-18 15:15:47,28.0,45.0,26.5,7.0
46,2023-04-18 15:15:57,28.0,45.0,26.5,7.0
47,2023-04-18 15:16:07,28.0,45.0,26.5,7.0
48,2023-04-18 15:16:17,28.0,45.0,27.0,7.3
49,2023-04-18 15:16:27,28.0,45.0,27.0,7.3
50,2023-04-18 15:16:37,28.0,45.0,27.0,7.3
51,2023-04-18 15:16:47,28.0,45.0,27.0,7.3
52,2023-04-18 15:16:57,28.0,45.0,27.0,7.3
53,2023-04-18 15:17:07,28.0,45.0,27.0,7.3
54,2023-04-18 15:17:17,28.0,45.0,27.0,7.3
55,2023-04-18 15:17:27,28.0,45.0,27.0,7.3
56,2023-04-18 15:17:37,28.0,45.0,27.0,7.3
57,2023-04-18 15:17:47,28.0,45.0,27.0,7.3
58,2023-04-18 15:17:57,28.0,45.0,27.0,7.3
59,2023-04-18 15:18:07,28.0,45.0,27.0,7.3
60,2023-04-18 15:18:17,28.0,45.0,27.0,7.3
61,2023-04-18 15:18:27,28.0,45.0,27.0,7.3
62,2023-04-18 15:18:37,28.0,45.0,27.0,7.3
63,2023-04-18 15:18:47,28.0,45.0,26.5,7.0
64,2023-04-18 15:18:57,28.0,45.0,26.5,7.0
65,2023-04-18 15:19:07,28.0,45.0,26.5,7.0
66,2023-04-18 15:19:17,28.0,45.0,26.5,7.0
67,2023-04-18 15:19:27,28.0,45.0,26.5,7.0
68,2023-04-18 15:19:37,28.0,45.0,26.5,7.0
69,2023-04-18 15:19:47,28.0,45.0,26.5,7.0
70,2023-04-18 15:19:57,28.0,45.0,26.5,7.0
71,2023-04-18 15:20:07,28.0,45.0,26.5,7.0
72,2023-04-18 15:20:17,28.0,45.0,26.5,7.0
73,2023-04-18 15:20:27,28.0,45.0,26.5,7.0
74,2023-04-18 15:20:37,28.0,45.0,26.5,7.0
75,2023-04-18 15:20:47,28.0,45.0,26.5,7.0
76,2023-04-18 15:20:57,28.0,45.0,26.0,6.7
77,2023-04-18 15:21:07,28.0,45.0,26.0,6.7
78,2023-04-18 15:21:17,28.0,45.0,26.0,6.7
79,2023-04-18 15:21:27,28.0,45.0,26.0,6.7
80,2023-04-18 15:21:37,28.0,45.0,26.0,6.7
81,2023-04-18 15:21:47,28.0,45.0,26.0,6.7
82,2023-04-18 15:21:57,28.0,45.0,26.0,6.7
83,2023-04-18 15:22:07,28.0,45.0,26.0,6.7
84,2023-04-18 15:22:17,28.0,45.0,26.0,6.7
85,2023-04-18 15:22:27,28.0,45.0,26.0,6.7
86,2023-04-18 15:22:37,28.0,45.0,26.0,6.7
87,2023-04-18 15:22:47,28.0,45.0,26.0,6.7
88,2023-04-18 15:22:57,28.0,45.0,26.0,6.7
89,2023-04-18 15:23:07,28.0,45.0,26.0,6.7
90,2023-04-18 15:23:17,28.0,45.0,26.0,6.7
91,2023-04-18 15:23:27,28.0,45.0,26.0,6.7
92,2023-04-18 15:23:37,28.0,45.0,26.0,6.7
93,2023-04-18 15:23:47,28.0,45.0,26.0,6.7
94,2023-04-18 15:23:57,28.0,45.0,26.0,6.7
95,2023-04-18 15:24:07,28.0,45.0,26.0,6.7
96,2023-04-18 15:24:17,28.0,45.0,26.0,6.7
97,2023-04-18 15:24:27,28.0,45.0,26.0,6.7
98,2023-04-18 15:24:37,28.0,45.0,25.5,6.4
99,2023-04-18 15:24:47,28.0,45.0,25.5,6.4
100,2023-04-18 15:24:57,28.0,45.0,25.5,6.4
101,2023-04-18 15:25:07,28.0,45.0,25.5,6.4
102,2023-04-18 15:25:17,28.0,45.0,25.5,6.4
103,2023-04-18 15:25:27,28.0,45.0,25.5,6.4
104,2023-04-18 15:25:37,28.0,45.0,25.5,6.4
105,2023-04-18 15:25:47,28.5,45.0,25.5,6.9
106,2023-04-18 15:25:57,28.5,45.0,25.5,6.9
107,2023-04-18 15:26:07,28.5,45.0,25.5,6.9
108,2023-04-18 15:26:17,28.5,45.0,25.5,6.9
109,2023-04-18 15:26:27,28.5,45.0,25.5,6.9
110,2023-04-18 15:26:37,28.5,45.0,25.5,6.9
111,2023-04-18 15:26:47,28.5,45.0,25.5,6.9
112,2023-04-18 15:26:57,28.5,45.0,25.5,6.9
113,2023-04-18 15:27:07,28.5,45.0,25.5,6.9
114,2023-04-18 15:27:17,28.5,45.0,25.5,6.9
115,2023-04-18 15:27:27,28.5,45.0,25.5,6.9
116,2023-04-18 15:27:37,28.5,45.0,25.5,6.9
117,2023-04-18 15:27:47,28.5,45.0,25.5,6.9
118,2023-04-18 15:27:57,28.5,45.0,25.5,6.9
119,2023-04-18 15:28:07,28.5,45.0,25.5,6.9
120,2023-04-18 15:28:17,28.5,45.0,25.5,6.9
121,2023-04-18 15:28:27,28.5,45.0,25.5,6.9
122,2023-04-18 15:28:37,28.5,45.0,25.5,6.9
123,2023-04-18 15:28:47,28.5,45.0,25.5,6.9
124,2023-04-18 15:28:57,28.5,45.0,25.5,6.9
125,2023-04-18 15:29:07,28.5,45.0,25.5,6.9
126,2023-04-18 15:29:17,28.5,45.0,25.0,6.6
127,2023-04-18 15:29:27,28.5,45.0,25.0,6.6
128,2023-04-18 15:29:37,28.5,45.0,25.0,6.6
129,2023-04-18 15:29:47,28.5,45.0,25.0,6.6
130,2023-04-18 15:29:57,28.5,45.0,25.0,6.6
131,2023-04-18 15:30:07,28.5,45.0,25.0,6.6
132,2023-04-18 15:30:17,28.5,45.0,25.0,6.6
133,2023-04-18 15:30:27,28.5,45.0,25.0,6.6
134,2023-04-18 15:30:37,28.5,45.0,25.0,6.6
135,2023-04-18 15:30:47,28.5,45.0,25.0,6.6
136,2023-04-18 15:30:57,28.5,45.0,25.0,6.6
137,2023-04-18 15:31:07,28.5,45.0,25.0,6.6
138,2023-04-18 15:31:17,28.5,45.0,25.0,6.6
139,2023-04-18 15:31:27,28.5,45.0,25.0,6.6
140,2023-04-18 15:31:37,28.5,45.0,25.0,6.6
141,2023-04-18 15:31:47,28.5,45.0,25.0,6.6
142,2023-04-18 15:31:57,28.5,45.0,25.0,6.6
143,2023-04-18 15:32:07,28.5,45.0,25.0,6.6
144,2023-04-18 15:32:17,29.0,45.0,25.0,7.0
145,2023-04-18 15:32:27,29.0,45.0,25.0,7.0
146,2023-04-18 15:32:37,29.0,45.0,25.0,7.0
147,2023-04-18 15:32:47,29.0,45.0,25.0,7.0
148,2023-04-18 15:32:57,29.0,45.0,25.0,7.0
149,2023-04-18 15:33:07,29.0,45.0,25.0,7.0
150,2023-04-18 15:33:17,29.0,45.0,25.0,7.0
151,2023-04-18 15:33:27,29.0,45.0,25.0,7.0
152,2023-04-18 15:33:37,29.0,45.0,25.0,7.0
153,2023-04-18 15:33:47,29.0,45.0,25.0,7.0
154,2023-04-18 15:33:57,29.0,45.0,25.0,7.0
155,2023-04-18 15:34:07,29.0,45.0,25.0,7.0
156,2023-04-18 15:34:17,29.0,45.0,25.0,7.0
157,2023-04-18 15:34:27,29.0,45.0,25.0,7.0
158,2023-04-18 15:34:37,29.0,45.0,25.0,7.0
159,2023-04-18 15:34:47,29.0,45.0,25.0,7.0
160,2023-04-18 15:34:57,29.0,45.0,25.0,7.0
161,2023-04-18 15:35:07,29.0,45.0,25.0,7.0
162,2023-04-18 15:35:17,29.0,45.0,25.0,7.0
163,2023-04-18 15:35:27,29.0,45.0,24.5,6.7
164,2023-04-18 15:35:37,29.0,45.0,24.5,6.7
165,2023-04-18 15:35:47,29.0,45.0,24.5,6.7
166,2023-04-18 15:35:57,29.0,45.0,24.5,6.7
167,2023-04-18 15:36:07,29.0,45.0,24.5,6.7
168,2023-04-18 15:36:17,29.0,45.0,24.5,6.7
169,2023-04-18 15:36:27,29.0,45.0,24.5,6.7
170,2023-04-18 15:36:37,29.0,45.0,24.5,6.7
171,2023-04-18 15:36:47,29.0,45.0,24.5,6.7
172,2023-04-18 15:36:57,29.0,45.0,24.5,6.7
173,2023-04-18 15:37:07,29.5,45.0,24.5,7.1
174,2023-04-18 15:37:17,29.5,45.0,24.5,7.1
175,2023-04-18 15:37:27,29.5,45.0,24.5,7.1
176,2023-04-18 15:37:37,29.5,45.0,24.5,7.1
177,2023-04-18 15:37:47,29.5,45.0,24.5,7.1
178,2023-04-18 15:37:57,29.5,45.0,24.5,7.1
179,2023-04-18 15:38:07,29.5,45.0,24.5,7.1
180,2023-04-18 15:38:17,29.5,45.0,24.5,7.1
181,2023-04-18 15:38:27,29.5,45.0,24.5,7.1
182,2023-04-18 15:38:37,29.5,45.0,24.5,7.1
183,2023-04-18 15:38:47,29.5,45.0,24.5,7.1
184,2023-04-18 15:38:57,29.5,45.0,24.5,7.1
185,2023-04-18 15:39:07,29.5,45.0,24.5,7.1
186,2023-04-18 15:39:17,29.5,45.0,24.5,7.1
187,2023-04-18 15:39:27,29.5,45.0,24.5,7.1
188,2023-04-18 15:39:37,29.5,45.0,24.5,7.1
189,2023-04-18 15:39:47,29.5,45.0,24.5,7.1
190,2023-04-18 15:39:57,29.5,45.0,24.5,7.1
191,2023-04-18 15:40:07,29.5,45.0,24.5,7.1
192,2023-04-18 15:40:17,29.5,45.0,24.5,7.1
193,2023-04-18 15:40:27,29.5,45.0,24.0,6.8
194,2023-04-18 15:40:37,29.5,45.0,24.0,6.8
195,2023-04-18 15:40:47,29.5,45.0,24.0,6.8
196,2023-04-18 15:40:57,29.5,45.0,24.0,6.8
197,2023-04-18 15:41:07,29.5,45.0,24.0,6.8
198,2023-04-18 15:41:17,29.5,45.0,24.0,6.8
199,2023-04-18 15:41:27,29.5,45.0,24.0,6.8
200,2023-04-18 15:41:37,29.5,45.0,24.0,6.8
201,2023-04-18 15:41:47,29.5,45.0,24.0,6.8
202,2023-04-18 15:41:57,30.0,45.0,24.0,7.2
203,2023-04-18 15:42:07,30.0,45.0,24.0,7.2
204,2023-04-18 15:42:17,30.0,45.0,24.0,7.2
205,2023-04-18 15:42:27,30.0,45.0,24.0,7.2
206,2023-04-18 15:42:37,30.0,45.0,24.0,7.2
207,2023-04-18 15:42:47,30.0,45.0,24.0,7.2
208,2023-04-18 15:42:57,30.0,45.0,24.0,7.2
209,2023-04-18 15:43:07,30.0,45.0,24.0,7.2
210,2023-04-18 15:43:17,30.0,45.0,24.0,7.2
211,2023-04-18 15:43:27,30.0,45.0,24.0,7.2
212,2023-04-18 15:43:37,30.0,45.0,24.0,7.2
213,2023-04-18 15:43:47,30.0,45.0,24.0,7.2
214,2023-04-18 15:43:57,30.0,45.0,24.0,7.2
215,2023-04-18 15:44:07,30.0,45.0,24.0,7.2
216,2023-04-18 15:44:17,30.0,45.0,24.0,7.2
217,2023-04-18 15:44:27,30.0,45.0,24.0,7.2
218,2023-04-18 15:44:37,30.0,45.0,24.0,7.2
219,2023-04-18 15:44:47,30.0,45.0,24.0,7.2
220,2023-04-18 15:44:57,30.0,45.0,24.0,7.2
221,2023-04-18 15:45:07,30.0,45.0,24.0,7.2
222,2023-04-18 15:45:17,30.0,45.0,24.0,7.2
223,2023-04-18 15:45:27,30.0,45.0,24.0,7.2
224,2023-04-18 15:45:37,30.0,45.0,24.0,7.2
225,2023-04-18 15:45:47,30.0,45.0,24.0,7.2
226,2023-04-18 15:45:57,30.0,45.0,24.0,7.2
227,2023-04-18 15:46:07,30.0,45.0,24.0,7.2
228,2023-04-18 15:46:17,30.0,45.0,24.0,7.2
229,2023-04-18 15:46:27,30.0,45.0,24.0,7.2
230,2023-04-18 15:46:37,30.0,45.0,24.0,7.2
231,2023-04-18 15:46:47,30.0,45.0,24.0,7.2
232,2023-04-18 15:46:57,30.5,45.0,24.0,7.7
233,2023-04-18 15:47:07,30.5,45.0,24.0,7.7
234,2023-04-18 15:47:17,30.5,45.0,24.0,7.7
235,2023-04-18 15:47:27,30.5,45.0,24.0,7.7
236,2023-04-18 15:47:37,30.5,45.0,24.0,7.7
237,2023-04-18 15:47:47,30.5,45.0,24.0,7.7
238,2023-04-18 15:47:57,30.5,45.0,24.0,7.7
239,2023-04-18 15:48:07,30.5,45.0,24.0,7.7
240,2023-04-18 15:48:17,30.5,45.0,24.0,7.7
241,2023-04-18 15:48:27,30.5,45.0,24.0,7.7
242,2023-04-18 15:48:37,30.5,45.0,24.0,7.7
243,2023-04-18 15:48:47,30.5,45.0,24.0,7.7
244,2023-04-18 15:48:57,30.5,45.0,24.0,7.7
245,2023-04-18 15:49:07,30.5,45.0,23.5,7.3
246,2023-04-18 15:49:17,30.5,45.0,23.5,7.3
247,2023-04-18 15:49:27,30.5,45.0,23.5,7.3
248,2023-04-18 15:49:37,30.5,45.0,23.5,7.3
249,2023-04-18 15:49:47,30.5,45.0,23.5,7.3
250,2023-04-18 15:49:57,30.5,45.0,23.5,7.3
251,2023-04-18 15:50:07,30.5,45.0,23.5,7.3
252,2023-04-18 15:50:17,30.5,45.0,23.5,7.3
253,2023-04-18 15:50:27,30.5,45.0,23.5,7.3
254,2023-04-18 15:50:37,31.0,45.0,23.5,7.8
255,2023-04-18 15:50:47,31.0,45.0,23.5,7.8
256,2023-04-18 15:50:57,31.0,45.0,23.5,7.8
257,2023-04-18 15:51:07,31.0,45.0,23.5,7.8
258,2023-04-18 15:51:17,31.0,45.0,23.5,7.8
259,2023-04-18 15:51:27,31.0,45.0,23.5,7.8
260,2023-04-18 15:51:37,31.0,45.0,23.5,7.8
261,2023-04-18 15:51:47,31.0,45.0,23.5,7.8
262,2023-04-18 15:51:57,31.0,45.0,23.5,7.8
263,2023-04-18 15:52:07,31.0,45.0,23.5,7.8
264,2023-04-18 15:52:17,31.0,45.0,23.5,7.8
265,2023-04-18 15:52:27,31.0,45.0,23.5,7.8
266,2023-04-18 15:52:37,31.0,45.0,23.5,7.8
267,2023-04-18 15:52:47,31.0,45.0,23.5,7.8
268,2023-04-18 15:52:57,31.0,45.0,23.5,7.8
269,2023-04-18 15:53:07,31.0,45.0,23.0,7.5
270,2023-04-18 15:53:17,31.0,45.0,23.0,7.5
271,2023-04-18 15:53:27,31.5,45.0,23.5,8.2
272,2023-04-18 15:53:37,31.5,45.0,23.0,7.9
273,2023-04-18 15:53:47,31.5,45.0,23.0,7.9
274,2023-04-18 15:53:57,31.5,45.0,23.0,7.9
275,2023-04-18 15:54:07,31.5,45.0,23.0,7.9
276,2023-04-18 15:54:17,31.5,45.0,23.0,7.9
277,2023-04-18 15:54:27,31.5,45.0,23.0,7.9
278,2023-04-18 15:54:37,31.5,45.0,23.0,7.9
279,2023-04-18 15:54:47,31.5,45.0,23.0,7.9
280,2023-04-18 15:54:57,31.5,45.0,23.0,7.9
281,2023-04-18 15:55:07,31.5,45.0,23.0,7.9
282,2023-04-18 15:55:17,31.5,45.0,23.0,7.9
283,2023-04-18 15:55:27,31.5,45.0,23.0,7.9
284,2023-04-18 15:55:37,31.5,45.0,23.0,7.9
285,2023-04-18 15:55:47,31.5,45.0,23.0,7.9
286,2023-04-18 15:55:57,31.5,45.0,22.5,7.5
287,2023-04-18 15:56:07,32.0,45.0,23.0,8.3
288,2023-04-18 15:56:17,32.0,45.0,22.5,8.0
289,2023-04-18 15:56:27,32.0,45.0,22.5,8.0
290,2023-04-18 15:56:37,32.0,45.0,22.5,8.0
291,2023-04-18 15:56:47,32.0,45.0,22.5,8.0
292,2023-04-18 15:56:57,32.0,45.0,22.5,8.0
293,2023-04-18 15:57:07,32.0,45.0,22.5,8.0
294,2023-04-18 15:57:17,32.0,45.0,22.5,8.0
295,2023-04-18 15:57:27,32.0,45.0,22.5,8.0
296,2023-04-18 15:57:37,32.0,45.0,22.5,8.0
297,2023-04-18 15:57:47,32.0,45.0,22.5,8.0
298,2023-04-18 15:57:57,32.0,45.0,22.5,8.0
299,2023-04-18 15:58:07,32.0,45.0,22.5,8.0
300,2023-04-18 15:58:17,32.0,45.0,22.5,8.0
301,2023-04-18 15:58:27,32.0,45.0,22.5,8.0
302,2023-04-18 15:58:37,32.0,45.0,22.5,8.0
303,2023-04-18 15:58:47,32.0,45.0,22.5,8.0
304,2023-04-18 15:58:57,32.5,45.0,22.5,8.4
305,2023-04-18 15:59:07,32.5,45.0,22.5,8.4
306,2023-04-18 15:59:17,32.5,45.0,22.5,8.4
307,2023-04-18 15:59:27,32.5,45.0,22.5,8.4
308,2023-04-18 15:59:37,32.5,45.0,22.0,8.0
309,2023-04-18 15:59:47,32.5,45.0,22.0,8.0
310,2023-04-18 15:59:57,32.5,45.0,22.0,8.0
311,2023-04-18 16:00:07,32.5,45.0,22.0,8.0
312,2023-04-18 16:00:17,32.5,45.0,22.0,8.0
313,2023-04-18 16:00:27,32.5,45.0,22.0,8.0
314,2023-04-18 16:00:37,32.5,45.0,22.0,8.0
315,2023-04-18 16:00:47,32.5,45.0,22.0,8.0
316,2023-04-18 16:00:57,32.5,45.0,22.0,8.0
317,2023-04-18 16:01:07,32.5,45.0,22.0,8.0
318,2023-04-18 16:01:17,32.5,45.0,22.0,8.0
319,2023-04-18 16:01:27,32.5,45.0,22.0,8.0
320,2023-04-18 16:01:37,32.5,45.0,22.0,8.0
321,2023-04-18 16:01:47,33.0,45.0,22.0,8.5
322,2023-04-18 16:01:57,33.0,45.0,22.0,8.5
323,2023-04-18 16:02:07,33.0,45.0,22.0,8.5
324,2023-04-18 16:02:17,33.0,45.0,22.0,8.5
325,2023-04-18 16:02:27,33.0,45.0,22.0,8.5
326,2023-04-18 16:02:37,33.0,45.0,22.0,8.5
327,2023-04-18 16:02:47,33.0,45.0,22.0,8.5
328,2023-04-18 16:02:57,33.0,45.0,22.0,8.5
329,2023-04-18 16:03:07,33.0,45.0,22.0,8.5
330,2023-04-18 16:03:17,33.0,45.0,21.5,8.1
331,2023-04-18 16:03:27,33.0,45.0,21.5,8.1
332,2023-04-18 16:03:37,33.0,45.0,21.5,8.1
333,2023-04-18 16:03:47,33.0,45.0,21.5,8.1
334,2023-04-18 16:03:57,33.0,45.0,21.5,8.1
335,2023-04-18 16:04:07,33.0,45.0,21.5,8.1
336,2023-04-18 16:04:17,33.0,45.0,21.5,8.1
337,2023-04-18 16:04:27,33.0,45.0,21.5,8.1
338,2023-04-18 16:04:37,33.0,45.0,21.5,8.1
339,2023-04-18 16:04:47,33.0,45.0,21.5,8.1
340,2023-04-18 16:04:57,33.5,45.0,21.5,8.5
341,2023-04-18 16:05:07,33.5,45.0,21.5,8.5
342,2023-04-18 16:05:17,33.5,45.0,21.5,8.5
343,2023-04-18 16:05:27,33.5,45.0,21.5,8.5
344,2023-04-18 16:05:37,33.5,45.0,21.5,8.5
345,2023-04-18 16:05:47,33.5,45.0,21.5,8.5
346,2023-04-18 16:05:57,33.5,45.0,21.5,8.5
347,2023-04-18 16:06:07,33.5,45.0,21.5,8.5
348,2023-04-18 16:06:17,33.5,45.0,21.5,8.5
349,2023-04-18 16:06:27,33.5,45.0,21.5,8.5
350,2023-04-18 16:06:37,33.5,45.0,21.5,8.5
351,2023-04-18 16:06:47,33.5,45.0,21.5,8.5
352,2023-04-18 16:06:57,33.5,45.0,21.5,8.5
353,2023-04-18 16:07:07,33.5,45.0,21.5,8.5
354,2023-04-18 16:07:17,33.5,45.0,21.5,8.5
355,2023-04-18 16:07:27,33.5,45.0,21.5,8.5
356,2023-04-18 16:07:37,33.5,45.0,21.5,8.5
357,2023-04-18 16:07:47,33.5,45.0,21.5,8.5
358,2023-04-18 16:07:57,33.5,45.0,21.5,8.5
359,2023-04-18 16:08:07,33.5,45.0,21.5,8.5
360,2023-04-18 16:08:17,33.5,45.0,21.0,8.2
361,2023-04-18 16:08:27,33.5,45.0,21.0,8.2
362,2023-04-18 16:08:37,34.0,45.0,21.0,8.6
363,2023-04-18 16:08:47,34.0,45.0,21.0,8.6
364,2023-04-18 16:08:57,34.0,45.0,21.0,8.6
365,2023-04-18 16:09:07,34.0,45.0,21.0,8.6
366,2023-04-18 16:09:17,34.0,45.0,21.0,8.6
367,2023-04-18 16:09:27,34.0,45.0,21.0,8.6
368,2023-04-18 16:09:37,34.0,45.0,21.0,8.6
369,2023-04-18 16:09:47,34.0,45.0,21.0,8.6
370,2023-04-18 16:09:57,34.0,45.0,21.0,8.6
371,2023-04-18 16:10:07,34.0,45.0,21.0,8.6
372,2023-04-18 16:10:17,34.0,45.0,21.0,8.6
373,2023-04-18 16:10:27,34.0,45.0,21.0,8.6
374,2023-04-18 16:10:37,34.0,45.0,21.0,8.6
375,2023-04-18 16:10:47,34.0,45.0,21.0,8.6
376,2023-04-18 16:10:57,34.0,45.0,21.0,8.6
377,2023-04-18 16:11:07,34.0,45.0,21.0,8.6
378,2023-04-18 16:11:17,34.0,45.0,21.0,8.6
379,2023-04-18 16:11:27,34.0,45.0,21.0,8.6
380,2023-04-18 16:11:37,34.0,45.0,21.0,8.6
381,2023-04-18 16:11:47,34.0,45.0,20.5,8.2
382,2023-04-18 16:11:57,34.0,45.0,21.0,8.6
383,2023-04-18 16:12:07,34.0,45.0,21.0,8.6
384,2023-04-18 16:12:17,34.5,45.0,21.0,9.0
385,2023-04-18 16:12:27,34.5,45.0,20.5,8.6
386,2023-04-18 16:12:37,34.5,45.0,20.5,8.6
387,2023-04-18 16:12:47,34.5,45.0,20.5,8.6
388,2023-04-18 16:12:57,34.5,45.0,20.5,8.6
389,2023-04-18 16:13:07,34.5,45.0,20.5,8.6
390,2023-04-18 16:13:17,34.5,45.0,20.5,8.6
391,2023-04-18 16:13:27,34.5,45.0,20.5,8.6
392,2023-04-18 16:13:37,34.5,45.0,20.5,8.6
393,2023-04-18 16:13:47,34.5,45.0,20.5,8.6
394,2023-04-18 16:13:57,34.5,45.0,20.5,8.6
395,2023-04-18 16:14:07,34.5,45.0,20.5,8.6
396,2023-04-18 16:14:17,34.5,45.0,20.5,8.6
397,2023-04-18 16:14:27,34.5,45.0,20.5,8.6
398,2023-04-18 16:14:37,34.5,45.0,20.5,8.6
399,2023-04-18 16:14:47,34.5,45.0,20.5,8.6
400,2023-04-18 16:14:57,34.5,45.0,20.5,8.6
401,2023-04-18 16:15:07,34.5,45.0,20.5,8.6
402,2023-04-18 16:15:17,34.5,45.0,20.5,8.6
403,2023-04-18 16:15:27,34.5,45.0,20.5,8.6
404,2023-04-18 16:15:37,34.5,45.0,20.5,8.6
405,2023-04-18 16:15:47,34.5,45.0,20.5,8.6
406,2023-04-18 16:15:57,34.5,45.0,20.5,8.6
407,2023-04-18 16:16:07,34.5,45.0,20.5,8.6
408,2023-04-18 16:16:17,34.5,45.0,20.5,8.6
409,2023-04-18 16:16:27,34.5,45.0,20.5,8.6
410,2023-04-18 16:16:37,34.5,45.0,20.5,8.6
411,2023-04-18 16:16:47,34.5,45.0,20.5,8.6
412,2023-04-18 16:16:57,34.5,45.0,20.0,8.3
413,2023-04-18 16:17:07,35.0,45.0,20.5,9.1
414,2023-04-18 16:17:17,35.0,45.0,20.5,9.1
415,2023-04-18 16:17:27,35.0,45.0,20.0,8.7
416,2023-04-18 16:17:37,35.0,45.0,20.0,8.7
417,2023-04-18 16:17:47,35.0,45.0,20.0,8.7
418,2023-04-18 16:17:57,35.0,45.0,20.0,8.7
419,2023-04-18 16:18:07,35.0,45.0,20.0,8.7
420,2023-04-18 16:18:17,35.0,45.0,20.0,8.7
421,2023-04-18 16:18:27,35.0,45.0,20.0,8.7
422,2023-04-18 16:18:37,35.0,45.0,20.0,8.7
423,2023-04-18 16:18:47,35.0,45.0,20.0,8.7
424,2023-04-18 16:18:57,35.0,45.0,20.0,8.7
425,2023-04-18 16:19:07,35.0,45.0,20.0,8.7
426,2023-04-18 16:19:17,35.0,45.0,20.0,8.7
427,2023-04-18 16:19:27,35.0,45.0,20.0,8.7
428,2023-04-18 16:19:37,35.0,45.0,20.0,8.7
429,2023-04-18 16:19:47,35.0,45.0,20.0,8.7
430,2023-04-18 16:19:57,35.0,45.0,20.0,8.7
431,2023-04-18 16:20:07,35.0,45.0,20.0,8.7
432,2023-04-18 16:20:17,35.0,45.0,20.0,8.7
433,2023-04-18 16:20:27,35.0,45.0,20.0,8.7
434,2023-04-18 16:20:37,35.0,45.0,20.0,8.7
435,2023-04-18 16:20:47,35.0,45.0,20.0,8.7
436,2023-04-18 16:20:57,35.0,45.0,20.0,8.7
437,2023-04-18 16:21:07,35.0,45.0,20.0,8.7
438,2023-04-18 16:21:17,35.0,45.0,20.0,8.7
439,2023-04-18 16:21:27,35.0,45.0,20.0,8.7
440,2023-04-18 16:21:37,35.0,45.0,20.0,8.7
441,2023-04-18 16:21:47,35.0,45.0,20.0,8.7
442,2023-04-18 16:21:57,35.0,45.0,20.0,8.7
443,2023-04-18 16:22:07,35.0,45.0,20.0,8.7
444,2023-04-18 16:22:17,35.0,45.0,20.0,8.7
445,2023-04-18 16:22:27,35.0,45.0,20.0,8.7
446,2023-04-18 16:22:37,35.0,45.0,20.0,8.7
447,2023-04-18 16:22:47,35.0,45.0,19.5,8.3
448,2023-04-18 16:22:57,35.5,45.0,19.5,8.7
449,2023-04-18 16:23:07,35.5,45.0,19.5,8.7
450,2023-04-18 16:23:17,35.5,45.0,19.5,8.7
451,2023-04-18 16:23:27,35.5,45.0,19.5,8.7
452,2023-04-18 16:23:37,35.5,45.0,19.5,8.7
453,2023-04-18 16:23:47,35.5,45.0,19.5,8.7
454,2023-04-18 16:23:57,35.5,45.0,19.5,8.7
455,2023-04-18 16:24:07,35.5,45.0,19.5,8.7
456,2023-04-18 16:24:17,35.5,45.0,19.5,8.7
457,2023-04-18 16:24:27,35.5,45.0,19.5,8.7
458,2023-04-18 16:24:37,35.5,45.0,19.5,8.7
459,2023-04-18 16:24:47,35.5,45.0,19.5,8.7
460,2023-04-18 16:24:57,35.5,45.0,19.5,8.7
461,2023-04-18 16:25:07,35.5,45.0,19.5,8.7
462,2023-04-18 16:25:17,35.5,45.0,19.5,8.7
463,2023-04-18 16:25:27,35.5,45.0,19.5,8.7
464,2023-04-18 16:25:37,35.5,45.0,19.5,8.7
465,2023-04-18 16:25:47,35.5,45.0,19.5,8.7
466,2023-04-18 16:25:57,35.5,45.0,19.5,8.7
467,2023-04-18 16:26:07,35.5,45.0,19.5,8.7
468,2023-04-18 16:26:17,35.5,45.0,19.5,8.7
469,2023-04-18 16:26:27,35.5,45.0,19.5,8.7
470,2023-04-18 16:26:37,35.5,45.0,19.5,8.7
471,2023-04-18 16:26:47,35.5,45.0,19.5,8.7
472,2023-04-18 16:26:57,35.5,45.0,19.5,8.7
473,2023-04-18 16:27:07,35.5,45.0,19.5,8.7
474,2023-04-18 16:27:17,35.5,45.0,19.5,8.7
475,2023-04-18 16:27:27,35.5,45.0,19.5,8.7
476,2023-04-18 16:27:37,35.5,45.0,19.5,8.7
477,2023-04-18 16:27:47,35.5,45.0,19.5,8.7
478,2023-04-18 16:27:57,35.5,45.0,19.5,8.7
479,2023-04-18 16:28:07,35.5,45.0,19.5,8.7
480,2023-04-18 16:28:17,35.5,45.0,19.5,8.7
481,2023-04-18 16:28:27,35.5,45.0,19.5,8.7
482,2023-04-18 16:28:37,35.5,45.0,19.5,8.7
483,2023-04-18 16:28:47,35.5,45.0,19.5,8.7
484,2023-04-18 16:28:57,35.5,45.0,19.5,8.7
485,2023-04-18 16:29:07,35.5,45.0,19.5,8.7
486,2023-04-18 16:29:17,35.5,45.0,19.5,8.7
487,2023-04-18 16:29:27,35.5,45.0,19.5,8.7
488,2023-04-18 16:29:37,35.5,45.0,19.5,8.7
489,2023-04-18 16:29:47,35.5,45.0,19.5,8.7
490,2023-04-18 16:29:57,35.5,45.0,19.5,8.7
491,2023-04-18 16:30:07,35.5,45.0,19.5,8.7
492,2023-04-18 16:30:17,36.0,45.0,19.5,9.1
493,2023-04-18 16:30:27,36.0,45.0,19.5,9.1
494,2023-04-18 16:30:37,36.0,45.0,19.5,9.1
495,2023-04-18 16:30:47,36.0,45.0,19.5,9.1
496,2023-04-18 16:30:57,36.0,45.0,19.5,9.1
497,2023-04-18 16:31:07,36.0,45.0,19.5,9.1
498,2023-04-18 16:31:17,36.0,45.0,19.5,9.1
499,2023-04-18 16:31:27,36.0,45.0,19.5,9.1
500,2023-04-18 16:31:37,36.0,45.0,19.5,9.1
501,2023-04-18 16:31:47,36.0,45.0,19.5,9.1
502,2023-04-18 16:31:57,36.0,45.0,19.5,9.1
503,2023-04-18 16:32:07,36.0,45.0,19.5,9.1
504,2023-04-18 16:32:17,36.0,45.0,19.5,9.1
505,2023-04-18 16:32:27,36.0,45.0,19.5,9.1
506,2023-04-18 16:32:37,36.0,45.0,19.5,9.1
507,2023-04-18 16:32:47,36.0,45.0,19.5,9.1
508,2023-04-18 16:32:57,36.0,45.0,19.5,9.1
509,2023-04-18 16:33:07,36.0,45.0,19.5,9.1
510,2023-04-18 16:33:17,36.0,45.0,19.5,9.1
511,2023-04-18 16:33:27,36.0,45.0,19.5,9.1
512,2023-04-18 16:33:37,36.0,45.0,19.5,9.1
513,2023-04-18 16:33:47,36.0,45.0,19.5,9.1
514,2023-04-18 16:33:57,36.0,45.0,19.5,9.1
515,2023-04-18 16:34:07,36.0,45.0,19.5,9.1
516,2023-04-18 16:34:17,36.0,45.0,19.5,9.1
517,2023-04-18 16:34:27,36.0,45.0,19.5,9.1
518,2023-04-18 16:34:37,36.0,45.0,19.5,9.1
519,2023-04-18 16:34:47,36.0,45.0,19.5,9.1
520,2023-04-18 16:34:57,36.0,45.0,19.5,9.1
521,2023-04-18 16:35:07,36.0,45.0,19.5,9.1
522,2023-04-18 16:35:17,36.0,45.0,19.5,9.1
523,2023-04-18 16:35:27,36.0,45.0,19.5,9.1
524,2023-04-18 16:35:37,36.0,45.0,19.5,9.1
525,2023-04-18 16:35:47,36.0,45.0,19.5,9.1
526,2023-04-18 16:35:57,36.0,45.0,19.5,9.1
527,2023-04-18 16:36:07,36.0,45.0,19.5,9.1
528,2023-04-18 16:36:17,36.0,45.0,19.5,9.1
529,2023-04-18 16:36:27,36.0,45.0,19.5,9.1
530,2023-04-18 16:36:37,36.0,45.0,19.5,9.1
531,2023-04-18 16:36:47,36.0,45.0,19.5,9.1
532,2023-04-18 16:36:57,36.0,45.0,19.5,9.1
533,2023-04-18 16:37:07,36.0,45.0,19.5,9.1
534,2023-04-18 16:37:17,36.0,45.0,19.5,9.1
535,2023-04-18 16:37:27,36.0,45.0,19.5,9.1
536,2023-04-18 16:37:37,36.0,45.0,19.5,9.1
537,2023-04-18 16:37:47,36.0,45.0,19.5,9.1
538,2023-04-18 16:37:57,36.0,45.0,19.5,9.1
539,2023-04-18 16:38:07,36.0,45.0,19.5,9.1
540,2023-04-18 16:38:17,36.0,45.0,19.5,9.1
541,2023-04-18 16:38:27,36.0,45.0,19.5,9.1
542,2023-04-18 16:38:37,36.0,45.0,19.5,9.1
543,2023-04-18 16:38:47,36.0,45.0,19.5,9.1
544,2023-04-18 16:38:57,36.0,45.0,19.5,9.1
545,2023-04-18 16:39:07,36.0,45.0,19.5,9.1
546,2023-04-18 16:39:17,36.0,45.0,19.5,9.1
547,2023-04-18 16:39:27,36.0,45.0,19.5,9.1
548,2023-04-18 16:39:37,36.0,45.0,19.0,8.7
549,2023-04-18 16:39:47,36.0,45.0,19.5,9.1
550,2023-04-18 16:39:57,36.0,45.0,19.0,8.7
551,2023-04-18 16:40:07,36.0,45.0,19.5,9.1
552,2023-04-18 16:40:17,36.0,45.0,19.5,9.1
553,2023-04-18 16:40:27,36.0,45.0,19.5,9.1
554,2023-04-18 16:40:37,36.0,45.0,19.5,9.1
555,2023-04-18 16:40:47,36.0,45.0,19.5,9.1
556,2023-04-18 16:40:57,36.0,45.0,19.5,9.1
557,2023-04-18 16:41:07,36.0,45.0,19.0,8.7
558,2023-04-18 16:41:17,36.0,45.0,19.0,8.7
559,2023-04-18 16:41:27,36.0,45.0,19.5,9.1
560,2023-04-18 16:41:37,36.5,45.0,19.5,9.5
561,2023-04-18 16:41:47,36.5,45.0,19.5,9.5
562,2023-04-18 16:41:57,36.5,45.0,19.5,9.5
563,2023-04-18 16:42:07,36.5,45.0,19.5,9.5
564,2023-04-18 16:42:17,36.5,45.0,19.0,9.2
565,2023-04-18 16:42:27,36.5,45.0,19.0,9.2
566,2023-04-18 16:42:37,36.5,45.0,19.0,9.2
567,2023-04-18 16:42:47,36.5,45.0,19.0,9.2
568,2023-04-18 16:42:57,36.5,45.0,19.5,9.5
569,2023-04-18 16:43:07,36.5,45.0,19.5,9.5
570,2023-04-18 16:43:17,36.5,45.0,19.0,9.2
571,2023-04-18 16:43:27,36.5,45.0,19.0,9.2
572,2023-04-18 16:43:37,36.5,45.0,19.0,9.2
573,2023-04-18 16:43:47,36.5,45.0,19.0,9.2
574,2023-04-18 16:43:57,36.5,45.0,19.0,9.2
575,2023-04-18 16:44:07,36.5,45.0,19.0,9.2
576,2023-04-18 16:44:17,36.5,45.0,19.5,9.5
577,2023-04-18 16:44:27,36.5,45.0,19.0,9.2
578,2023-04-18 16:44:37,36.5,45.0,19.0,9.2
579,2023-04-18 16:44:47,36.5,45.0,19.0,9.2
580,2023-04-18 16:44:57,36.5,45.0,19.0,9.2
581,2023-04-18 16:45:07,36.5,45.0,19.0,9.2
582,2023-04-18 16:45:17,36.5,45.0,19.0,9.2
583,2023-04-18 16:45:27,36.5,45.0,19.0,9.2
584,2023-04-18 16:45:37,36.5,45.0,19.0,9.2
585,2023-04-18 16:45:47,36.5,45.0,19.0,9.2
586,2023-04-18 16:45:57,36.5,45.0,19.0,9.2
587,2023-04-18 16:46:07,36.5,45.0,19.0,9.2
588,2023-04-18 16:46:17,36.5,45.0,19.0,9.2
589,2023-04-18 16:46:27,36.5,45.0,19.0,9.2
590,2023-04-18 16:46:37,36.5,45.0,19.0,9.2
591,2023-04-18 16:46:47,36.5,45.0,19.0,9.2
592,2023-04-18 16:46:57,36.5,45.0,19.0,9.2
593,2023-04-18 16:47:07,36.5,45.0,19.0,9.2
594,2023-04-18 16:47:17,36.5,45.0,19.0,9.2
595,2023-04-18 16:47:27,36.5,45.0,19.0,9.2
596,2023-04-18 16:47:37,36.5,45.0,19.0,9.2
597,2023-04-18 16:47:47,36.5,45.0,19.0,9.2
598,2023-04-18 16:47:57,36.5,45.0,19.0,9.2
599,2023-04-18 16:48:07,36.5,45.0,19.0,9.2
600,2023-04-18 16:48:17,36.5,45.0,19.0,9.2
601,2023-04-18 16:48:27,36.5,45.0,19.0,9.2
602,2023-04-18 16:48:37,36.5,45.0,19.0,9.2
603,2023-04-18 16:48:47,36.5,45.0,19.0,9.2
604,2023-04-18 16:48:57,36.5,45.0,19.0,9.2
605,2023-04-18 16:49:07,36.5,45.0,19.0,9.2
606,2023-04-18 16:49:17,36.5,45.0,19.0,9.2
607,2023-04-18 16:49:27,36.5,45.0,19.0,9.2
608,2023-04-18 16:49:37,36.5,45.0,19.0,9.2
609,2023-04-18 16:49:47,36.5,45.0,19.0,9.2
610,2023-04-18 16:49:57,36.5,45.0,19.0,9.2
611,2023-04-18 16:50:07,36.5,45.0,19.0,9.2
612,2023-04-18 16:50:17,36.5,45.0,19.0,9.2
613,2023-04-18 16:50:27,36.5,45.0,19.0,9.2
614,2023-04-18 16:50:37,36.5,45.0,19.0,9.2
615,2023-04-18 16:50:47,36.5,45.0,19.0,9.2
616,2023-04-18 16:50:57,36.5,45.0,19.0,9.2
617,2023-04-18 16:51:07,36.5,45.0,19.0,9.2
618,2023-04-18 16:51:17,36.5,45.0,19.0,9.2
619,2023-04-18 16:51:27,36.5,45.0,19.0,9.2
620,2023-04-18 16:51:37,36.5,45.0,19.0,9.2
621,2023-04-18 16:51:47,36.5,45.0,19.0,9.2
622,2023-04-18 16:51:57,36.5,45.0,19.0,9.2
623,2023-04-18 16:52:07,36.5,45.0,19.0,9.2
624,2023-04-18 16:52:17,36.5,45.0,19.0,9.2
625,2023-04-18 16:52:27,36.5,45.0,19.0,9.2
626,2023-04-18 16:52:37,36.5,45.0,19.0,9.2
627,2023-04-18 16:52:47,36.5,45.0,19.0,9.2
628,2023-04-18 16:52:57,36.5,45.0,19.0,9.2
629,2023-04-18 16:53:07,36.5,45.0,19.0,9.2
630,2023-04-18 16:53:17,36.5,45.0,19.0,9.2
631,2023-04-18 16:53:27,36.5,45.0,19.0,9.2
632,2023-04-18 16:53:37,36.5,45.0,19.0,9.2
633,2023-04-18 16:53:47,36.5,45.0,19.0,9.2
634,2023-04-18 16:53:57,36.5,45.0,19.0,9.2
635,2023-04-18 16:54:07,36.5,45.0,19.0,9.2
636,2023-04-18 16:54:17,36.5,45.0,19.0,9.2
637,2023-04-18 16:54:27,36.5,45.0,19.0,9.2
638,2023-04-18 16:54:37,36.5,45.0,19.0,9.2
639,2023-04-18 16:54:47,36.5,45.0,19.0,9.2
640,2023-04-18 16:54:57,36.5,45.0,19.0,9.2
641,2023-04-18 16:55:07,36.5,45.0,19.0,9.2
642,2023-04-18 16:55:17,36.5,45.0,19.0,9.2
643,2023-04-18 16:55:27,36.5,45.0,19.0,9.2
644,2023-04-18 16:55:37,36.5,45.0,19.0,9.2
645,2023-04-18 16:55:47,36.5,45.0,19.0,9.2
646,2023-04-18 16:55:57,36.5,45.0,19.0,9.2
647,2023-04-18 16:56:07,36.5,45.0,19.0,9.2
648,2023-04-18 16:56:17,36.5,45.0,19.0,9.2
649,2023-04-18 16:56:27,36.5,45.0,19.0,9.2
650,2023-04-18 16:56:37,36.5,45.0,19.0,9.2
651,2023-04-18 16:56:47,36.5,45.0,19.0,9.2
652,2023-04-18 16:56:57,36.5,45.0,19.0,9.2
653,2023-04-18 16:57:07,36.5,45.0,19.0,9.2
654,2023-04-18 16:57:17,36.5,45.0,19.0,9.2
655,2023-04-18 16:57:27,36.5,45.0,19.0,9.2
656,2023-04-18 16:57:37,36.5,45.0,19.0,9.2
657,2023-04-18 16:57:47,36.5,45.0,19.0,9.2
658,2023-04-18 16:57:57,36.5,45.0,19.0,9.2
659,2023-04-18 16:58:07,36.5,45.0,19.0,9.2
660,2023-04-18 16:58:17,36.5,45.0,19.0,9.2
661,2023-04-18 16:58:27,36.5,45.0,19.0,9.2
662,2023-04-18 16:58:37,36.5,45.0,19.0,9.2
663,2023-04-18 16:58:47,36.5,45.0,19.0,9.2
664,2023-04-18 16:58:57,36.5,45.0,19.0,9.2
665,2023-04-18 16:59:07,36.5,45.0,19.0,9.2
666,2023-04-18 16:59:17,36.5,45.0,19.0,9.2
667,2023-04-18 16:59:27,36.5,45.0,19.0,9.2
668,2023-04-18 16:59:37,36.5,45.0,19.0,9.2
669,2023-04-18 16:59:47,36.5,45.0,19.0,9.2
670,2023-04-18 16:59:57,36.5,45.0,19.0,9.2
671,2023-04-18 17:00:07,36.5,45.0,19.0,9.2
672,2023-04-18 17:00:17,36.5,45.0,19.0,9.2
673,2023-04-18 17:00:27,36.5,45.0,19.0,9.2
674,2023-04-18 17:00:37,36.5,45.0,19.0,9.2
675,2023-04-18 17:00:47,36.5,45.0,19.0,9.2
676,2023-04-18 17:00:57,36.5,45.0,19.0,9.2
677,2023-04-18 17:01:07,36.5,45.0,19.0,9.2
678,2023-04-18 17:01:17,36.5,45.0,19.0,9.2
679,2023-04-18 17:01:27,36.5,45.0,19.0,9.2
680,2023-04-18 17:01:37,36.5,45.0,19.0,9.2
681,2023-04-18 17:01:47,36.5,45.0,19.0,9.2
682,2023-04-18 17:01:57,36.5,45.0,19.0,9.2
683,2023-04-18 17:02:07,36.5,45.0,19.0,9.2
684,2023-04-18 17:02:17,36.5,45.0,19.0,9.2
685,2023-04-18 17:02:27,36.5,45.0,19.0,9.2
686,2023-04-18 17:02:37,36.5,45.0,19.0,9.2
687,2023-04-18 17:02:47,36.5,45.0,19.0,9.2
688,2023-04-18 17:02:57,36.5,45.0,19.0,9.2
689,2023-04-18 17:03:07,36.5,45.0,19.0,9.2
690,2023-04-18 17:03:17,36.5,45.0,19.0,9.2
691,2023-04-18 17:03:27,37.0,45.0,19.0,9.6
692,2023-04-18 17:03:37,37.0,45.0,19.0,9.6
693,2023-04-18 17:03:47,37.0,45.0,19.0,9.6
694,2023-04-18 17:03:57,37.0,45.0,19.0,9.6
695,2023-04-18 17:04:07,37.0,45.0,19.0,9.6
696,2023-04-18 17:04:17,37.0,45.0,19.0,9.6
697,2023-04-18 17:04:27,37.0,45.0,19.0,9.6
698,2023-04-18 17:04:37,37.0,45.0,19.0,9.6
699,2023-04-18 17:04:47,37.0,45.0,19.0,9.6
700,2023-04-18 17:04:57,37.0,45.0,19.0,9.6
701,2023-04-18 17:05:07,37.0,45.0,19.0,9.6
702,2023-04-18 17:05:17,37.0,45.0,19.0,9.6
703,2023-04-18 17:05:27,37.0,45.0,19.0,9.6
704,2023-04-18 17:05:37,37.0,45.0,19.0,9.6
705,2023-04-18 17:05:47,37.0,45.0,19.0,9.6
706,2023-04-18 17:05:57,37.0,45.0,19.0,9.6
707,2023-04-18 17:06:07,37.0,45.0,19.0,9.6
708,2023-04-18 17:06:17,37.0,45.0,19.0,9.6
709,2023-04-18 17:06:27,37.0,45.0,19.0,9.6
710,2023-04-18 17:06:37,37.0,45.0,19.0,9.6
711,2023-04-18 17:06:47,37.0,45.0,19.0,9.6
712,2023-04-18 17:06:57,37.0,45.0,19.0,9.6
713,2023-04-18 17:07:07,37.0,45.0,19.0,9.6
714,2023-04-18 17:07:17,37.0,45.0,19.0,9.6
715,2023-04-18 17:07:27,37.0,45.0,19.0,9.6
716,2023-04-18 17:07:37,37.0,45.0,19.0,9.6
717,2023-04-18 17:07:47,37.0,45.0,19.0,9.6
718,2023-04-18 17:07:57,37.0,45.0,19.0,9.6
719,2023-04-18 17:08:07,37.0,45.0,19.0,9.6
720,2023-04-18 17:08:17,37.0,45.0,19.0,9.6
721,2023-04-18 17:08:27,37.0,45.0,19.0,9.6
722,2023-04-18 17:08:37,37.0,45.0,19.0,9.6
723,2023-04-18 17:08:47,37.0,45.0,19.0,9.6
724,2023-04-18 17:08:57,37.0,45.0,19.0,9.6
725,2023-04-18 17:09:07,37.0,45.0,19.0,9.6
726,2023-04-18 17:09:17,37.0,45.0,19.0,9.6
727,2023-04-18 17:09:27,37.0,45.0,19.0,9.6
728,2023-04-18 17:09:37,37.0,45.0,19.0,9.6
729,2023-04-18 17:09:47,37.0,45.0,19.0,9.6
730,2023-04-18 17:09:57,37.0,45.0,19.0,9.6
731,2023-04-18 17:10:07,37.0,45.0,19.0,9.6
732,2023-04-18 17:10:17,37.0,45.0,19.0,9.6
733,2023-04-18 17:10:27,37.0,45.0,19.0,9.6
734,2023-04-18 17:10:37,37.0,45.0,19.0,9.6
735,2023-04-18 17:10:47,37.0,45.0,19.0,9.6
736,2023-04-18 17:10:57,37.0,45.0,19.0,9.6
737,2023-04-18 17:11:07,37.0,45.0,19.0,9.6
738,2023-04-18 17:11:17,37.0,45.0,19.0,9.6
739,2023-04-18 17:11:27,37.0,45.0,19.0,9.6
740,2023-04-18 17:11:37,37.0,45.0,19.0,9.6
741,2023-04-18 17:11:47,37.0,45.0,19.0,9.6
742,2023-04-18 17:11:57,37.0,45.0,19.0,9.6
743,2023-04-18 17:12:07,37.0,45.0,19.0,9.6
744,2023-04-18 17:12:17,37.0,45.0,19.0,9.6
745,2023-04-18 17:12:27,37.0,45.0,19.0,9.6
746,2023-04-18 17:12:37,37.0,45.0,19.0,9.6
747,2023-04-18 17:12:47,37.0,45.0,19.0,9.6
748,2023-04-18 17:12:57,37.0,45.0,19.0,9.6
749,2023-04-18 17:13:07,37.0,45.0,19.0,9.6
750,2023-04-18 17:13:17,37.0,45.0,19.0,9.6
751,2023-04-18 17:13:27,37.0,45.0,19.0,9.6
752,2023-04-18 17:13:37,37.0,45.0,19.0,9.6
753,2023-04-18 17:13:47,37.0,45.0,19.0,9.6
754,2023-04-18 17:13:57,37.0,45.0,19.0,9.6
755,2023-04-18 17:14:07,37.0,45.0,19.0,9.6
756,2023-04-18 17:14:17,37.0,45.0,19.0,9.6
757,2023-04-18 17:14:27,37.0,45.0,19.0,9.6
758,2023-04-18 17:14:37,37.0,45.0,19.0,9.6
759,2023-04-18 17:14:47,37.0,45.0,19.0,9.6
760,2023-04-18 17:14:57,37.0,45.0,19.0,9.6
761,2023-04-18 17:15:07,37.0,45.0,19.0,9.6
762,2023-04-18 17:15:17,37.0,45.0,19.0,9.6
763,2023-04-18 17:15:27,37.0,45.0,19.0,9.6
764,2023-04-18 17:15:37,37.0,45.0,19.0,9.6
765,2023-04-18 17:15:47,37.0,45.0,19.0,9.6
766,2023-04-18 17:15:57,37.0,45.0,19.0,9.6
767,2023-04-18 17:16:07,37.0,45.0,19.0,9.6
768,2023-04-18 17:16:17,37.0,45.0,19.0,9.6
769,2023-04-18 17:16:27,37.0,45.0,19.0,9.6
770,2023-04-18 17:16:37,37.0,45.0,19.0,9.6
771,2023-04-18 17:16:47,37.0,45.0,19.0,9.6
772,2023-04-18 17:16:57,37.0,45.0,19.0,9.6
773,2023-04-18 17:17:07,37.0,45.0,19.0,9.6
774,2023-04-18 17:17:17,37.0,45.0,19.0,9.6
775,2023-04-18 17:17:27,37.0,45.0,19.0,9.6
776,2023-04-18 17:17:37,37.0,45.0,19.0,9.6
777,2023-04-18 17:17:47,37.0,45.0,19.0,9.6
778,2023-04-18 17:17:57,37.0,45.0,19.0,9.6
779,2023-04-18 17:18:07,37.0,45.0,19.0,9.6
780,2023-04-18 17:18:17,37.0,45.0,19.0,9.6
781,2023-04-18 17:18:27,37.0,45.0,19.0,9.6
782,2023-04-18 17:18:37,37.0,45.0,19.0,9.6
783,2023-04-18 17:18:47,37.0,45.0,19.0,9.6
784,2023-04-18 17:18:57,37.0,45.0,19.0,9.6
785,2023-04-18 17:19:07,37.0,45.0,19.0,9.6
786,2023-04-18 17:19:17,37.0,45.0,19.0,9.6
787,2023-04-18 17:19:27,37.0,45.0,19.0,9.6
788,2023-04-18 17:19:37,37.0,45.0,19.0,9.6
789,2023-04-18 17:19:47,37.0,45.0,19.0,9.6
790,2023-04-18 17:19:57,37.0,45.0,19.0,9.6
791,2023-04-18 17:20:07,37.0,45.0,19.0,9.6
792,2023-04-18 17:20:17,37.0,45.0,19.0,9.6
793,2023-04-18 17:20:27,37.0,45.0,19.0,9.6
794,2023-04-18 17:20:37,37.0,45.0,19.0,9.6
795,2023-04-18 17:20:47,37.0,45.0,19.0,9.6
796,2023-04-18 17:20:57,37.0,45.0,19.0,9.6
797,2023-04-18 17:21:07,37.0,45.0,19.0,9.6
798,2023-04-18 17:21:17,37.0,45.0,19.0,9.6
799,2023-04-18 17:21:27,37.0,45.0,19.0,9.6
800,2023-04-18 17:21:37,37.0,45.0,19.0,9.6
801,2023-04-18 17:21:47,37.0,45.0,19.0,9.6
802,2023-04-18 17:21:57,37.0,45.0,19.0,9.6
803,2023-04-18 17:22:07,37.0,45.0,19.0,9.6
804,2023-04-18 17:22:17,37.0,45.0,19.0,9.6
805,2023-04-18 17:22:27,37.0,45.0,19.0,9.6
806,2023-04-18 17:22:37,37.0,45.0,19.0,9.6
807,2023-04-18 17:22:47,37.0,45.0,19.0,9.6
808,2023-04-18 17:22:57,37.0,45.0,19.0,9.6
809,2023-04-18 17:23:07,37.0,45.0,19.0,9.6
810,2023-04-18 17:23:17,37.0,45.0,19.0,9.6
811,2023-04-18 17:23:27,37.0,45.0,19.0,9.6
812,2023-04-18 17:23:37,37.0,45.0,19.0,9.6
813,2023-04-18 17:23:47,37.0,45.0,19.0,9.6
814,2023-04-18 17:23:57,37.0,45.0,19.0,9.6
815,2023-04-18 17:24:07,37.0,45.0,19.0,9.6
816,2023-04-18 17:24:17,37.0,45.0,19.0,9.6
817,2023-04-18 17:24:27,37.0,45.0,19.0,9.6
818,2023-04-18 17:24:37,37.0,45.0,19.0,9.6
819,2023-04-18 17:24:47,37.0,45.0,19.0,9.6
820,2023-04-18 17:24:57,37.0,45.0,19.0,9.6
821,2023-04-18 17:25:07,37.0,45.0,19.0,9.6
822,2023-04-18 17:25:17,37.0,45.0,19.0,9.6
823,2023-04-18 17:25:27,37.0,45.0,19.0,9.6
824,2023-04-18 17:25:37,37.0,45.0,19.0,9.6
825,2023-04-18 17:25:47,37.0,45.0,19.0,9.6
826,2023-04-18 17:25:57,37.0,45.0,19.0,9.6
827,2023-04-18 17:26:07,37.0,45.0,19.0,9.6
828,2023-04-18 17:26:17,37.0,45.0,19.0,9.6
829,2023-04-18 17:26:27,37.0,45.0,19.0,9.6
830,2023-04-18 17:26:37,37.0,45.0,19.0,9.6
831,2023-04-18 17:26:47,37.0,45.0,19.0,9.6
832,2023-04-18 17:26:57,37.0,45.0,19.0,9.6
833,2023-04-18 17:27:07,37.0,45.0,19.0,9.6
834,2023-04-18 17:27:17,37.0,45.0,19.0,9.6
835,2023-04-18 17:27:27,37.0,45.0,19.0,9.6
836,2023-04-18 17:27:37,37.0,45.0,19.0,9.6
837,2023-04-18 17:27:47,37.0,45.0,19.0,9.6
838,2023-04-18 17:27:57,37.0,45.0,19.0,9.6
839,2023-04-18 17:28:07,37.0,45.0,19.0,9.6
840,2023-04-18 17:28:17,37.0,45.0,19.0,9.6
841,2023-04-18 17:28:27,37.0,45.0,19.0,9.6
842,2023-04-18 17:28:37,37.0,45.0,19.0,9.6
843,2023-04-18 17:28:47,37.0,45.0,19.0,9.6
844,2023-04-18 17:28:57,37.0,45.0,19.0,9.6
845,2023-04-18 17:29:07,37.0,45.0,19.0,9.6
846,2023-04-18 17:29:17,37.0,45.0,19.0,9.6
847,2023-04-18 17:29:27,37.0,45.0,19.0,9.6
848,2023-04-18 17:29:37,37.0,45.0,19.0,9.6
849,2023-04-18 17:29:47,37.0,45.0,19.0,9.6
850,2023-04-18 17:29:57,37.0,45.0,19.0,9.6
851,2023-04-18 17:30:07,37.0,45.0,19.0,9.6
852,2023-04-18 17:30:17,37.0,45.0,19.0,9.6
853,2023-04-18 17:30:27,37.0,45.0,19.0,9.6
854,2023-04-18 17:30:37,37.0,45.0,19.0,9.6
855,2023-04-18 17:30:47,37.0,45.0,19.0,9.6
856,2023-04-18 17:30:57,37.0,45.0,19.0,9.6
857,2023-04-18 17:31:07,37.0,45.0,19.0,9.6
858,2023-04-18 17:31:17,37.0,45.0,19.0,9.6
859,2023-04-18 17:31:27,37.0,45.0,19.0,9.6
860,2023-04-18 17:31:37,37.0,45.0,19.0,9.6
861,2023-04-18 17:31:47,37.0,45.0,19.0,9.6
862,2023-04-18 17:31:57,37.0,45.0,19.0,9.6
863,2023-04-18 17:32:07,37.0,45.0,19.0,9.6
864,2023-04-18 17:32:17,37.0,45.0,19.0,9.6
865,2023-04-18 17:32:27,37.0,45.0,19.0,9.6
866,2023-04-18 17:32:37,37.0,45.0,19.0,9.6
867,2023-04-18 17:32:47,37.0,45.0,19.0,9.6
868,2023-04-18 17:32:57,37.0,45.0,19.0,9.6
869,2023-04-18 17:33:07,37.0,45.0,19.0,9.6
870,2023-04-18 17:33:17,37.0,45.0,19.0,9.6
871,2023-04-18 17:33:27,37.0,45.0,19.0,9.6
872,2023-04-18 17:33:37,37.0,45.0,19.0,9.6
873,2023-04-18 17:33:47,37.0,45.0,19.0,9.6
874,2023-04-18 17:33:57,37.0,45.0,19.0,9.6
875,2023-04-18 17:34:07,37.0,45.0,19.0,9.6
876,2023-04-18 17:34:17,37.0,45.0,19.0,9.6
877,2023-04-18 17:34:27,37.0,45.0,19.0,9.6
878,2023-04-18 17:34:37,37.0,45.0,19.0,9.6
879,2023-04-18 17:34:47,37.0,45.0,19.0,9.6
880,2023-04-18 17:34:57,37.0,45.0,19.0,9.6
881,2023-04-18 17:35:07,37.0,45.0,19.0,9.6
882,2023-04-18 17:35:17,37.0,45.0,19.0,9.6
883,2023-04-18 17:35:27,37.0,45.0,19.0,9.6
884,2023-04-18 17:35:37,37.0,45.0,19.0,9.6
885,2023-04-18 17:35:47,37.0,45.0,19.0,9.6
886,2023-04-18 17:35:57,37.0,45.0,19.0,9.6
887,2023-04-18 17:36:07,37.0,45.0,19.0,9.6
888,2023-04-18 17:36:17,37.0,45.0,19.0,9.6
889,2023-04-18 17:36:27,37.0,45.0,19.0,9.6
890,2023-04-18 17:36:37,37.0,45.0,19.0,9.6
891,2023-04-18 17:36:47,37.0,45.0,19.0,9.6
892,2023-04-18 17:36:57,37.0,45.0,19.0,9.6
893,2023-04-18 17:37:07,37.0,45.0,19.0,9.6
894,2023-04-18 17:37:17,37.0,45.0,19.0,9.6
895,2023-04-18 17:37:27,37.0,45.0,19.0,9.6
896,2023-04-18 17:37:37,37.0,45.0,19.0,9.6
897,2023-04-18 17:37:47,37.0,45.0,19.0,9.6
898,2023-04-18 17:37:57,37.0,45.0,19.0,9.6
899,2023-04-18 17:38:07,37.0,45.0,19.0,9.6
900,2023-04-18 17:38:17,37.0,45.0,19.0,9.6
901,2023-04-18 17:38:27,37.0,45.0,19.0,9.6
902,2023-04-18 17:38:37,37.0,45.0,19.0,9.6
903,2023-04-18 17:38:47,37.0,45.0,19.0,9.6
904,2023-04-18 17:38:57,37.0,45.0,19.0,9.6
905,2023-04-18 17:39:07,37.0,45.0,19.0,9.6
906,2023-04-18 17:39:17,37.0,45.0,19.0,9.6
907,2023-04-18 17:39:27,37.0,45.0,19.0,9.6
908,2023-04-18 17:39:37,37.0,45.0,19.0,9.6
909,2023-04-18 17:39:47,37.0,45.0,19.0,9.6
910,2023-04-18 17:39:57,37.0,45.0,19.0,9.6
911,2023-04-18 17:40:07,37.0,45.0,19.0,9.6
912,2023-04-18 17:40:17,37.0,45.0,19.0,9.6
913,2023-04-18 17:40:27,37.0,45.0,19.0,9.6
914,2023-04-18 17:40:37,37.0,45.0,19.0,9.6
915,2023-04-18 17:40:47,37.0,45.0,19.0,9.6
916,2023-04-18 17:40:57,37.0,45.0,19.0,9.6
917,2023-04-18 17:41:07,37.0,45.0,19.0,9.6
918,2023-04-18 17:41:17,37.0,45.0,19.0,9.6
919,2023-04-18 17:41:27,37.0,45.0,19.0,9.6
920,2023-04-18 17:41:37,37.0,45.0,19.0,9.6
921,2023-04-18 17:41:47,37.0,45.0,19.0,9.6
922,2023-04-18 17:41:57,37.0,45.0,19.0,9.6
923,2023-04-18 17:42:07,37.0,45.0,18.5,9.2
924,2023-04-18 17:42:17,37.0,45.0,19.0,9.6
925,2023-04-18 17:42:27,37.0,45.0,19.0,9.6
926,2023-04-18 17:42:37,37.0,45.0,18.5,9.2
927,2023-04-18 17:42:47,37.0,45.0,19.0,9.6
928,2023-04-18 17:42:57,37.0,45.0,19.0,9.6
929,2023-04-18 17:43:07,37.0,45.0,18.5,9.2
930,2023-04-18 17:43:17,37.0,45.0,19.0,9.6
931,2023-04-18 17:43:27,37.0,45.0,18.5,9.2
932,2023-04-18 17:43:37,37.0,45.0,19.0,9.6
933,2023-04-18 17:43:47,37.0,45.0,18.5,9.2
934,2023-04-18 17:43:57,37.0,45.0,18.5,9.2
935,2023-04-18 17:44:07,37.0,45.0,18.5,9.2
936,2023-04-18 17:44:17,37.0,45.0,18.5,9.2
937,2023-04-18 17:44:27,37.0,45.0,18.5,9.2
938,2023-04-18 17:44:37,37.0,45.0,18.5,9.2
939,2023-04-18 17:44:47,37.0,45.0,18.5,9.2
940,2023-04-18 17:44:57,37.0,45.0,18.5,9.2
941,2023-04-18 17:45:07,37.0,45.0,18.5,9.2
942,2023-04-18 17:45:17,37.0,45.0,19.0,9.6
943,2023-04-18 17:45:27,37.0,45.0,18.5,9.2
944,2023-04-18 17:45:37,37.0,45.0,18.5,9.2
945,2023-04-18 17:45:47,37.0,45.0,18.5,9.2
946,2023-04-18 17:45:57,37.0,45.0,18.5,9.2
947,2023-04-18 17:46:07,37.0,45.0,18.5,9.2
948,2023-04-18 17:46:17,37.0,45.0,18.5,9.2
949,2023-04-18 17:46:27,37.0,45.0,18.5,9.2
950,2023-04-18 17:46:37,37.0,45.0,18.5,9.2
951,2023-04-18 17:46:47,37.0,45.0,18.5,9.2
952,2023-04-18 17:46:57,37.0,45.0,18.5,9.2
953,2023-04-18 17:47:07,37.0,45.0,18.5,9.2
954,2023-04-18 17:47:17,37.0,45.0,18.5,9.2
955,2023-04-18 17:47:27,37.0,45.0,18.5,9.2
956,2023-04-18 17:47:37,37.0,45.0,18.5,9.2
957,2023-04-18 17:47:47,37.0,45.0,18.5,9.2
958,2023-04-18 17:47:57,37.0,45.0,18.5,9.2
959,2023-04-18 17:48:07,37.0,45.0,18.5,9.2
960,2023-04-18 17:48:17,37.0,45.0,18.5,9.2
961,2023-04-18 17:48:27,37.0,45.0,18.5,9.2
962,2023-04-18 17:48:37,37.0,45.0,18.5,9.2
963,2023-04-18 17:48:47,37.0,45.0,18.5,9.2
964,2023-04-18 17:48:57,37.0,45.0,18.5,9.2
965,2023-04-18 17:49:07,37.0,45.0,18.5,9.2
966,2023-04-18 17:49:17,37.0,45.0,18.5,9.2
967,2023-04-18 17:49:27,37.0,45.0,18.5,9.2
968,2023-04-18 17:49:37,37.0,45.0,18.5,9.2
969,2023-04-18 17:49:47,37.0,45.0,18.5,9.2
970,2023-04-18 17:49:57,37.0,45.0,18.5,9.2
971,2023-04-18 17:50:07,37.0,45.0,18.5,9.2
972,2023-04-18 17:50:17,37.0,45.0,18.5,9.2
973,2023-04-18 17:50:27,37.0,45.0,18.5,9.2
974,2023-04-18 17:50:37,37.0,45.0,18.5,9.2
975,2023-04-18 17:50:47,37.0,45.0,18.5,9.2
976,2023-04-18 17:50:57,37.0,45.0,18.5,9.2
977,2023-04-18 17:51:07,37.0,45.0,18.5,9.2
978,2023-04-18 17:51:17,37.0,45.0,18.5,9.2
979,2023-04-18 17:51:27,37.0,45.0,18.5,9.2
980,2023-04-18 17:51:37,37.0,45.0,18.5,9.2
981,2023-04-18 17:51:47,37.0,45.0,18.5,9.2
982,2023-04-18 17:51:57,37.0,45.0,18.5,9.2
983,2023-04-18 17:52:07,37.0,45.0,18.5,9.2
984,2023-04-18 17:52:17,37.0,45.0,18.5,9.2
985,2023-04-18 17:52:27,37.0,45.0,18.5,9.2
986,2023-04-18 17:52:37,37.0,45.0,18.5,9.2
987,2023-04-18 17:52:47,37.0,45.0,18.5,9.2
988,2023-04-18 17:52:57,37.0,45.0,18.5,9.2
989,2023-04-18 17:53:07,37.0,45.0,18.5,9.2
990,2023-04-18 17:53:17,37.0,45.0,18.5,9.2
991,2023-04-18 17:53:27,37.0,45.0,18.5,9.2
992,2023-04-18 17:53:37,37.0,45.0,18.5,9.2
993,2023-04-18 17:53:47,37.0,45.0,18.5,9.2
994,2023-04-18 17:53:57,37.0,45.0,18.5,9.2
995,2023-04-18 17:54:07,37.0,45.0,18.5,9.2
996,2023-04-18 17:54:17,37.0,45.0,18.5,9.2
997,2023-04-18 17:54:27,37.0,45.0,18.5,9.2
998,2023-04-18 17:54:37,37.0,45.0,18.5,9.2
999,2023-04-18 17:54:47,37.0,45.0,18.5,9.2
1000,2023-04-18 17:54:57,37.0,45.0,18.5,9.2
1001,2023-04-18 17:55:07,37.0,45.0,18.5,9.2
1002,2023-04-18 17:55:17,37.0,45.0,18.5,9.2
1003,2023-04-18 17:55:27,37.0,45.0,18.5,9.2
1004,2023-04-18 17:55:37,37.0,45.0,18.5,9.2
1005,2023-04-18 17:55:47,37.0,45.0,18.5,9.2
1006,2023-04-18 17:55:57,37.0,45.0,18.5,9.2
1007,2023-04-18 17:56:07,37.0,45.0,18.5,9.2
1008,2023-04-18 17:56:17,37.0,45.0,18.5,9.2
1009,2023-04-18 17:56:27,37.0,45.0,18.5,9.2
1010,2023-04-18 17:56:37,37.0,45.0,18.5,9.2
1011,2023-04-18 17:56:47,37.0,45.0,18.5,9.2
1012,2023-04-18 17:56:57,37.0,45.0,18.5,9.2
1013,2023-04-18 17:57:07,37.0,45.0,18.5,9.2
1014,2023-04-18 17:57:17,37.0,45.0,18.5,9.2
1015,2023-04-18 17:57:27,37.0,45.0,18.5,9.2
1016,2023-04-18 17:57:37,37.0,45.0,18.5,9.2
1017,2023-04-18 17:57:47,37.0,45.0,18.5,9.2
1018,2023-04-18 17:57:57,37.0,45.0,18.5,9.2
1019,2023-04-18 17:58:07,37.0,45.0,18.5,9.2
1020,2023-04-18 17:58:17,37.0,45.0,18.5,9.2
1021,2023-04-18 17:58:27,37.0,45.0,18.5,9.2
1022,2023-04-18 17:58:37,37.0,45.0,18.5,9.2
1023,2023-04-18 17:58:47,37.0,45.0,18.5,9.2
1024,2023-04-18 17:58:57,37.0,45.0,18.5,9.2
1025,2023-04-18 17:59:07,37.0,45.0,18.5,9.2
1026,2023-04-18 17:59:17,37.0,45.0,18.5,9.2
1027,2023-04-18 17:59:27,37.0,45.0,18.5,9.2
1028,2023-04-18 17:59:37,37.0,45.0,18.5,9.2
1029,2023-04-18 17:59:47,37.0,45.0,18.5,9.2
1030,2023-04-18 17:59:57,37.0,45.0,18.5,9.2
1031,2023-04-18 18:00:07,37.0,45.0,18.5,9.2
1032,2023-04-18 18:00:17,37.0,45.0,18.5,9.2
1033,2023-04-18 18:00:27,37.0,45.0,18.5,9.2
1034,2023-04-18 18:00:37,37.0,45.0,18.5,9.2
1035,2023-04-18 18:00:47,37.0,45.0,18.5,9.2
1036,2023-04-18 18:00:57,37.0,45.0,18.5,9.2
1037,2023-04-18 18:01:07,37.0,45.0,18.5,9.2
1038,2023-04-18 18:01:17,37.0,45.0,18.5,9.2
1039,2023-04-18 18:01:27,37.0,45.0,18.5,9.2
1040,2023-04-18 18:01:37,37.0,45.0,18.5,9.2
1041,2023-04-18 18:01:47,37.0,45.0,18.5,9.2
1042,2023-04-18 18:01:57,37.0,45.0,18.5,9.2
1043,2023-04-18 18:02:07,37.0,45.0,18.5,9.2
1044,2023-04-18 18:02:17,37.0,45.0,18.5,9.2
1045,2023-04-18 18:02:27,37.0,45.0,18.5,9.2
1046,2023-04-18 18:02:37,37.0,45.0,18.5,9.2
1047,2023-04-18 18:02:47,37.0,45.0,18.5,9.2
1048,2023-04-18 18:02:57,37.0,45.0,18.5,9.2
1049,2023-04-18 18:03:07,37.0,45.0,18.5,9.2
1050,2023-04-18 18:03:17,37.0,45.0,18.5,9.2
1051,2023-04-18 18:03:27,37.0,45.0,18.5,9.2
1052,2023-04-18 18:03:37,37.0,45.0,18.5,9.2
1053,2023-04-18 18:03:47,37.0,45.0,18.5,9.2
1054,2023-04-18 18:03:57,37.0,45.0,18.5,9.2
1055,2023-04-18 18:04:07,37.0,45.0,18.5,9.2
1056,2023-04-18 18:04:17,37.0,45.0,18.5,9.2
1057,2023-04-18 18:04:27,37.0,45.0,18.5,9.2
1058,2023-04-18 18:04:37,37.0,45.0,18.5,9.2
1059,2023-04-18 18:04:47,37.0,45.0,18.5,9.2
1060,2023-04-18 18:04:57,37.0,45.0,18.5,9.2
1061,2023-04-18 18:05:07,37.0,45.0,18.5,9.2
1062,2023-04-18 18:05:17,37.0,45.0,18.5,9.2
1063,2023-04-18 18:05:27,37.0,45.0,18.5,9.2
1064,2023-04-18 18:05:37,37.0,45.0,19.0,9.6
1065,2023-04-18 18:05:47,37.0,45.0,19.0,9.6
1066,2023-04-18 18:05:57,37.0,45.0,19.0,9.6
1067,2023-04-18 18:06:07,37.0,45.0,19.0,9.6
1068,2023-04-18 18:06:17,37.0,45.0,19.0,9.6
1069,2023-04-18 18:06:27,37.0,45.0,19.0,9.6
1070,2023-04-18 18:06:37,37.0,45.0,19.0,9.6
1071,2023-04-18 18:06:47,37.0,45.0,19.0,9.6
1072,2023-04-18 18:06:57,37.0,45.0,19.0,9.6
1073,2023-04-18 18:07:07,37.0,45.0,19.0,9.6
1074,2023-04-18 18:07:17,37.0,45.0,19.0,9.6
1075,2023-04-18 18:07:27,37.0,45.0,19.0,9.6
1076,2023-04-18 18:07:37,37.0,45.0,19.0,9.6
1077,2023-04-18 18:07:47,37.0,45.0,19.0,9.6
1078,2023-04-18 18:07:57,37.0,45.0,19.0,9.6
1079,2023-04-18 18:08:07,37.0,45.0,19.0,9.6
1080,2023-04-18 18:08:17,37.0,45.0,19.0,9.6
1081,2023-04-18 18:08:27,37.0,45.0,19.0,9.6
1082,2023-04-18 18:08:37,37.0,45.0,19.0,9.6
1083,2023-04-18 18:08:47,37.0,45.0,19.0,9.6
1084,2023-04-18 18:08:57,37.0,45.0,19.0,9.6
1085,2023-04-18 18:09:07,37.0,45.0,19.0,9.6
1086,2023-04-18 18:09:17,37.0,45.0,19.0,9.6
1087,2023-04-18 18:09:27,37.0,45.0,19.0,9.6
1088,2023-04-18 18:09:37,37.0,45.0,19.0,9.6
1089,2023-04-18 18:09:47,37.0,45.0,19.0,9.6
1090,2023-04-18 18:09:57,37.0,45.0,19.0,9.6
1091,2023-04-18 18:10:07,37.0,45.0,19.0,9.6
1092,2023-04-18 18:10:17,37.0,45.0,19.0,9.6
1093,2023-04-18 18:10:27,37.0,45.0,19.0,9.6
1094,2023-04-18 18:10:37,37.0,45.0,19.0,9.6
1095,2023-04-18 18:10:47,37.0,45.0,19.0,9.6
1096,2023-04-18 18:10:57,37.0,45.0,19.0,9.6
1097,2023-04-18 18:11:07,37.0,45.0,19.0,9.6
1098,2023-04-18 18:11:17,37.0,45.0,19.0,9.6
1099,2023-04-18 18:11:27,37.0,45.0,19.0,9.6
1100,2023-04-18 18:11:37,37.0,45.0,19.0,9.6
1101,2023-04-18 18:11:47,37.0,45.0,19.0,9.6
1102,2023-04-18 18:11:57,37.0,45.0,19.0,9.6
1103,2023-04-18 18:12:07,37.0,45.0,19.0,9.6
1104,2023-04-18 18:12:17,37.0,45.0,19.0,9.6
1105,2023-04-18 18:12:27,37.0,45.0,19.0,9.6
1106,2023-04-18 18:12:37,37.0,45.0,19.0,9.6
1107,2023-04-18 18:12:47,37.0,45.0,19.0,9.6
1108,2023-04-18 18:12:57,37.0,45.0,19.0,9.6
1109,2023-04-18 18:13:07,37.0,45.0,19.0,9.6
1110,2023-04-18 18:13:17,37.0,45.0,19.0,9.6
1111,2023-04-18 18:13:27,37.0,45.0,23.0,12.4
1112,2023-04-18 18:13:37,37.0,45.0,19.5,9.9
1113,2023-04-18 18:13:47,37.0,45.0,19.0,9.6
