"V1" "V2" "V3" "V4" "V5" "V6" "V7"
1 "2022-01-28 08:00:59" 23.5 45 22.5 0.9 10126307
2 "2022-01-28 08:01:09" 23.5 45 23.5 1.5 NA
3 "2022-01-28 08:01:19" 23.5 45 32.5 6.1 NA
4 "2022-01-28 08:01:29" 23.5 45 25 2.4 NA
5 "2022-01-28 08:01:39" 24 45 24.5 2.5 NA
6 "2022-01-28 08:01:49" 24 45 25.5 3.1 NA
7 "2022-01-28 08:01:59" 24 45 24 2.2 NA
8 "2022-01-28 08:02:09" 24 45 23.5 1.9 NA
9 "2022-01-28 08:02:19" 24.5 45 22.5 1.7 NA
10 "2022-01-28 08:02:29" 24.5 45 22.5 1.7 NA
11 "2022-01-28 08:02:39" 24.5 45 22.5 1.7 NA
12 "2022-01-28 08:02:49" 24.5 45 22 1.4 NA
13 "2022-01-28 08:02:59" 24.5 45 22 1.4 NA
14 "2022-01-28 08:03:09" 24.5 45 21.5 1.1 NA
15 "2022-01-28 08:03:19" 24.5 45 21.5 1.1 NA
16 "2022-01-28 08:03:29" 24.5 45 21 0.8 NA
17 "2022-01-28 08:03:39" 24.5 45 21 0.8 NA
18 "2022-01-28 08:03:49" 24.5 45 21 0.8 NA
19 "2022-01-28 08:03:59" 24.5 45 21 0.8 NA
20 "2022-01-28 08:04:09" 24.5 45 21 0.8 NA
21 "2022-01-28 08:04:19" 24.5 45 21 0.8 NA
22 "2022-01-28 08:04:29" 24.5 45 21.5 1.1 NA
23 "2022-01-28 08:04:39" 24.5 45 21.5 1.1 NA
24 "2022-01-28 08:04:49" 24.5 45 22.5 1.7 NA
25 "2022-01-28 08:04:59" 24.5 45 22 1.4 NA
26 "2022-01-28 08:05:09" 24.5 45 21.5 1.1 NA
27 "2022-01-28 08:05:19" 24.5 45 21 0.8 NA
28 "2022-01-28 08:05:29" 24.5 45 21 0.8 NA
29 "2022-01-28 08:05:39" 24.5 45 21 0.8 NA
30 "2022-01-28 08:05:49" 24.5 45 21 0.8 NA
31 "2022-01-28 08:05:59" 24.5 45 21 0.8 NA
32 "2022-01-28 08:06:09" 24.5 45 22 1.4 NA
33 "2022-01-28 08:06:19" 24.5 45 22.5 1.7 NA
34 "2022-01-28 08:06:29" 24.5 45 23 2 NA
35 "2022-01-28 08:06:39" 24.5 45 22.5 1.7 NA
36 "2022-01-28 08:06:49" 24.5 45 21.5 1.1 NA
37 "2022-01-28 08:06:59" 24.5 45 21.5 1.1 NA
38 "2022-01-28 08:07:09" 24.5 45 21.5 1.1 NA
39 "2022-01-28 08:07:19" 24.5 45 21.5 1.1 NA
40 "2022-01-28 08:07:29" 24.5 45 21.5 1.1 NA
41 "2022-01-28 08:07:39" 24.5 45 21.5 1.1 NA
42 "2022-01-28 08:07:49" 24.5 45 21.5 1.1 NA
43 "2022-01-28 08:07:59" 24.5 45 21 0.8 NA
44 "2022-01-28 08:08:09" 24.5 45 21 0.8 NA
45 "2022-01-28 08:08:19" 24.5 45 21 0.8 NA
46 "2022-01-28 08:08:29" 24.5 45 21 0.8 NA
47 "2022-01-28 08:08:39" 24.5 45 21 0.8 NA
48 "2022-01-28 08:08:49" 24.5 45 21 0.8 NA
49 "2022-01-28 08:08:59" 24.5 45 21 0.8 NA
50 "2022-01-28 08:09:09" 24.5 45 21 0.8 NA
51 "2022-01-28 08:09:19" 24.5 45 21 0.8 NA
52 "2022-01-28 08:09:29" 24.5 45 21 0.8 NA
53 "2022-01-28 08:09:39" 24.5 45 21 0.8 NA
54 "2022-01-28 08:09:49" 24.5 45 21 0.8 NA
55 "2022-01-28 08:09:59" 24.5 45 21 0.8 NA
56 "2022-01-28 08:10:09" 24.5 45 21 0.8 NA
57 "2022-01-28 08:10:19" 24.5 45 21 0.8 NA
58 "2022-01-28 08:10:29" 24.5 45 21 0.8 NA
59 "2022-01-28 08:10:39" 24.5 45 21 0.8 NA
60 "2022-01-28 08:10:49" 24.5 45 21 0.8 NA
61 "2022-01-28 08:10:59" 24.5 45 21 0.8 NA
62 "2022-01-28 08:11:09" 24.5 45 21 0.8 NA
63 "2022-01-28 08:11:19" 24.5 45 21 0.8 NA
64 "2022-01-28 08:11:29" 24.5 45 21 0.8 NA
65 "2022-01-28 08:11:39" 24.5 45 21 0.8 NA
66 "2022-01-28 08:11:49" 24.5 45 21 0.8 NA
67 "2022-01-28 08:11:59" 24.5 45 21 0.8 NA
68 "2022-01-28 08:12:09" 24.5 45 21 0.8 NA
69 "2022-01-28 08:12:19" 24.5 45 20.5 0.4 NA
70 "2022-01-28 08:12:29" 24.5 45 20.5 0.4 NA
71 "2022-01-28 08:12:39" 24.5 45 20.5 0.4 NA
72 "2022-01-28 08:12:49" 24.5 45 20.5 0.4 NA
73 "2022-01-28 08:12:59" 24.5 45 20.5 0.4 NA
74 "2022-01-28 08:13:09" 24.5 45 20.5 0.4 NA
75 "2022-01-28 08:13:19" 24.5 45 20.5 0.4 NA
76 "2022-01-28 08:13:29" 24.5 45 20.5 0.4 NA
77 "2022-01-28 08:13:39" 24.5 45 20.5 0.4 NA
78 "2022-01-28 08:13:49" 24.5 45 20.5 0.4 NA
79 "2022-01-28 08:13:59" 24.5 45 20.5 0.4 NA
80 "2022-01-28 08:14:09" 24.5 45 20.5 0.4 NA
81 "2022-01-28 08:14:19" 24.5 45 20.5 0.4 NA
82 "2022-01-28 08:14:29" 24.5 45 20.5 0.4 NA
83 "2022-01-28 08:14:39" 24.5 45 20.5 0.4 NA
84 "2022-01-28 08:14:49" 24.5 45 20.5 0.4 NA
85 "2022-01-28 08:14:59" 25 45 21 1.2 NA
86 "2022-01-28 08:15:09" 24.5 45 21 0.8 NA
87 "2022-01-28 08:15:19" 24.5 45 21 0.8 NA
88 "2022-01-28 08:15:29" 25 45 20.5 0.8 NA
89 "2022-01-28 08:15:39" 25 45 20.5 0.8 NA
90 "2022-01-28 08:15:49" 25 45 20.5 0.8 NA
91 "2022-01-28 08:15:59" 25 45 20.5 0.8 NA
92 "2022-01-28 08:16:09" 25 45 21 1.2 NA
93 "2022-01-28 08:16:19" 25 45 21 1.2 NA
94 "2022-01-28 08:16:29" 25 45 21 1.2 NA
95 "2022-01-28 08:16:39" 25 45 20.5 0.8 NA
96 "2022-01-28 08:16:49" 25 45 21 1.2 NA
97 "2022-01-28 08:16:59" 25 45 21 1.2 NA
98 "2022-01-28 08:17:09" 25 45 21 1.2 NA
99 "2022-01-28 08:17:19" 25 45 21 1.2 NA
100 "2022-01-28 08:17:29" 25 45 21 1.2 NA
101 "2022-01-28 08:17:39" 25 45 21 1.2 NA
102 "2022-01-28 08:17:49" 25 45 21 1.2 NA
103 "2022-01-28 08:17:59" 25 45 20.5 0.8 NA
104 "2022-01-28 08:18:09" 25 45 20.5 0.8 NA
105 "2022-01-28 08:18:19" 25 45 20.5 0.8 NA
106 "2022-01-28 08:18:29" 25 45 20.5 0.8 NA
107 "2022-01-28 08:18:39" 25 45 20.5 0.8 NA
108 "2022-01-28 08:18:49" 25 45 20.5 0.8 NA
109 "2022-01-28 08:18:59" 25 45 20.5 0.8 NA
110 "2022-01-28 08:19:09" 25 45 20.5 0.8 NA
111 "2022-01-28 08:19:19" 25 45 20.5 0.8 NA
112 "2022-01-28 08:19:29" 25 45 20.5 0.8 NA
113 "2022-01-28 08:19:39" 25 45 20.5 0.8 NA
114 "2022-01-28 08:19:49" 25 45 20.5 0.8 NA
115 "2022-01-28 08:19:59" 25 45 20.5 0.8 NA
116 "2022-01-28 08:20:09" 25 45 20.5 0.8 NA
117 "2022-01-28 08:20:19" 25 45 20.5 0.8 NA
118 "2022-01-28 08:20:29" 25 45 20.5 0.8 NA
119 "2022-01-28 08:20:39" 25 45 20.5 0.8 NA
120 "2022-01-28 08:20:49" 25 45 20.5 0.8 NA
121 "2022-01-28 08:20:59" 25 45 20.5 0.8 NA
122 "2022-01-28 08:21:09" 25 45 20.5 0.8 NA
123 "2022-01-28 08:21:19" 25 45 20.5 0.8 NA
124 "2022-01-28 08:21:29" 25 45 20.5 0.8 NA
125 "2022-01-28 08:21:39" 25 45 20.5 0.8 NA
126 "2022-01-28 08:21:49" 25 45 20.5 0.8 NA
127 "2022-01-28 08:21:59" 25 45 20.5 0.8 NA
128 "2022-01-28 08:22:09" 25 45 20.5 0.8 NA
129 "2022-01-28 08:22:19" 25 45 20.5 0.8 NA
130 "2022-01-28 08:22:29" 25 45 20.5 0.8 NA
131 "2022-01-28 08:22:39" 25 45 20.5 0.8 NA
132 "2022-01-28 08:22:49" 25 45 20.5 0.8 NA
133 "2022-01-28 08:22:59" 25 45 20.5 0.8 NA
134 "2022-01-28 08:23:09" 25 45 20.5 0.8 NA
135 "2022-01-28 08:23:19" 25 45 20.5 0.8 NA
136 "2022-01-28 08:23:29" 25 45 20.5 0.8 NA
137 "2022-01-28 08:23:39" 25 45 20.5 0.8 NA
138 "2022-01-28 08:23:49" 25 45 20.5 0.8 NA
139 "2022-01-28 08:23:59" 25 45 20.5 0.8 NA
140 "2022-01-28 08:24:09" 25 45 20.5 0.8 NA
141 "2022-01-28 08:24:19" 25 45 20.5 0.8 NA
142 "2022-01-28 08:24:29" 25 45 20.5 0.8 NA
143 "2022-01-28 08:24:39" 25 45 20.5 0.8 NA
144 "2022-01-28 08:24:49" 25 45 20.5 0.8 NA
145 "2022-01-28 08:24:59" 25 45 20.5 0.8 NA
146 "2022-01-28 08:25:09" 25 45 20.5 0.8 NA
147 "2022-01-28 08:25:19" 25 45 20.5 0.8 NA
148 "2022-01-28 08:25:29" 25 45 20.5 0.8 NA
149 "2022-01-28 08:25:39" 25 45 20.5 0.8 NA
150 "2022-01-28 08:25:49" 25 45 20.5 0.8 NA
151 "2022-01-28 08:25:59" 25 45 20.5 0.8 NA
152 "2022-01-28 08:26:09" 25 45 20.5 0.8 NA
153 "2022-01-28 08:26:19" 25 45 20.5 0.8 NA
154 "2022-01-28 08:26:29" 25 45 20.5 0.8 NA
155 "2022-01-28 08:26:39" 25 45 20.5 0.8 NA
156 "2022-01-28 08:26:49" 25 45 20.5 0.8 NA
157 "2022-01-28 08:26:59" 25 45 20.5 0.8 NA
158 "2022-01-28 08:27:09" 25 45 20.5 0.8 NA
159 "2022-01-28 08:27:19" 25 45 20.5 0.8 NA
160 "2022-01-28 08:27:29" 25 45 20.5 0.8 NA
161 "2022-01-28 08:27:39" 25 45 20.5 0.8 NA
162 "2022-01-28 08:27:49" 25 45 20.5 0.8 NA
163 "2022-01-28 08:27:59" 25 45 20.5 0.8 NA
164 "2022-01-28 08:28:09" 25 45 20.5 0.8 NA
165 "2022-01-28 08:28:19" 25 45 20.5 0.8 NA
166 "2022-01-28 08:28:29" 25 45 20.5 0.8 NA
167 "2022-01-28 08:28:39" 25 45 20.5 0.8 NA
168 "2022-01-28 08:28:49" 25 45 20.5 0.8 NA
169 "2022-01-28 08:28:59" 25 45 20.5 0.8 NA
170 "2022-01-28 08:29:09" 25 45 20.5 0.8 NA
171 "2022-01-28 08:29:19" 25 45 20.5 0.8 NA
172 "2022-01-28 08:29:29" 25 45 20.5 0.8 NA
173 "2022-01-28 08:29:39" 25 45 20.5 0.8 NA
174 "2022-01-28 08:29:49" 25 45 20.5 0.8 NA
175 "2022-01-28 08:29:59" 25 45 20.5 0.8 NA
176 "2022-01-28 08:30:09" 25 45 20.5 0.8 NA
177 "2022-01-28 08:30:19" 25 45 20.5 0.8 NA
178 "2022-01-28 08:30:29" 25 45 20.5 0.8 NA
179 "2022-01-28 08:30:39" 25 45 20.5 0.8 NA
180 "2022-01-28 08:30:49" 25 45 20.5 0.8 NA
181 "2022-01-28 08:30:59" 25 45 20.5 0.8 NA
182 "2022-01-28 08:31:09" 25 45 20.5 0.8 NA
183 "2022-01-28 08:31:19" 25 45 20 0.5 NA
184 "2022-01-28 08:31:29" 25 45 20 0.5 NA
185 "2022-01-28 08:31:39" 25 45 20 0.5 NA
186 "2022-01-28 08:31:49" 25 45 20 0.5 NA
187 "2022-01-28 08:31:59" 25 45 20 0.5 NA
188 "2022-01-28 08:32:09" 25 45 20 0.5 NA
189 "2022-01-28 08:32:19" 25 45 20 0.5 NA
190 "2022-01-28 08:32:29" 25 45 20 0.5 NA
191 "2022-01-28 08:32:39" 25 45 20 0.5 NA
192 "2022-01-28 08:32:49" 25 45 20 0.5 NA
193 "2022-01-28 08:32:59" 25 45 20 0.5 NA
194 "2022-01-28 08:33:09" 25 45 20 0.5 NA
195 "2022-01-28 08:33:19" 25 45 20 0.5 NA
196 "2022-01-28 08:33:29" 25 45 20 0.5 NA
197 "2022-01-28 08:33:39" 25 45 20 0.5 NA
198 "2022-01-28 08:33:49" 25 45 20 0.5 NA
199 "2022-01-28 08:33:59" 25 45 20 0.5 NA
200 "2022-01-28 08:34:09" 25 45 20 0.5 NA
201 "2022-01-28 08:34:19" 25 45 20 0.5 NA
202 "2022-01-28 08:34:29" 25 45 20 0.5 NA
203 "2022-01-28 08:34:39" 25 45 20 0.5 NA
204 "2022-01-28 08:34:49" 25 45 20 0.5 NA
205 "2022-01-28 08:34:59" 25 45 20 0.5 NA
206 "2022-01-28 08:35:09" 25 45 20 0.5 NA
207 "2022-01-28 08:35:19" 25 45 20 0.5 NA
208 "2022-01-28 08:35:29" 25 45 20 0.5 NA
209 "2022-01-28 08:35:39" 25 45 20 0.5 NA
210 "2022-01-28 08:35:49" 25 45 20 0.5 NA
211 "2022-01-28 08:35:59" 25 45 20 0.5 NA
212 "2022-01-28 08:36:09" 25 45 20 0.5 NA
213 "2022-01-28 08:36:19" 25 45 20.5 0.8 NA
214 "2022-01-28 08:36:29" 25 45 20 0.5 NA
215 "2022-01-28 08:36:39" 25 45 20 0.5 NA
216 "2022-01-28 08:36:49" 25 45 20 0.5 NA
217 "2022-01-28 08:36:59" 25 45 20 0.5 NA
218 "2022-01-28 08:37:09" 25 45 20 0.5 NA
219 "2022-01-28 08:37:19" 25 45 20 0.5 NA
220 "2022-01-28 08:37:29" 25 45 20 0.5 NA
221 "2022-01-28 08:37:39" 25 45 20 0.5 NA
222 "2022-01-28 08:37:49" 25 45 20 0.5 NA
223 "2022-01-28 08:37:59" 25 45 20 0.5 NA
224 "2022-01-28 08:38:09" 25 45 20 0.5 NA
225 "2022-01-28 08:38:19" 25 45 20 0.5 NA
226 "2022-01-28 08:38:29" 25 45 20 0.5 NA
227 "2022-01-28 08:38:39" 25 45 20 0.5 NA
228 "2022-01-28 08:38:49" 25 45 20 0.5 NA
229 "2022-01-28 08:38:59" 25 45 20 0.5 NA
230 "2022-01-28 08:39:09" 25 45 20 0.5 NA
231 "2022-01-28 08:39:19" 25 45 20 0.5 NA
232 "2022-01-28 08:39:29" 25 45 20 0.5 NA
233 "2022-01-28 08:39:39" 25 45 20 0.5 NA
234 "2022-01-28 08:39:49" 25 45 20 0.5 NA
235 "2022-01-28 08:39:59" 25 45 20 0.5 NA
236 "2022-01-28 08:40:09" 25 45 20 0.5 NA
237 "2022-01-28 08:40:19" 25 45 20 0.5 NA
238 "2022-01-28 08:40:29" 25 45 20 0.5 NA
239 "2022-01-28 08:40:39" 25 45 20 0.5 NA
240 "2022-01-28 08:40:49" 25 45 20 0.5 NA
241 "2022-01-28 08:40:59" 25 45 20 0.5 NA
242 "2022-01-28 08:41:09" 25 45 20 0.5 NA
243 "2022-01-28 08:41:19" 25 45 20 0.5 NA
244 "2022-01-28 08:41:29" 25 45 20 0.5 NA
245 "2022-01-28 08:41:39" 25 45 20 0.5 NA
246 "2022-01-28 08:41:49" 25 45 21 1.2 NA
247 "2022-01-28 08:41:59" 25 45 20.5 0.8 NA
248 "2022-01-28 08:42:09" 25 45 20.5 0.8 NA
249 "2022-01-28 08:42:19" 25 45 20.5 0.8 NA
250 "2022-01-28 08:42:29" 25 45 20 0.5 NA
251 "2022-01-28 08:42:39" 25 45 20 0.5 NA
252 "2022-01-28 08:42:49" 25 45 20.5 0.8 NA
253 "2022-01-28 08:42:59" 25 45 20.5 0.8 NA
254 "2022-01-28 08:43:09" 25 45 20.5 0.8 NA
255 "2022-01-28 08:43:19" 25 45 20.5 0.8 NA
256 "2022-01-28 08:43:29" 25 45 20.5 0.8 NA
257 "2022-01-28 08:43:39" 25 45 20.5 0.8 NA
258 "2022-01-28 08:43:49" 25 45 20.5 0.8 NA
259 "2022-01-28 08:43:59" 25 45 20.5 0.8 NA
260 "2022-01-28 08:44:09" 25 45 20.5 0.8 NA
261 "2022-01-28 08:44:19" 25 45 20.5 0.8 NA
262 "2022-01-28 08:44:29" 25 45 20.5 0.8 NA
263 "2022-01-28 08:44:39" 25 45 20.5 0.8 NA
264 "2022-01-28 08:44:49" 25 45 20.5 0.8 NA
265 "2022-01-28 08:44:59" 25 45 20.5 0.8 NA
266 "2022-01-28 08:45:09" 25 45 20.5 0.8 NA
267 "2022-01-28 08:45:19" 25 45 20.5 0.8 NA
268 "2022-01-28 08:45:29" 25 45 20.5 0.8 NA
269 "2022-01-28 08:45:39" 25 45 20.5 0.8 NA
270 "2022-01-28 08:45:49" 25 45 20.5 0.8 NA
271 "2022-01-28 08:45:59" 25 45 20.5 0.8 NA
272 "2022-01-28 08:46:09" 25 45 20.5 0.8 NA
273 "2022-01-28 08:46:19" 25 45 20.5 0.8 NA
274 "2022-01-28 08:46:29" 25 45 20.5 0.8 NA
275 "2022-01-28 08:46:39" 25 45 20.5 0.8 NA
276 "2022-01-28 08:46:49" 25 45 20.5 0.8 NA
277 "2022-01-28 08:46:59" 25 45 20.5 0.8 NA
278 "2022-01-28 08:47:09" 25 45 20.5 0.8 NA
279 "2022-01-28 08:47:19" 25 45 20.5 0.8 NA
280 "2022-01-28 08:47:29" 25 45 20.5 0.8 NA
281 "2022-01-28 08:47:39" 25 45 20.5 0.8 NA
282 "2022-01-28 08:47:49" 25 45 20.5 0.8 NA
283 "2022-01-28 08:47:59" 25 45 20.5 0.8 NA
284 "2022-01-28 08:48:09" 25 45 20.5 0.8 NA
285 "2022-01-28 08:48:19" 25 45 20.5 0.8 NA
286 "2022-01-28 08:48:29" 25 45 20.5 0.8 NA
287 "2022-01-28 08:48:39" 25 45 20.5 0.8 NA
288 "2022-01-28 08:48:49" 25 45 20.5 0.8 NA
289 "2022-01-28 08:48:59" 25 45 20.5 0.8 NA
290 "2022-01-28 08:49:09" 25 45 20.5 0.8 NA
291 "2022-01-28 08:49:19" 25 45 20.5 0.8 NA
292 "2022-01-28 08:49:29" 25 45 20.5 0.8 NA
293 "2022-01-28 08:49:39" 25 45 20.5 0.8 NA
294 "2022-01-28 08:49:49" 25 45 20.5 0.8 NA
295 "2022-01-28 08:49:59" 25 45 20.5 0.8 NA
296 "2022-01-28 08:50:09" 25 45 20.5 0.8 NA
297 "2022-01-28 08:50:19" 25 45 20.5 0.8 NA
298 "2022-01-28 08:50:29" 25 45 20.5 0.8 NA
299 "2022-01-28 08:50:39" 25 45 20.5 0.8 NA
300 "2022-01-28 08:50:49" 25 45 20.5 0.8 NA
301 "2022-01-28 08:50:59" 25 45 20.5 0.8 NA
302 "2022-01-28 08:51:09" 25 45 20.5 0.8 NA
303 "2022-01-28 08:51:19" 25 45 20.5 0.8 NA
304 "2022-01-28 08:51:29" 25 45 20.5 0.8 NA
305 "2022-01-28 08:51:39" 25 45 20.5 0.8 NA
306 "2022-01-28 08:51:49" 25 45 20.5 0.8 NA
307 "2022-01-28 08:51:59" 25 45 20.5 0.8 NA
308 "2022-01-28 08:52:09" 25 45 20.5 0.8 NA
309 "2022-01-28 08:52:19" 25 45 20.5 0.8 NA
310 "2022-01-28 08:52:29" 25 45 20.5 0.8 NA
311 "2022-01-28 08:52:39" 25 45 20.5 0.8 NA
312 "2022-01-28 08:52:49" 25 45 20.5 0.8 NA
313 "2022-01-28 08:52:59" 25 45 20.5 0.8 NA
314 "2022-01-28 08:53:09" 25 45 20.5 0.8 NA
315 "2022-01-28 08:53:19" 25 45 24.5 3.3 NA
316 "2022-01-28 08:53:29" 25 45 23.5 2.7 NA
317 "2022-01-28 08:53:39" 25 45 23 2.4 NA
318 "2022-01-28 08:53:49" 25.5 45 22.5 2.6 NA
319 "2022-01-28 08:53:59" 25.5 45 22.5 2.6 NA
320 "2022-01-28 08:54:09" 25.5 45 22 2.2 NA
321 "2022-01-28 08:54:19" 26 45 22 2.7 NA
322 "2022-01-28 08:54:29" 26.5 45 22 3.1 NA
323 "2022-01-28 08:54:39" 26.5 45 21.5 2.7 NA
324 "2022-01-28 08:54:49" 27 45 21.5 3.2 NA
325 "2022-01-28 08:54:59" 27.5 45 21 3.2 NA
326 "2022-01-28 08:55:09" 28 45 21.5 4 NA
327 "2022-01-28 08:55:19" 28.5 45 22 4.7 NA
328 "2022-01-28 08:55:29" 28.5 45 20 3.4 NA
329 "2022-01-28 08:55:39" 29 45 22.5 5.5 NA
330 "2022-01-28 08:55:49" 29.5 45 22 5.6 NA
331 "2022-01-28 08:55:59" 30 45 22.5 6.3 NA
332 "2022-01-28 08:56:09" 30 45 22.5 6.3 NA
333 "2022-01-28 08:56:19" 30.5 45 23.5 7.3 NA
334 "2022-01-28 08:56:29" 31 45 21 6.1 NA
335 "2022-01-28 08:56:39" 31.5 45 19 5.1 NA
336 "2022-01-28 08:56:49" 31.5 45 18 4.3 NA
337 "2022-01-28 08:56:59" 32 45 18 4.7 NA
338 "2022-01-28 08:57:09" 32 45 21 7 NA
339 "2022-01-28 08:57:19" 32.5 45 23 8.7 NA
340 "2022-01-28 08:57:29" 33 45 23.5 9.4 NA
341 "2022-01-28 08:57:39" 33 45 23.5 9.4 NA
342 "2022-01-28 08:57:49" 33.5 45 21 8.2 NA
343 "2022-01-28 08:57:59" 33.5 45 18 5.9 NA
344 "2022-01-28 08:58:09" 34 45 17 5.5 NA
345 "2022-01-28 08:58:19" 34.5 45 21 9 NA
346 "2022-01-28 08:58:29" 34.5 45 17.5 6.3 NA
347 "2022-01-28 08:58:39" 35 45 21.5 9.8 NA
348 "2022-01-28 08:58:49" 35 45 17 6.3 NA
349 "2022-01-28 08:58:59" 35 45 16 5.4 NA
350 "2022-01-28 08:59:09" 35.5 45 15.5 5.4 NA
351 "2022-01-28 08:59:19" 35.5 45 15.5 5.4 NA
352 "2022-01-28 08:59:29" 36 45 15.5 5.8 NA
353 "2022-01-28 08:59:39" 36 45 20 9.5 NA
354 "2022-01-28 08:59:49" 36.5 45 18.5 8.8 NA
355 "2022-01-28 08:59:59" 36.5 45 20.5 10.3 NA
356 "2022-01-28 09:00:09" 36.5 45 17 7.5 NA
357 "2022-01-28 09:00:19" 37 45 18 8.8 NA
358 "2022-01-28 09:00:29" 37 45 19.5 9.9 NA
359 "2022-01-28 09:00:39" 37.5 45 18.5 9.6 NA
360 "2022-01-28 09:00:49" 37.5 45 16.5 7.9 NA
361 "2022-01-28 09:00:59" 37.5 45 15 6.5 NA
362 "2022-01-28 09:01:09" 38 45 14.5 6.4 NA
363 "2022-01-28 09:01:19" 38 45 14 5.9 NA
364 "2022-01-28 09:01:29" 38 45 14 5.9 NA
365 "2022-01-28 09:01:39" 38.5 45 14 6.3 NA
366 "2022-01-28 09:01:49" 38.5 45 13.5 5.7 NA
367 "2022-01-28 09:01:59" 38.5 45 14.5 6.8 NA
368 "2022-01-28 09:02:09" 39 45 17.5 9.9 NA
369 "2022-01-28 09:02:19" 39 45 18.5 10.8 NA
370 "2022-01-28 09:02:29" 39 45 19 11.2 NA
371 "2022-01-28 09:02:39" 39.5 45 15.5 8.5 NA
372 "2022-01-28 09:02:49" 39.5 45 15.5 8.5 NA
373 "2022-01-28 09:02:59" 39.5 45 17 9.9 NA
374 "2022-01-28 09:03:09" 39.5 45 14 7.1 NA
375 "2022-01-28 09:03:19" 40 45 14.5 8 NA
376 "2022-01-28 09:03:29" 40 45 14 7.4 NA
377 "2022-01-28 09:03:39" 40 45 13.5 6.9 NA
378 "2022-01-28 09:03:49" 40 45 13 6.4 NA
379 "2022-01-28 09:03:59" 40.5 45 14 7.8 NA
380 "2022-01-28 09:04:09" 40.5 45 13.5 7.3 NA
381 "2022-01-28 09:04:19" 40.5 45 13 6.7 NA
382 "2022-01-28 09:04:29" 41 45 13 7.1 NA
383 "2022-01-28 09:04:39" 41 45 12.5 6.6 NA
384 "2022-01-28 09:04:49" 41 45 12.5 6.6 NA
385 "2022-01-28 09:04:59" 41 45 12.5 6.6 NA
386 "2022-01-28 09:05:09" 41 45 12.5 6.6 NA
387 "2022-01-28 09:05:19" 41.5 45 12.5 6.9 NA
388 "2022-01-28 09:05:29" 41.5 45 12.5 6.9 NA
389 "2022-01-28 09:05:39" 41.5 45 12.5 6.9 NA
390 "2022-01-28 09:05:49" 41.5 45 12 6.4 NA
391 "2022-01-28 09:05:59" 42 45 12 6.7 NA
392 "2022-01-28 09:06:09" 42 45 12 6.7 NA
393 "2022-01-28 09:06:19" 42 45 12 6.7 NA
394 "2022-01-28 09:06:29" 42 45 12 6.7 NA
395 "2022-01-28 09:06:39" 42 45 12 6.7 NA
396 "2022-01-28 09:06:49" 42 45 12 6.7 NA
397 "2022-01-28 09:06:59" 42.5 45 12 7.1 NA
398 "2022-01-28 09:07:09" 42.5 45 12 7.1 NA
399 "2022-01-28 09:07:19" 42.5 45 12 7.1 NA
400 "2022-01-28 09:07:29" 42.5 45 12 7.1 NA
401 "2022-01-28 09:07:39" 42.5 45 12 7.1 NA
402 "2022-01-28 09:07:49" 42.5 45 12 7.1 NA
403 "2022-01-28 09:07:59" 43 45 12 7.5 NA
404 "2022-01-28 09:08:09" 43 45 12 7.5 NA
405 "2022-01-28 09:08:19" 43 45 11.5 6.9 NA
406 "2022-01-28 09:08:29" 43 45 12 7.5 NA
407 "2022-01-28 09:08:39" 43 45 12 7.5 NA
408 "2022-01-28 09:08:49" 43 45 11.5 6.9 NA
409 "2022-01-28 09:08:59" 43 45 15.5 11.3 NA
410 "2022-01-28 09:09:09" 43 45 13 8.7 NA
411 "2022-01-28 09:09:19" 43 45 15.5 11.3 NA
412 "2022-01-28 09:09:29" 43.5 45 13 9.1 NA
413 "2022-01-28 09:09:39" 43.5 45 12.5 8.5 NA
414 "2022-01-28 09:09:49" 43.5 45 13 9.1 NA
415 "2022-01-28 09:09:59" 43.5 45 13.5 9.6 NA
416 "2022-01-28 09:10:09" 43.5 45 12.5 8.5 NA
417 "2022-01-28 09:10:19" 43.5 45 16.5 12.6 NA
418 "2022-01-28 09:10:29" 43.5 45 16 12.2 NA
419 "2022-01-28 09:10:39" 43.5 45 17.5 13.5 NA
420 "2022-01-28 09:10:49" 43.5 45 15.5 11.7 NA
421 "2022-01-28 09:10:59" 43.5 45 13.5 9.6 NA
422 "2022-01-28 09:11:09" 43.5 45 15.5 11.7 NA
423 "2022-01-28 09:11:19" 43.5 45 15.5 11.7 NA
424 "2022-01-28 09:11:29" 43.5 45 12.5 8.5 NA
425 "2022-01-28 09:11:39" 43.5 45 12.5 8.5 NA
426 "2022-01-28 09:11:49" 43.5 45 12 7.9 NA
427 "2022-01-28 09:11:59" 43.5 45 12 7.9 NA
428 "2022-01-28 09:12:09" 43.5 45 12 7.9 NA
429 "2022-01-28 09:12:19" 43.5 45 12 7.9 NA
430 "2022-01-28 09:12:29" 44 45 11.5 7.6 NA
431 "2022-01-28 09:12:39" 44 45 12 8.3 NA
432 "2022-01-28 09:12:49" 44 45 11.5 7.6 NA
433 "2022-01-28 09:12:59" 44 45 12 8.3 NA
434 "2022-01-28 09:13:09" 44 45 12 8.3 NA
435 "2022-01-28 09:13:19" 44 45 11.5 7.6 NA
436 "2022-01-28 09:13:29" 44 45 12 8.3 NA
437 "2022-01-28 09:13:39" 44 45 11.5 7.6 NA
438 "2022-01-28 09:13:49" 44 45 11.5 7.6 NA
439 "2022-01-28 09:13:59" 44 45 11.5 7.6 NA
440 "2022-01-28 09:14:09" 44 45 11.5 7.6 NA
441 "2022-01-28 09:14:19" 44 45 11.5 7.6 NA
442 "2022-01-28 09:14:29" 44 45 11.5 7.6 NA
443 "2022-01-28 09:14:39" 44 45 11.5 7.6 NA
444 "2022-01-28 09:14:49" 44 45 11.5 7.6 NA
445 "2022-01-28 09:14:59" 44 45 11 7 NA
446 "2022-01-28 09:15:09" 44 45 11.5 7.6 NA
447 "2022-01-28 09:15:19" 44 45 11.5 7.6 NA
448 "2022-01-28 09:15:29" 44 45 11.5 7.6 NA
449 "2022-01-28 09:15:39" 44 45 11.5 7.6 NA
450 "2022-01-28 09:15:49" 44 45 11.5 7.6 NA
451 "2022-01-28 09:15:59" 44 45 11.5 7.6 NA
452 "2022-01-28 09:16:09" 44 45 11 7 NA
453 "2022-01-28 09:16:19" 44 45 11.5 7.6 NA
454 "2022-01-28 09:16:29" 44 45 11.5 7.6 NA
455 "2022-01-28 09:16:39" 44 45 11.5 7.6 NA
456 "2022-01-28 09:16:49" 44 45 12.5 8.9 NA
457 "2022-01-28 09:16:59" 44 45 15.5 12.1 NA
458 "2022-01-28 09:17:09" 44 45 16 12.6 NA
459 "2022-01-28 09:17:19" 44 45 15 11.6 NA
460 "2022-01-28 09:17:29" 44 45 14.5 11.1 NA
461 "2022-01-28 09:17:39" 44 45 14 10.6 NA
462 "2022-01-28 09:17:49" 44 45 15 11.6 NA
463 "2022-01-28 09:17:59" 44 45 15 11.6 NA
464 "2022-01-28 09:18:09" 44 45 14.5 11.1 NA
465 "2022-01-28 09:18:19" 44 45 14 10.6 NA
466 "2022-01-28 09:18:29" 44 45 13 9.4 NA
467 "2022-01-28 09:18:39" 44 45 15 11.6 NA
468 "2022-01-28 09:18:49" 44 45 12.5 8.9 NA
469 "2022-01-28 09:18:59" 44 45 12 8.3 NA
470 "2022-01-28 09:19:09" 44 45 12 8.3 NA
471 "2022-01-28 09:19:19" 44 45 13 9.4 NA
472 "2022-01-28 09:19:29" 44 45 12 8.3 NA
473 "2022-01-28 09:19:39" 44 45 12 8.3 NA
474 "2022-01-28 09:19:49" 44 45 11.5 7.6 NA
475 "2022-01-28 09:19:59" 44 45 11.5 7.6 NA
476 "2022-01-28 09:20:09" 44 45 11 7 NA
477 "2022-01-28 09:20:19" 44 45 11 7 NA
478 "2022-01-28 09:20:29" 44 45 11 7 NA
479 "2022-01-28 09:20:39" 44 45 11 7 NA
480 "2022-01-28 09:20:49" 44 45 11 7 NA
481 "2022-01-28 09:20:59" 44 45 11 7 NA
482 "2022-01-28 09:21:09" 44 45 11 7 NA
483 "2022-01-28 09:21:19" 44.5 45 11.5 8 NA
484 "2022-01-28 09:21:29" 44.5 45 11 7.4 NA
485 "2022-01-28 09:21:39" 44.5 45 11 7.4 NA
486 "2022-01-28 09:21:49" 44.5 45 11 7.4 NA
487 "2022-01-28 09:21:59" 44.5 45 11 7.4 NA
488 "2022-01-28 09:22:09" 44.5 45 11 7.4 NA
489 "2022-01-28 09:22:19" 44.5 45 11 7.4 NA
490 "2022-01-28 09:22:29" 44.5 45 11.5 8 NA
491 "2022-01-28 09:22:39" 44.5 45 11 7.4 NA
492 "2022-01-28 09:22:49" 44.5 45 11 7.4 NA
493 "2022-01-28 09:22:59" 44.5 45 11 7.4 NA
494 "2022-01-28 09:23:09" 44.5 45 11 7.4 NA
495 "2022-01-28 09:23:19" 44.5 45 11 7.4 NA
496 "2022-01-28 09:23:29" 44.5 45 11 7.4 NA
497 "2022-01-28 09:23:39" 44.5 45 11 7.4 NA
498 "2022-01-28 09:23:49" 44.5 45 11 7.4 NA
499 "2022-01-28 09:23:59" 44.5 45 11 7.4 NA
500 "2022-01-28 09:24:09" 44.5 45 11 7.4 NA
501 "2022-01-28 09:24:19" 44.5 45 11 7.4 NA
502 "2022-01-28 09:24:29" 44.5 45 11 7.4 NA
503 "2022-01-28 09:24:39" 44.5 45 11 7.4 NA
504 "2022-01-28 09:24:49" 44.5 45 11 7.4 NA
505 "2022-01-28 09:24:59" 44.5 45 11 7.4 NA
506 "2022-01-28 09:25:09" 44.5 45 12 8.6 NA
507 "2022-01-28 09:25:19" 44.5 45 11.5 8 NA
508 "2022-01-28 09:25:29" 44.5 45 11.5 8 NA
509 "2022-01-28 09:25:39" 44.5 45 11.5 8 NA
510 "2022-01-28 09:25:49" 44.5 45 11 7.4 NA
511 "2022-01-28 09:25:59" 44.5 45 11 7.4 NA
512 "2022-01-28 09:26:09" 44.5 45 11 7.4 NA
513 "2022-01-28 09:26:19" 44.5 45 11 7.4 NA
514 "2022-01-28 09:26:29" 44.5 45 11 7.4 NA
515 "2022-01-28 09:26:39" 44.5 45 11 7.4 NA
516 "2022-01-28 09:26:49" 44.5 45 11 7.4 NA
517 "2022-01-28 09:26:59" 45 45 11 7.7 NA
518 "2022-01-28 09:27:09" 45 45 11 7.7 NA
519 "2022-01-28 09:27:19" 45 45 11 7.7 NA
520 "2022-01-28 09:27:29" 45 45 11 7.7 NA
521 "2022-01-28 09:27:39" 45 45 11 7.7 NA
522 "2022-01-28 09:27:49" 45 45 11 7.7 NA
523 "2022-01-28 09:27:59" 45 45 11 7.7 NA
524 "2022-01-28 09:28:09" 45 45 11 7.7 NA
525 "2022-01-28 09:28:19" 45 45 11 7.7 NA
526 "2022-01-28 09:28:29" 45 45 11 7.7 NA
527 "2022-01-28 09:28:39" 45 45 11 7.7 NA
528 "2022-01-28 09:28:49" 45 45 11 7.7 NA
529 "2022-01-28 09:28:59" 45 45 11 7.7 NA
530 "2022-01-28 09:29:09" 45 45 11 7.7 NA
531 "2022-01-28 09:29:19" 45 45 11 7.7 NA
532 "2022-01-28 09:29:29" 45 45 11 7.7 NA
533 "2022-01-28 09:29:39" 45 45 12 9 NA
534 "2022-01-28 09:29:49" 45 45 12.5 9.6 NA
535 "2022-01-28 09:29:59" 45 45 14 11.3 NA
536 "2022-01-28 09:30:09" 45 45 13 10.2 NA
537 "2022-01-28 09:30:19" 45 45 11.5 8.4 NA
538 "2022-01-28 09:30:29" 45 45 11.5 8.4 NA
539 "2022-01-28 09:30:39" 45 45 11 7.7 NA
540 "2022-01-28 09:30:49" 45 45 11 7.7 NA
541 "2022-01-28 09:30:59" 45 45 11 7.7 NA
542 "2022-01-28 09:31:09" 45 45 11 7.7 NA
543 "2022-01-28 09:31:19" 45 45 10.5 7.1 NA
544 "2022-01-28 09:31:29" 45 45 11 7.7 NA
545 "2022-01-28 09:31:39" 45 45 11 7.7 NA
546 "2022-01-28 09:31:49" 45 45 11 7.7 NA
547 "2022-01-28 09:31:59" 45 45 11 7.7 NA
548 "2022-01-28 09:32:09" 45 45 11 7.7 NA
549 "2022-01-28 09:32:19" 45 45 11 7.7 NA
550 "2022-01-28 09:32:29" 45 45 11 7.7 NA
551 "2022-01-28 09:32:39" 45 45 11 7.7 NA
552 "2022-01-28 09:32:49" 45 45 11 7.7 NA
553 "2022-01-28 09:32:59" 45 45 11 7.7 NA
554 "2022-01-28 09:33:09" 45 45 11 7.7 NA
555 "2022-01-28 09:33:19" 45 45 11 7.7 NA
556 "2022-01-28 09:33:29" 45 45 11.5 8.4 NA
557 "2022-01-28 09:33:39" 45 45 12 9 NA
558 "2022-01-28 09:33:49" 45 45 14 11.3 NA
559 "2022-01-28 09:33:59" 45 45 12 9 NA
560 "2022-01-28 09:34:09" 45 45 13.5 10.8 NA
561 "2022-01-28 09:34:19" 45 45 13 10.2 NA
562 "2022-01-28 09:34:29" 45 45 12 9 NA
563 "2022-01-28 09:34:39" 45 45 11.5 8.4 NA
564 "2022-01-28 09:34:49" 45 45 11 7.7 NA
565 "2022-01-28 09:34:59" 45 45 11 7.7 NA
566 "2022-01-28 09:35:09" 45 45 11 7.7 NA
567 "2022-01-28 09:35:19" 45 45 11 7.7 NA
568 "2022-01-28 09:35:29" 45 45 11 7.7 NA
569 "2022-01-28 09:35:39" 45 45 11 7.7 NA
570 "2022-01-28 09:35:49" 45 45 11 7.7 NA
571 "2022-01-28 09:35:59" 45 45 11 7.7 NA
572 "2022-01-28 09:36:09" 45 45 11 7.7 NA
573 "2022-01-28 09:36:19" 45 45 11 7.7 NA
574 "2022-01-28 09:36:29" 45 45 11 7.7 NA
575 "2022-01-28 09:36:39" 45 45 11 7.7 NA
576 "2022-01-28 09:36:49" 45 45 11 7.7 NA
577 "2022-01-28 09:36:59" 45 45 12.5 9.6 NA
578 "2022-01-28 09:37:09" 45 45 13.5 10.8 NA
579 "2022-01-28 09:37:19" 45 45 13 10.2 NA
580 "2022-01-28 09:37:29" 45 45 11.5 8.4 NA
581 "2022-01-28 09:37:39" 45 45 11.5 8.4 NA
582 "2022-01-28 09:37:49" 45 45 11 7.7 NA
583 "2022-01-28 09:37:59" 45 45 11 7.7 NA
584 "2022-01-28 09:38:09" 45 45 11 7.7 NA
585 "2022-01-28 09:38:19" 45 45 11 7.7 NA
586 "2022-01-28 09:38:29" 45 45 11 7.7 NA
587 "2022-01-28 09:38:39" 45 45 11 7.7 NA
588 "2022-01-28 09:38:49" 45 45 11 7.7 NA
589 "2022-01-28 09:38:59" 45 45 11 7.7 NA
590 "2022-01-28 09:39:09" 45 45 11 7.7 NA
591 "2022-01-28 09:39:19" 45 45 11 7.7 NA
592 "2022-01-28 09:39:29" 45 45 11 7.7 NA
593 "2022-01-28 09:39:39" 45 45 11 7.7 NA
594 "2022-01-28 09:39:49" 45 45 11 7.7 NA
595 "2022-01-28 09:39:59" 45 45 11 7.7 NA
596 "2022-01-28 09:40:09" 45 45 11 7.7 NA
597 "2022-01-28 09:40:19" 45 45 11 7.7 NA
598 "2022-01-28 09:40:29" 45 45 11 7.7 NA
599 "2022-01-28 09:40:39" 45 45 11 7.7 NA
600 "2022-01-28 09:40:49" 45 45 11 7.7 NA
601 "2022-01-28 09:40:59" 45 45 11 7.7 NA
602 "2022-01-28 09:41:09" 45 45 10.5 7.1 NA
603 "2022-01-28 09:41:19" 45 45 11 7.7 NA
604 "2022-01-28 09:41:29" 45 45 11 7.7 NA
605 "2022-01-28 09:41:39" 45 45 11 7.7 NA
606 "2022-01-28 09:41:49" 45 45 10.5 7.1 NA
607 "2022-01-28 09:41:59" 45 45 10.5 7.1 NA
608 "2022-01-28 09:42:09" 45 45 10.5 7.1 NA
609 "2022-01-28 09:42:19" 45 45 10.5 7.1 NA
610 "2022-01-28 09:42:29" 45 45 10.5 7.1 NA
611 "2022-01-28 09:42:39" 45 45 10.5 7.1 NA
612 "2022-01-28 09:42:49" 45 45 10.5 7.1 NA
613 "2022-01-28 09:42:59" 45 45 10.5 7.1 NA
614 "2022-01-28 09:43:09" 45 45 10.5 7.1 NA
615 "2022-01-28 09:43:19" 45 45 10.5 7.1 NA
616 "2022-01-28 09:43:29" 45 45 11 7.7 NA
617 "2022-01-28 09:43:39" 45 45 11 7.7 NA
618 "2022-01-28 09:43:49" 45 45 11 7.7 NA
619 "2022-01-28 09:43:59" 45 45 11 7.7 NA
620 "2022-01-28 09:44:09" 45 45 11 7.7 NA
621 "2022-01-28 09:44:19" 45 45 11 7.7 NA
622 "2022-01-28 09:44:29" 45 45 11 7.7 NA
623 "2022-01-28 09:44:39" 45 45 11 7.7 NA
624 "2022-01-28 09:44:49" 45 45 11 7.7 NA
625 "2022-01-28 09:44:59" 45 45 10.5 7.1 NA
626 "2022-01-28 09:45:09" 45 45 11 7.7 NA
627 "2022-01-28 09:45:19" 45 45 10.5 7.1 NA
628 "2022-01-28 09:45:29" 45 45 11 7.7 NA
629 "2022-01-28 09:45:39" 45 45 10.5 7.1 NA
630 "2022-01-28 09:45:49" 45 45 10.5 7.1 NA
631 "2022-01-28 09:45:59" 45 45 10.5 7.1 NA
632 "2022-01-28 09:46:09" 45 45 10.5 7.1 NA
633 "2022-01-28 09:46:19" 45 45 10.5 7.1 NA
634 "2022-01-28 09:46:29" 45 45 10.5 7.1 NA
635 "2022-01-28 09:46:39" 45 45 10.5 7.1 NA
636 "2022-01-28 09:46:49" 45 45 10.5 7.1 NA
637 "2022-01-28 09:46:59" 45 45 10.5 7.1 NA
638 "2022-01-28 09:47:09" 45 45 10.5 7.1 NA
639 "2022-01-28 09:47:19" 45 45 10.5 7.1 NA
640 "2022-01-28 09:47:29" 45 45 11 7.7 NA
641 "2022-01-28 09:47:39" 45 45 10.5 7.1 NA
642 "2022-01-28 09:47:49" 45 45 10.5 7.1 NA
643 "2022-01-28 09:47:59" 45 45 10.5 7.1 NA
644 "2022-01-28 09:48:09" 45 45 10.5 7.1 NA
645 "2022-01-28 09:48:19" 45 45 10.5 7.1 NA
646 "2022-01-28 09:48:29" 45 45 10.5 7.1 NA
647 "2022-01-28 09:48:39" 45 45 10.5 7.1 NA
648 "2022-01-28 09:48:49" 45 45 11 7.7 NA
649 "2022-01-28 09:48:59" 45 45 13 10.2 NA
650 "2022-01-28 09:49:09" 45 45 11.5 8.4 NA
651 "2022-01-28 09:49:19" 45 45 11 7.7 NA
652 "2022-01-28 09:49:29" 45 45 11 7.7 NA
653 "2022-01-28 09:49:39" 45 45 11 7.7 NA
654 "2022-01-28 09:49:49" 45 45 11 7.7 NA
655 "2022-01-28 09:49:59" 45 45 10.5 7.1 NA
656 "2022-01-28 09:50:09" 45 45 11 7.7 NA
657 "2022-01-28 09:50:19" 45 45 11 7.7 NA
658 "2022-01-28 09:50:29" 45 45 10.5 7.1 NA
659 "2022-01-28 09:50:39" 45 45 10.5 7.1 NA
660 "2022-01-28 09:50:49" 45 45 10.5 7.1 NA
661 "2022-01-28 09:50:59" 45 45 10.5 7.1 NA
662 "2022-01-28 09:51:09" 45 45 11 7.7 NA
663 "2022-01-28 09:51:19" 45 45 10.5 7.1 NA
664 "2022-01-28 09:51:29" 45 45 12 9 NA
665 "2022-01-28 09:51:39" 45 45 13.5 10.8 NA
666 "2022-01-28 09:51:49" 45 45 11.5 8.4 NA
667 "2022-01-28 09:51:59" 45 45 12.5 9.6 NA
668 "2022-01-28 09:52:09" 45 45 14 11.3 NA
669 "2022-01-28 09:52:19" 45 45 12.5 9.6 NA
670 "2022-01-28 09:52:29" 45 45 13 10.2 NA
671 "2022-01-28 09:52:39" 45 45 14 11.3 NA
672 "2022-01-28 09:52:49" 45 45 15.5 12.9 NA
673 "2022-01-28 09:52:59" 45 45 13.5 10.8 NA
674 "2022-01-28 09:53:09" 45 45 13 10.2 NA
675 "2022-01-28 09:53:19" 45 45 11.5 8.4 NA
676 "2022-01-28 09:53:29" 45 45 11 7.7 NA
677 "2022-01-28 09:53:39" 45 45 11 7.7 NA
678 "2022-01-28 09:53:49" 45 45 11 7.7 NA
679 "2022-01-28 09:53:59" 45 45 11 7.7 NA
680 "2022-01-28 09:54:09" 45 45 11 7.7 NA
681 "2022-01-28 09:54:19" 45 45 11 7.7 NA
682 "2022-01-28 09:54:29" 45 45 12.5 9.6 NA
683 "2022-01-28 09:54:39" 45 45 13 10.2 NA
684 "2022-01-28 09:54:49" 45 45 12 9 NA
685 "2022-01-28 09:54:59" 45 45 11 7.7 NA
686 "2022-01-28 09:55:09" 45 45 11 7.7 NA
687 "2022-01-28 09:55:19" 45 45 11 7.7 NA
688 "2022-01-28 09:55:29" 45 45 11 7.7 NA
689 "2022-01-28 09:55:39" 45 45 11 7.7 NA
690 "2022-01-28 09:55:49" 45 45 10.5 7.1 NA
691 "2022-01-28 09:55:59" 45 45 10.5 7.1 NA
692 "2022-01-28 09:56:09" 45 45 10.5 7.1 NA
693 "2022-01-28 09:56:19" 45 45 10.5 7.1 NA
694 "2022-01-28 09:56:29" 45 45 11 7.7 NA
695 "2022-01-28 09:56:39" 45 45 11 7.7 NA
696 "2022-01-28 09:56:49" 44.5 45 11 7.4 NA
697 "2022-01-28 09:56:59" 44.5 45 13.5 10.4 NA
698 "2022-01-28 09:57:09" 44.5 45 11.5 8 NA
699 "2022-01-28 09:57:19" 44.5 45 11 7.4 NA
700 "2022-01-28 09:57:29" 44.5 45 13 9.8 NA
701 "2022-01-28 09:57:39" 44.5 45 13.5 10.4 NA
702 "2022-01-28 09:57:49" 44.5 45 14.5 11.5 NA
703 "2022-01-28 09:57:59" 44.5 45 13 9.8 NA
704 "2022-01-28 09:58:09" 44.5 45 12.5 9.2 NA
705 "2022-01-28 09:58:19" 44 45 13.5 10 NA
706 "2022-01-28 09:58:29" 44 45 14 10.6 NA
707 "2022-01-28 09:58:39" 44 45 14 10.6 NA
708 "2022-01-28 09:58:49" 44 45 15 11.6 NA
709 "2022-01-28 09:58:59" 44 45 14.5 11.1 NA
710 "2022-01-28 09:59:09" 43.5 45 14.5 10.7 NA
711 "2022-01-28 09:59:19" 43.5 45 12.5 8.5 NA
712 "2022-01-28 09:59:29" 43.5 45 14 10.2 NA
713 "2022-01-28 09:59:39" 43.5 45 14 10.2 NA
714 "2022-01-28 09:59:49" 43.5 45 14 10.2 NA
715 "2022-01-28 09:59:59" 43 45 13 8.7 NA
716 "2022-01-28 10:00:09" 43 45 13 8.7 NA
717 "2022-01-28 10:00:19" 43 45 13 8.7 NA
718 "2022-01-28 10:00:29" 43 45 14 9.8 NA
719 "2022-01-28 10:00:39" 42.5 45 14.5 9.9 NA
720 "2022-01-28 10:00:49" 42.5 45 13 8.3 NA
721 "2022-01-28 10:00:59" 42.5 45 13.5 8.8 NA
722 "2022-01-28 10:01:09" 42.5 45 14 9.4 NA
723 "2022-01-28 10:01:19" 42.5 45 14 9.4 NA
724 "2022-01-28 10:01:29" 42 45 14.5 9.5 NA
725 "2022-01-28 10:01:39" 42 45 14 9 NA
726 "2022-01-28 10:01:49" 42 45 12.5 7.3 NA
727 "2022-01-28 10:01:59" 42 45 12 6.7 NA
728 "2022-01-28 10:02:09" 41.5 45 12 6.4 NA
729 "2022-01-28 10:02:19" 41.5 45 12 6.4 NA
730 "2022-01-28 10:02:29" 41.5 45 11.5 5.7 NA
731 "2022-01-28 10:02:39" 41.5 45 12 6.4 NA
732 "2022-01-28 10:02:49" 41 45 12 6 NA
733 "2022-01-28 10:02:59" 41 45 13.5 7.7 NA
734 "2022-01-28 10:03:09" 41 45 14.5 8.7 NA
735 "2022-01-28 10:03:19" 41 45 15 9.2 NA
736 "2022-01-28 10:03:29" 40.5 45 14.5 8.3 NA
737 "2022-01-28 10:03:39" 40.5 45 15 8.8 NA
738 "2022-01-28 10:03:49" 40.5 45 15 8.8 NA
739 "2022-01-28 10:03:59" 40.5 45 15 8.8 NA
740 "2022-01-28 10:04:09" 40 45 15.5 8.9 NA
741 "2022-01-28 10:04:19" 40 45 14 7.4 NA
742 "2022-01-28 10:04:29" 40 45 14 7.4 NA
743 "2022-01-28 10:04:39" 40 45 15.5 8.9 NA
744 "2022-01-28 10:04:49" 39.5 45 14 7.1 NA
745 "2022-01-28 10:04:59" 39.5 45 15.5 8.5 NA
746 "2022-01-28 10:05:09" 39.5 45 15 8.1 NA
747 "2022-01-28 10:05:19" 39.5 45 15 8.1 NA
748 "2022-01-28 10:05:29" 39.5 45 15.5 8.5 NA
749 "2022-01-28 10:05:39" 39 45 15 7.7 NA
750 "2022-01-28 10:05:49" 39 45 14.5 7.2 NA
751 "2022-01-28 10:05:59" 39 45 14.5 7.2 NA
752 "2022-01-28 10:06:09" 39 45 15 7.7 NA
753 "2022-01-28 10:06:19" 38.5 45 15 7.3 NA
754 "2022-01-28 10:06:29" 38.5 45 14.5 6.8 NA
755 "2022-01-28 10:06:39" 38.5 45 15 7.3 NA
756 "2022-01-28 10:06:49" 38.5 45 13.5 5.7 NA
757 "2022-01-28 10:06:59" 38 45 13.5 5.4 NA
758 "2022-01-28 10:07:09" 38 45 13.5 5.4 NA
759 "2022-01-28 10:07:19" 38 45 13.5 5.4 NA
760 "2022-01-28 10:07:29" 38 45 13.5 5.4 NA
761 "2022-01-28 10:07:39" 38 45 13.5 5.4 NA
762 "2022-01-28 10:07:49" 37.5 45 13.5 5 NA
763 "2022-01-28 10:07:59" 37.5 45 14 5.5 NA
764 "2022-01-28 10:08:09" 37.5 45 14 5.5 NA
765 "2022-01-28 10:08:19" 37.5 45 14 5.5 NA
766 "2022-01-28 10:08:29" 37.5 45 14 5.5 NA
767 "2022-01-28 10:08:39" 37 45 14 5.1 NA
768 "2022-01-28 10:08:49" 37 45 14 5.1 NA
769 "2022-01-28 10:08:59" 37 45 14 5.1 NA
770 "2022-01-28 10:09:09" 37 45 14 5.1 NA
771 "2022-01-28 10:09:19" 37 45 15 6.1 NA
772 "2022-01-28 10:09:29" 36.5 45 16.5 7.1 NA
