"V1" "V2" "V3" "V4" "V5" "V6" "V7"
1 "2022-02-01 07:53:48" 22.5 44.5 19 -2.2 10126936
2 "2022-02-01 07:53:58" 22.5 44.5 20.5 -1.2 NA
3 "2022-02-01 07:54:08" 22.5 44.5 20.5 -1.2 NA
4 "2022-02-01 07:54:18" 23 44.5 19.5 -1.5 NA
5 "2022-02-01 07:54:28" 23 44.5 19 -1.8 NA
6 "2022-02-01 07:54:38" 23 44.5 19 -1.8 NA
7 "2022-02-01 07:54:48" 23 44.5 19 -1.8 NA
8 "2022-02-01 07:54:58" 23 44.5 19.5 -1.5 NA
9 "2022-02-01 07:55:08" 23 44.5 20.5 -0.8 NA
10 "2022-02-01 07:55:18" 23 44.5 20 -1.1 NA
11 "2022-02-01 07:55:28" 23.5 44.5 19.5 -1.1 NA
12 "2022-02-01 07:55:38" 23.5 44.5 19 -1.4 NA
13 "2022-02-01 07:55:48" 23.5 44.5 21 -0.1 NA
14 "2022-02-01 07:55:58" 23.5 44.5 20 -0.7 NA
15 "2022-02-01 07:56:08" 23.5 44.5 19.5 -1.1 NA
16 "2022-02-01 07:56:18" 23.5 44.5 19 -1.4 NA
17 "2022-02-01 07:56:28" 23.5 44.5 19 -1.4 NA
18 "2022-02-01 07:56:38" 24 44.5 19 -1 NA
19 "2022-02-01 07:56:48" 24 44.5 18.5 -1.4 NA
20 "2022-02-01 07:56:58" 24 44.5 18.5 -1.4 NA
21 "2022-02-01 07:57:08" 24.5 44.5 18.5 -1 NA
22 "2022-02-01 07:57:18" 24.5 44.5 18.5 -1 NA
23 "2022-02-01 07:57:28" 24.5 44.5 18 -1.3 NA
24 "2022-02-01 07:57:38" 25 44.5 18 -0.9 NA
25 "2022-02-01 07:57:48" 25 44.5 18 -0.9 NA
26 "2022-02-01 07:57:58" 25.5 44.5 17.5 -0.9 NA
27 "2022-02-01 07:58:08" 25.5 44.5 17.5 -0.9 NA
28 "2022-02-01 07:58:18" 25.5 44.5 17.5 -0.9 NA
29 "2022-02-01 07:58:28" 26 44.5 17 -0.9 NA
30 "2022-02-01 07:58:38" 26 44.5 17 -0.9 NA
31 "2022-02-01 07:58:48" 26.5 44.5 16.5 -0.9 NA
32 "2022-02-01 07:58:58" 26.5 44.5 16.5 -0.9 NA
33 "2022-02-01 07:59:08" 26.5 44.5 16.5 -0.9 NA
34 "2022-02-01 07:59:18" 27 44.5 16.5 -0.5 NA
35 "2022-02-01 07:59:28" 27 44.5 16.5 -0.5 NA
36 "2022-02-01 07:59:38" 27.5 44.5 16 -0.5 NA
37 "2022-02-01 07:59:48" 27.5 44.5 16 -0.5 NA
38 "2022-02-01 07:59:58" 27.5 44.5 16 -0.5 NA
39 "2022-02-01 08:00:08" 28 44.5 16 -0.1 NA
40 "2022-02-01 08:00:18" 28 44.5 15.5 -0.6 NA
41 "2022-02-01 08:00:28" 28 44.5 15.5 -0.6 NA
42 "2022-02-01 08:00:38" 28 44.5 15.5 -0.6 NA
43 "2022-02-01 08:00:48" 28.5 44.5 15.5 -0.2 NA
44 "2022-02-01 08:00:58" 28.5 44.5 15.5 -0.2 NA
45 "2022-02-01 08:01:08" 28.5 44.5 15 -0.6 NA
46 "2022-02-01 08:01:18" 29 44.5 15 -0.2 NA
47 "2022-02-01 08:01:28" 29 44.5 15 -0.2 NA
48 "2022-02-01 08:01:38" 29 44.5 15 -0.2 NA
49 "2022-02-01 08:01:48" 29 44.5 15 -0.2 NA
50 "2022-02-01 08:01:58" 29 44.5 15 -0.2 NA
51 "2022-02-01 08:02:08" 29.5 44.5 15 0.2 NA
52 "2022-02-01 08:02:18" 29.5 44.5 15 0.2 NA
53 "2022-02-01 08:02:28" 29.5 44.5 15 0.2 NA
54 "2022-02-01 08:02:38" 29.5 44.5 14.5 -0.3 NA
55 "2022-02-01 08:02:48" 29.5 44.5 15 0.2 NA
56 "2022-02-01 08:02:58" 29.5 44.5 15 0.2 NA
57 "2022-02-01 08:03:08" 29.5 44.5 14.5 -0.3 NA
58 "2022-02-01 08:03:18" 29.5 44.5 14.5 -0.3 NA
59 "2022-02-01 08:03:28" 30 44.5 14.5 0.1 NA
60 "2022-02-01 08:03:38" 30 44.5 14.5 0.1 NA
61 "2022-02-01 08:03:48" 30 44.5 14.5 0.1 NA
62 "2022-02-01 08:03:58" 30 44.5 14.5 0.1 NA
63 "2022-02-01 08:04:08" 30 44.5 14.5 0.1 NA
64 "2022-02-01 08:04:18" 30 44.5 14.5 0.1 NA
65 "2022-02-01 08:04:28" 30 44.5 14.5 0.1 NA
66 "2022-02-01 08:04:38" 30 44.5 14.5 0.1 NA
67 "2022-02-01 08:04:48" 30 44.5 14.5 0.1 NA
68 "2022-02-01 08:04:58" 30 44.5 14.5 0.1 NA
69 "2022-02-01 08:05:08" 30 44.5 14.5 0.1 NA
70 "2022-02-01 08:05:18" 30 44.5 14.5 0.1 NA
71 "2022-02-01 08:05:28" 30 44.5 14.5 0.1 NA
72 "2022-02-01 08:05:38" 30 44.5 14.5 0.1 NA
73 "2022-02-01 08:05:48" 30 44.5 14.5 0.1 NA
74 "2022-02-01 08:05:58" 30 44.5 14.5 0.1 NA
75 "2022-02-01 08:06:08" 30 44.5 14.5 0.1 NA
76 "2022-02-01 08:06:18" 30 44.5 14.5 0.1 NA
77 "2022-02-01 08:06:28" 30 44.5 14.5 0.1 NA
78 "2022-02-01 08:06:38" 30 44.5 14.5 0.1 NA
79 "2022-02-01 08:06:48" 30 44.5 14.5 0.1 NA
80 "2022-02-01 08:06:58" 30 44.5 14.5 0.1 NA
81 "2022-02-01 08:07:08" 30 44.5 14.5 0.1 NA
82 "2022-02-01 08:07:18" 29.5 44.5 14.5 -0.3 NA
83 "2022-02-01 08:07:28" 29.5 44.5 15.5 0.6 NA
84 "2022-02-01 08:07:38" 29.5 44.5 15.5 0.6 NA
85 "2022-02-01 08:07:48" 29.5 44.5 15.5 0.6 NA
86 "2022-02-01 08:07:58" 29.5 44.5 15.5 0.6 NA
87 "2022-02-01 08:08:08" 29.5 44.5 15.5 0.6 NA
88 "2022-02-01 08:08:18" 29.5 44.5 15.5 0.6 NA
89 "2022-02-01 08:08:28" 29.5 44.5 15.5 0.6 NA
90 "2022-02-01 08:08:38" 29.5 44.5 15 0.2 NA
91 "2022-02-01 08:08:48" 29.5 44.5 15 0.2 NA
92 "2022-02-01 08:08:58" 29.5 44.5 15 0.2 NA
93 "2022-02-01 08:09:08" 29.5 44.5 15 0.2 NA
94 "2022-02-01 08:09:18" 29.5 44.5 15 0.2 NA
95 "2022-02-01 08:09:28" 29.5 44.5 15 0.2 NA
96 "2022-02-01 08:09:38" 29.5 44.5 15 0.2 NA
97 "2022-02-01 08:09:48" 29.5 44.5 15 0.2 NA
98 "2022-02-01 08:09:58" 29 44.5 15 -0.2 NA
99 "2022-02-01 08:10:08" 29 44.5 15 -0.2 NA
100 "2022-02-01 08:10:18" 29 44.5 15 -0.2 NA
101 "2022-02-01 08:10:28" 29 44.5 15 -0.2 NA
102 "2022-02-01 08:10:38" 29 44.5 15 -0.2 NA
103 "2022-02-01 08:10:48" 29 44.5 15 -0.2 NA
104 "2022-02-01 08:10:58" 29 44.5 15 -0.2 NA
105 "2022-02-01 08:11:08" 29 44.5 15 -0.2 NA
106 "2022-02-01 08:11:18" 29 44.5 15.5 0.2 NA
107 "2022-02-01 08:11:28" 29 44.5 15.5 0.2 NA
108 "2022-02-01 08:11:38" 29 44.5 15.5 0.2 NA
109 "2022-02-01 08:11:48" 29 44.5 15.5 0.2 NA
110 "2022-02-01 08:11:58" 29 44.5 15.5 0.2 NA
111 "2022-02-01 08:12:08" 29 44.5 15.5 0.2 NA
112 "2022-02-01 08:12:18" 29 44.5 15.5 0.2 NA
113 "2022-02-01 08:12:28" 28.5 44.5 15.5 -0.2 NA
114 "2022-02-01 08:12:38" 28.5 44.5 15.5 -0.2 NA
115 "2022-02-01 08:12:48" 28.5 44.5 15.5 -0.2 NA
116 "2022-02-01 08:12:58" 28.5 44.5 15.5 -0.2 NA
117 "2022-02-01 08:13:08" 28.5 44.5 15.5 -0.2 NA
118 "2022-02-01 08:13:18" 28.5 44.5 15.5 -0.2 NA
119 "2022-02-01 08:13:28" 28.5 44.5 15.5 -0.2 NA
120 "2022-02-01 08:13:38" 28.5 44.5 15.5 -0.2 NA
121 "2022-02-01 08:13:48" 28.5 44.5 15.5 -0.2 NA
122 "2022-02-01 08:13:58" 28.5 44.5 15.5 -0.2 NA
123 "2022-02-01 08:14:08" 28.5 44.5 15.5 -0.2 NA
124 "2022-02-01 08:14:18" 28.5 44.5 15.5 -0.2 NA
125 "2022-02-01 08:14:28" 28.5 44.5 15.5 -0.2 NA
126 "2022-02-01 08:14:38" 28.5 44.5 15.5 -0.2 NA
127 "2022-02-01 08:14:48" 28 44.5 15.5 -0.6 NA
128 "2022-02-01 08:14:58" 28 44.5 15.5 -0.6 NA
129 "2022-02-01 08:15:08" 28 44.5 15.5 -0.6 NA
130 "2022-02-01 08:15:18" 28 44.5 15.5 -0.6 NA
131 "2022-02-01 08:15:28" 28 44.5 15.5 -0.6 NA
132 "2022-02-01 08:15:38" 28 44.5 15.5 -0.6 NA
133 "2022-02-01 08:15:48" 28 44.5 15.5 -0.6 NA
134 "2022-02-01 08:15:58" 28 44.5 15.5 -0.6 NA
135 "2022-02-01 08:16:08" 28 44.5 15.5 -0.6 NA
136 "2022-02-01 08:16:18" 28 44.5 15.5 -0.6 NA
137 "2022-02-01 08:16:28" 28 44.5 15.5 -0.6 NA
138 "2022-02-01 08:16:38" 28 44.5 16 -0.1 NA
139 "2022-02-01 08:16:48" 28 44.5 16 -0.1 NA
140 "2022-02-01 08:16:58" 28 44.5 16 -0.1 NA
141 "2022-02-01 08:17:08" 28 44.5 16 -0.1 NA
142 "2022-02-01 08:17:18" 27.5 44.5 16 -0.5 NA
143 "2022-02-01 08:17:28" 27.5 44.5 16 -0.5 NA
144 "2022-02-01 08:17:38" 27.5 44.5 16 -0.5 NA
145 "2022-02-01 08:17:48" 27.5 44.5 16 -0.5 NA
146 "2022-02-01 08:17:58" 27.5 44.5 16 -0.5 NA
147 "2022-02-01 08:18:08" 27.5 44.5 16 -0.5 NA
148 "2022-02-01 08:18:18" 27.5 44.5 16 -0.5 NA
149 "2022-02-01 08:18:28" 27.5 44.5 16 -0.5 NA
150 "2022-02-01 08:18:38" 27.5 44.5 16 -0.5 NA
151 "2022-02-01 08:18:48" 27.5 44.5 16 -0.5 NA
152 "2022-02-01 08:18:58" 27.5 44.5 16 -0.5 NA
153 "2022-02-01 08:19:08" 27.5 44.5 16 -0.5 NA
154 "2022-02-01 08:19:18" 27.5 44.5 16 -0.5 NA
155 "2022-02-01 08:19:28" 27.5 44.5 16 -0.5 NA
156 "2022-02-01 08:19:38" 27.5 44.5 16 -0.5 NA
157 "2022-02-01 08:19:48" 27.5 44.5 16 -0.5 NA
158 "2022-02-01 08:19:58" 27 44.5 16 -0.9 NA
159 "2022-02-01 08:20:08" 27 44.5 16 -0.9 NA
160 "2022-02-01 08:20:18" 27 44.5 16 -0.9 NA
161 "2022-02-01 08:20:28" 27 44.5 16 -0.9 NA
162 "2022-02-01 08:20:38" 27 44.5 16 -0.9 NA
163 "2022-02-01 08:20:48" 27 44.5 16 -0.9 NA
164 "2022-02-01 08:20:58" 27 44.5 16 -0.9 NA
165 "2022-02-01 08:21:08" 27 44.5 16 -0.9 NA
166 "2022-02-01 08:21:18" 27 44.5 16.5 -0.5 NA
167 "2022-02-01 08:21:28" 27 44.5 16.5 -0.5 NA
168 "2022-02-01 08:21:38" 27 44.5 16.5 -0.5 NA
169 "2022-02-01 08:21:48" 27 44.5 16.5 -0.5 NA
170 "2022-02-01 08:21:58" 27 44.5 16.5 -0.5 NA
171 "2022-02-01 08:22:08" 27 44.5 16.5 -0.5 NA
172 "2022-02-01 08:22:18" 27 44.5 16.5 -0.5 NA
173 "2022-02-01 08:22:28" 27 44.5 16.5 -0.5 NA
174 "2022-02-01 08:22:38" 27 44.5 16.5 -0.5 NA
175 "2022-02-01 08:22:48" 27 44.5 16.5 -0.5 NA
176 "2022-02-01 08:22:58" 27 44.5 16.5 -0.5 NA
177 "2022-02-01 08:23:08" 27 44.5 16.5 -0.5 NA
178 "2022-02-01 08:23:18" 27 44.5 16.5 -0.5 NA
179 "2022-02-01 08:23:28" 27 44.5 16.5 -0.5 NA
180 "2022-02-01 08:23:38" 27 44.5 16.5 -0.5 NA
181 "2022-02-01 08:23:48" 27 44.5 16.5 -0.5 NA
182 "2022-02-01 08:23:58" 27 44.5 16.5 -0.5 NA
183 "2022-02-01 08:24:08" 27 44.5 16.5 -0.5 NA
184 "2022-02-01 08:24:18" 26.5 44.5 16.5 -0.9 NA
185 "2022-02-01 08:24:28" 26.5 44.5 16.5 -0.9 NA
186 "2022-02-01 08:24:38" 26.5 44.5 16.5 -0.9 NA
187 "2022-02-01 08:24:48" 26.5 44.5 16.5 -0.9 NA
188 "2022-02-01 08:24:58" 26.5 44.5 16.5 -0.9 NA
189 "2022-02-01 08:25:08" 26.5 44.5 16.5 -0.9 NA
190 "2022-02-01 08:25:18" 26.5 44.5 16.5 -0.9 NA
191 "2022-02-01 08:25:28" 26.5 44.5 16.5 -0.9 NA
192 "2022-02-01 08:25:38" 26.5 44.5 16.5 -0.9 NA
193 "2022-02-01 08:25:48" 26.5 44.5 16.5 -0.9 NA
194 "2022-02-01 08:25:58" 26.5 44.5 16.5 -0.9 NA
195 "2022-02-01 08:26:08" 26.5 44.5 16.5 -0.9 NA
196 "2022-02-01 08:26:18" 26.5 44.5 16.5 -0.9 NA
197 "2022-02-01 08:26:28" 26.5 44.5 16.5 -0.9 NA
198 "2022-02-01 08:26:38" 26.5 44.5 16.5 -0.9 NA
199 "2022-02-01 08:26:48" 26.5 44.5 16.5 -0.9 NA
200 "2022-02-01 08:26:58" 26.5 44.5 16.5 -0.9 NA
201 "2022-02-01 08:27:08" 26.5 44.5 16.5 -0.9 NA
202 "2022-02-01 08:27:18" 26.5 44.5 16.5 -0.9 NA
203 "2022-02-01 08:27:28" 26.5 44.5 16.5 -0.9 NA
204 "2022-02-01 08:27:38" 26.5 44.5 16.5 -0.9 NA
205 "2022-02-01 08:27:48" 26.5 44.5 16.5 -0.9 NA
206 "2022-02-01 08:27:58" 26.5 44.5 16.5 -0.9 NA
207 "2022-02-01 08:28:08" 26.5 44.5 16.5 -0.9 NA
208 "2022-02-01 08:28:18" 26.5 44.5 16.5 -0.9 NA
209 "2022-02-01 08:28:28" 26.5 44.5 16.5 -0.9 NA
210 "2022-02-01 08:28:38" 26.5 44.5 16.5 -0.9 NA
211 "2022-02-01 08:28:48" 26.5 44.5 16.5 -0.9 NA
212 "2022-02-01 08:28:58" 26.5 44.5 16.5 -0.9 NA
213 "2022-02-01 08:29:08" 26.5 44.5 16.5 -0.9 NA
214 "2022-02-01 08:29:18" 26.5 44.5 16.5 -0.9 NA
215 "2022-02-01 08:29:28" 26.5 44.5 16.5 -0.9 NA
216 "2022-02-01 08:29:38" 26.5 44.5 16.5 -0.9 NA
217 "2022-02-01 08:29:48" 26.5 44.5 16.5 -0.9 NA
218 "2022-02-01 08:29:58" 26.5 44.5 16.5 -0.9 NA
219 "2022-02-01 08:30:08" 26.5 44.5 16.5 -0.9 NA
220 "2022-02-01 08:30:18" 26.5 44.5 16.5 -0.9 NA
221 "2022-02-01 08:30:28" 26.5 44.5 16.5 -0.9 NA
222 "2022-02-01 08:30:38" 26.5 44.5 16.5 -0.9 NA
223 "2022-02-01 08:30:48" 26.5 44.5 16.5 -0.9 NA
224 "2022-02-01 08:30:58" 26.5 44.5 16.5 -0.9 NA
225 "2022-02-01 08:31:08" 26.5 44.5 16.5 -0.9 NA
226 "2022-02-01 08:31:18" 26.5 44.5 16.5 -0.9 NA
227 "2022-02-01 08:31:28" 26.5 44.5 16.5 -0.9 NA
228 "2022-02-01 08:31:38" 26.5 44.5 16.5 -0.9 NA
229 "2022-02-01 08:31:48" 26.5 44.5 16.5 -0.9 NA
230 "2022-02-01 08:31:58" 26.5 44.5 16.5 -0.9 NA
231 "2022-02-01 08:32:08" 26.5 44.5 16.5 -0.9 NA
232 "2022-02-01 08:32:18" 26.5 44.5 16.5 -0.9 NA
233 "2022-02-01 08:32:28" 26.5 44.5 16.5 -0.9 NA
234 "2022-02-01 08:32:38" 26.5 44.5 16.5 -0.9 NA
235 "2022-02-01 08:32:48" 26.5 44.5 16.5 -0.9 NA
236 "2022-02-01 08:32:58" 26.5 44.5 16.5 -0.9 NA
237 "2022-02-01 08:33:08" 26.5 44.5 16.5 -0.9 NA
238 "2022-02-01 08:33:18" 26.5 44.5 16.5 -0.9 NA
239 "2022-02-01 08:33:28" 26.5 44.5 16.5 -0.9 NA
240 "2022-02-01 08:33:38" 26.5 44.5 16.5 -0.9 NA
241 "2022-02-01 08:33:48" 26.5 44.5 16.5 -0.9 NA
242 "2022-02-01 08:33:58" 26.5 44.5 16.5 -0.9 NA
243 "2022-02-01 08:34:08" 26.5 44.5 16.5 -0.9 NA
244 "2022-02-01 08:34:18" 26.5 44.5 16.5 -0.9 NA
245 "2022-02-01 08:34:28" 26.5 44.5 16.5 -0.9 NA
246 "2022-02-01 08:34:38" 26.5 44.5 16.5 -0.9 NA
247 "2022-02-01 08:34:48" 26.5 44.5 16.5 -0.9 NA
248 "2022-02-01 08:34:58" 26.5 44.5 16.5 -0.9 NA
249 "2022-02-01 08:35:08" 26.5 44.5 16.5 -0.9 NA
250 "2022-02-01 08:35:18" 26.5 44.5 16.5 -0.9 NA
251 "2022-02-01 08:35:28" 27 44.5 16.5 -0.5 NA
252 "2022-02-01 08:35:38" 27 44.5 16.5 -0.5 NA
253 "2022-02-01 08:35:48" 27 44.5 16.5 -0.5 NA
254 "2022-02-01 08:35:58" 27 44.5 16.5 -0.5 NA
255 "2022-02-01 08:36:08" 27 44.5 16.5 -0.5 NA
256 "2022-02-01 08:36:18" 27 44.5 16.5 -0.5 NA
257 "2022-02-01 08:36:28" 27 44.5 16.5 -0.5 NA
258 "2022-02-01 08:36:38" 27 44.5 16.5 -0.5 NA
259 "2022-02-01 08:36:48" 27 44.5 16.5 -0.5 NA
260 "2022-02-01 08:36:58" 27 44.5 16.5 -0.5 NA
261 "2022-02-01 08:37:08" 27 44.5 16.5 -0.5 NA
262 "2022-02-01 08:37:18" 27 44.5 16.5 -0.5 NA
263 "2022-02-01 08:37:28" 27 44.5 16.5 -0.5 NA
264 "2022-02-01 08:37:38" 27 44.5 16.5 -0.5 NA
265 "2022-02-01 08:37:48" 27 44.5 16.5 -0.5 NA
266 "2022-02-01 08:37:58" 27 44.5 16.5 -0.5 NA
267 "2022-02-01 08:38:08" 27 44.5 16.5 -0.5 NA
268 "2022-02-01 08:38:18" 27 44.5 16.5 -0.5 NA
269 "2022-02-01 08:38:28" 27 44.5 16.5 -0.5 NA
270 "2022-02-01 08:38:38" 26.5 44.5 16.5 -0.9 NA
271 "2022-02-01 08:38:48" 26.5 44.5 16.5 -0.9 NA
272 "2022-02-01 08:38:58" 26.5 44.5 16.5 -0.9 NA
273 "2022-02-01 08:39:08" 26.5 44.5 16.5 -0.9 NA
274 "2022-02-01 08:39:18" 26.5 44.5 16.5 -0.9 NA
275 "2022-02-01 08:39:28" 26.5 44.5 16.5 -0.9 NA
276 "2022-02-01 08:39:38" 26.5 44.5 16.5 -0.9 NA
277 "2022-02-01 08:39:48" 26.5 44.5 16.5 -0.9 NA
278 "2022-02-01 08:39:58" 26.5 44.5 16.5 -0.9 NA
279 "2022-02-01 08:40:08" 26.5 44.5 16.5 -0.9 NA
280 "2022-02-01 08:40:18" 26.5 44.5 16.5 -0.9 NA
281 "2022-02-01 08:40:28" 26.5 44.5 16.5 -0.9 NA
282 "2022-02-01 08:40:38" 26.5 44.5 16.5 -0.9 NA
283 "2022-02-01 08:40:48" 26.5 44.5 16.5 -0.9 NA
284 "2022-02-01 08:40:58" 26.5 44.5 16.5 -0.9 NA
285 "2022-02-01 08:41:08" 26.5 44.5 16.5 -0.9 NA
286 "2022-02-01 08:41:18" 26.5 44.5 16.5 -0.9 NA
287 "2022-02-01 08:41:28" 26.5 44.5 16.5 -0.9 NA
288 "2022-02-01 08:41:38" 26.5 44.5 16.5 -0.9 NA
289 "2022-02-01 08:41:48" 26.5 44.5 16.5 -0.9 NA
290 "2022-02-01 08:41:58" 26.5 44.5 16.5 -0.9 NA
291 "2022-02-01 08:42:08" 26.5 44.5 16.5 -0.9 NA
292 "2022-02-01 08:42:18" 26.5 44.5 16.5 -0.9 NA
293 "2022-02-01 08:42:28" 26.5 44.5 16.5 -0.9 NA
294 "2022-02-01 08:42:38" 26.5 44.5 16.5 -0.9 NA
295 "2022-02-01 08:42:48" 26.5 44.5 16.5 -0.9 NA
296 "2022-02-01 08:42:58" 26.5 44.5 16.5 -0.9 NA
297 "2022-02-01 08:43:08" 26.5 44.5 16.5 -0.9 NA
298 "2022-02-01 08:43:18" 26.5 44.5 16.5 -0.9 NA
299 "2022-02-01 08:43:28" 26.5 44.5 16.5 -0.9 NA
300 "2022-02-01 08:43:38" 26.5 44.5 16.5 -0.9 NA
301 "2022-02-01 08:43:48" 26.5 44.5 16.5 -0.9 NA
302 "2022-02-01 08:43:58" 26.5 44.5 16.5 -0.9 NA
303 "2022-02-01 08:44:08" 26.5 44.5 16.5 -0.9 NA
304 "2022-02-01 08:44:18" 26.5 44.5 16.5 -0.9 NA
305 "2022-02-01 08:44:28" 26.5 44.5 16.5 -0.9 NA
306 "2022-02-01 08:44:38" 26.5 44.5 16.5 -0.9 NA
307 "2022-02-01 08:44:48" 26.5 44.5 16.5 -0.9 NA
308 "2022-02-01 08:44:58" 26.5 44.5 16.5 -0.9 NA
309 "2022-02-01 08:45:08" 26.5 44.5 16.5 -0.9 NA
310 "2022-02-01 08:45:18" 26.5 44.5 16.5 -0.9 NA
311 "2022-02-01 08:45:28" 26.5 44.5 16.5 -0.9 NA
312 "2022-02-01 08:45:38" 26.5 44.5 16.5 -0.9 NA
313 "2022-02-01 08:45:48" 26.5 44.5 16.5 -0.9 NA
314 "2022-02-01 08:45:58" 26.5 44.5 16.5 -0.9 NA
315 "2022-02-01 08:46:08" 26.5 44.5 16.5 -0.9 NA
316 "2022-02-01 08:46:18" 26.5 44.5 16.5 -0.9 NA
317 "2022-02-01 08:46:28" 26.5 44.5 16.5 -0.9 NA
318 "2022-02-01 08:46:38" 26.5 44.5 16.5 -0.9 NA
319 "2022-02-01 08:46:48" 26.5 44.5 16.5 -0.9 NA
320 "2022-02-01 08:46:58" 26.5 44.5 16.5 -0.9 NA
321 "2022-02-01 08:47:08" 26.5 44.5 16.5 -0.9 NA
322 "2022-02-01 08:47:18" 26.5 44.5 16.5 -0.9 NA
323 "2022-02-01 08:47:28" 26.5 44.5 16.5 -0.9 NA
324 "2022-02-01 08:47:38" 26.5 44.5 16.5 -0.9 NA
325 "2022-02-01 08:47:48" 26.5 44.5 16.5 -0.9 NA
326 "2022-02-01 08:47:58" 26.5 44.5 16.5 -0.9 NA
327 "2022-02-01 08:48:08" 26.5 44.5 16.5 -0.9 NA
328 "2022-02-01 08:48:18" 26.5 44.5 16.5 -0.9 NA
329 "2022-02-01 08:48:28" 26.5 44.5 16.5 -0.9 NA
330 "2022-02-01 08:48:38" 26.5 44.5 16.5 -0.9 NA
331 "2022-02-01 08:48:48" 26.5 44.5 16.5 -0.9 NA
332 "2022-02-01 08:48:58" 26.5 44.5 16.5 -0.9 NA
333 "2022-02-01 08:49:08" 26.5 44.5 16.5 -0.9 NA
334 "2022-02-01 08:49:18" 26.5 44.5 16.5 -0.9 NA
335 "2022-02-01 08:49:28" 26.5 44.5 16.5 -0.9 NA
336 "2022-02-01 08:49:38" 26.5 44.5 16.5 -0.9 NA
337 "2022-02-01 08:49:48" 26.5 44.5 16.5 -0.9 NA
338 "2022-02-01 08:49:58" 26.5 44.5 16.5 -0.9 NA
339 "2022-02-01 08:50:08" 26.5 44.5 16.5 -0.9 NA
340 "2022-02-01 08:50:18" 26.5 44.5 16.5 -0.9 NA
341 "2022-02-01 08:50:28" 26.5 44.5 16.5 -0.9 NA
342 "2022-02-01 08:50:38" 26.5 44.5 16.5 -0.9 NA
343 "2022-02-01 08:50:48" 26.5 44.5 16.5 -0.9 NA
344 "2022-02-01 08:50:58" 26.5 44.5 16.5 -0.9 NA
345 "2022-02-01 08:51:08" 26.5 44.5 16.5 -0.9 NA
346 "2022-02-01 08:51:18" 26.5 44.5 16.5 -0.9 NA
347 "2022-02-01 08:51:28" 26.5 44.5 16.5 -0.9 NA
348 "2022-02-01 08:51:38" 26.5 44.5 16.5 -0.9 NA
349 "2022-02-01 08:51:48" 26.5 44.5 16.5 -0.9 NA
350 "2022-02-01 08:51:58" 26.5 44.5 16.5 -0.9 NA
351 "2022-02-01 08:52:08" 26.5 44.5 16.5 -0.9 NA
352 "2022-02-01 08:52:18" 26.5 44.5 16.5 -0.9 NA
353 "2022-02-01 08:52:28" 26.5 44.5 16.5 -0.9 NA
354 "2022-02-01 08:52:38" 26.5 44.5 16.5 -0.9 NA
355 "2022-02-01 08:52:48" 26.5 44.5 16.5 -0.9 NA
356 "2022-02-01 08:52:58" 26.5 44.5 16.5 -0.9 NA
357 "2022-02-01 08:53:08" 26.5 44.5 16.5 -0.9 NA
358 "2022-02-01 08:53:18" 26.5 44.5 16.5 -0.9 NA
359 "2022-02-01 08:53:28" 26.5 44.5 16.5 -0.9 NA
360 "2022-02-01 08:53:38" 26.5 44.5 16.5 -0.9 NA
361 "2022-02-01 08:53:48" 26.5 44.5 16.5 -0.9 NA
362 "2022-02-01 08:53:58" 26.5 44.5 16.5 -0.9 NA
363 "2022-02-01 08:54:08" 26.5 44.5 16.5 -0.9 NA
364 "2022-02-01 08:54:18" 26.5 44.5 16.5 -0.9 NA
365 "2022-02-01 08:54:28" 26.5 44.5 16.5 -0.9 NA
366 "2022-02-01 08:54:38" 26.5 44.5 16.5 -0.9 NA
367 "2022-02-01 08:54:48" 26.5 44.5 16.5 -0.9 NA
368 "2022-02-01 08:54:58" 26.5 44.5 16.5 -0.9 NA
369 "2022-02-01 08:55:08" 26.5 44.5 16.5 -0.9 NA
370 "2022-02-01 08:55:18" 26.5 44.5 16.5 -0.9 NA
371 "2022-02-01 08:55:28" 26.5 44.5 16.5 -0.9 NA
372 "2022-02-01 08:55:38" 26.5 44.5 16.5 -0.9 NA
373 "2022-02-01 08:55:48" 26.5 44.5 16.5 -0.9 NA
374 "2022-02-01 08:55:58" 26.5 44.5 16.5 -0.9 NA
375 "2022-02-01 08:56:08" 26.5 44.5 16.5 -0.9 NA
376 "2022-02-01 08:56:18" 26.5 44.5 16.5 -0.9 NA
377 "2022-02-01 08:56:28" 26.5 44.5 16.5 -0.9 NA
378 "2022-02-01 08:56:38" 26.5 44.5 16.5 -0.9 NA
379 "2022-02-01 08:56:48" 26.5 44.5 16.5 -0.9 NA
380 "2022-02-01 08:56:58" 26.5 44.5 16.5 -0.9 NA
381 "2022-02-01 08:57:08" 26.5 44.5 16.5 -0.9 NA
382 "2022-02-01 08:57:18" 26.5 44.5 16.5 -0.9 NA
383 "2022-02-01 08:57:28" 26.5 44.5 16.5 -0.9 NA
384 "2022-02-01 08:57:38" 26.5 44.5 16.5 -0.9 NA
385 "2022-02-01 08:57:48" 26.5 44.5 16.5 -0.9 NA
386 "2022-02-01 08:57:58" 26.5 44.5 16.5 -0.9 NA
387 "2022-02-01 08:58:08" 26.5 44.5 16.5 -0.9 NA
388 "2022-02-01 08:58:18" 26.5 44.5 16.5 -0.9 NA
389 "2022-02-01 08:58:28" 26.5 44.5 16.5 -0.9 NA
390 "2022-02-01 08:58:38" 26.5 44.5 16.5 -0.9 NA
391 "2022-02-01 08:58:48" 26.5 44.5 16.5 -0.9 NA
392 "2022-02-01 08:58:58" 26.5 44.5 16.5 -0.9 NA
393 "2022-02-01 08:59:08" 26.5 44.5 16.5 -0.9 NA
394 "2022-02-01 08:59:18" 26.5 44.5 16.5 -0.9 NA
395 "2022-02-01 08:59:28" 26.5 44.5 16.5 -0.9 NA
396 "2022-02-01 08:59:38" 26.5 44.5 16.5 -0.9 NA
397 "2022-02-01 08:59:48" 26.5 44.5 16.5 -0.9 NA
398 "2022-02-01 08:59:58" 26.5 44.5 16.5 -0.9 NA
399 "2022-02-01 09:00:08" 26.5 44.5 16.5 -0.9 NA
400 "2022-02-01 09:00:18" 26.5 44.5 16.5 -0.9 NA
401 "2022-02-01 09:00:28" 26.5 44.5 16.5 -0.9 NA
402 "2022-02-01 09:00:38" 26.5 44.5 16.5 -0.9 NA
403 "2022-02-01 09:00:48" 26.5 44.5 16.5 -0.9 NA
404 "2022-02-01 09:00:58" 26.5 44.5 16.5 -0.9 NA
405 "2022-02-01 09:01:08" 26.5 44.5 16.5 -0.9 NA
406 "2022-02-01 09:01:18" 26.5 44.5 16.5 -0.9 NA
407 "2022-02-01 09:01:28" 26.5 44.5 16.5 -0.9 NA
408 "2022-02-01 09:01:38" 26.5 44.5 16.5 -0.9 NA
409 "2022-02-01 09:01:48" 26.5 44.5 16.5 -0.9 NA
410 "2022-02-01 09:01:58" 26.5 44.5 16.5 -0.9 NA
411 "2022-02-01 09:02:08" 26.5 44.5 16.5 -0.9 NA
412 "2022-02-01 09:02:18" 26.5 44.5 16.5 -0.9 NA
413 "2022-02-01 09:02:28" 26.5 44.5 16.5 -0.9 NA
414 "2022-02-01 09:02:38" 26.5 44.5 16.5 -0.9 NA
415 "2022-02-01 09:02:48" 26.5 44.5 16.5 -0.9 NA
416 "2022-02-01 09:02:58" 26.5 44.5 16.5 -0.9 NA
417 "2022-02-01 09:03:08" 26.5 44.5 16.5 -0.9 NA
418 "2022-02-01 09:03:18" 26.5 44.5 16.5 -0.9 NA
419 "2022-02-01 09:03:28" 26.5 44.5 16.5 -0.9 NA
420 "2022-02-01 09:03:38" 26.5 44.5 16.5 -0.9 NA
421 "2022-02-01 09:03:48" 26.5 44.5 16.5 -0.9 NA
422 "2022-02-01 09:03:58" 26.5 44.5 16.5 -0.9 NA
423 "2022-02-01 09:04:08" 26.5 44.5 16.5 -0.9 NA
424 "2022-02-01 09:04:18" 26.5 44.5 16.5 -0.9 NA
425 "2022-02-01 09:04:28" 26.5 44.5 16.5 -0.9 NA
426 "2022-02-01 09:04:38" 26.5 44.5 16.5 -0.9 NA
427 "2022-02-01 09:04:48" 26.5 44.5 16.5 -0.9 NA
428 "2022-02-01 09:04:58" 26.5 44.5 16.5 -0.9 NA
429 "2022-02-01 09:05:08" 26.5 44.5 16.5 -0.9 NA
430 "2022-02-01 09:05:18" 26.5 44.5 16.5 -0.9 NA
431 "2022-02-01 09:05:28" 26.5 44.5 16.5 -0.9 NA
432 "2022-02-01 09:05:38" 26.5 44.5 16.5 -0.9 NA
433 "2022-02-01 09:05:48" 26.5 44.5 16.5 -0.9 NA
434 "2022-02-01 09:05:58" 26.5 44.5 16.5 -0.9 NA
435 "2022-02-01 09:06:08" 26.5 44.5 16.5 -0.9 NA
436 "2022-02-01 09:06:18" 26.5 44.5 16.5 -0.9 NA
437 "2022-02-01 09:06:28" 26.5 44.5 16.5 -0.9 NA
438 "2022-02-01 09:06:38" 26.5 44.5 16.5 -0.9 NA
439 "2022-02-01 09:06:48" 26.5 44.5 16.5 -0.9 NA
440 "2022-02-01 09:06:58" 26.5 44.5 16.5 -0.9 NA
441 "2022-02-01 09:07:08" 26.5 44.5 16.5 -0.9 NA
442 "2022-02-01 09:07:18" 26.5 44.5 16.5 -0.9 NA
443 "2022-02-01 09:07:28" 26.5 44.5 16.5 -0.9 NA
444 "2022-02-01 09:07:38" 26.5 44.5 16.5 -0.9 NA
445 "2022-02-01 09:07:48" 26.5 44.5 16.5 -0.9 NA
446 "2022-02-01 09:07:58" 26.5 44.5 16.5 -0.9 NA
447 "2022-02-01 09:08:08" 26.5 44.5 16.5 -0.9 NA
448 "2022-02-01 09:08:18" 26.5 44.5 16.5 -0.9 NA
449 "2022-02-01 09:08:28" 26.5 44.5 16.5 -0.9 NA
450 "2022-02-01 09:08:38" 26.5 44.5 16.5 -0.9 NA
451 "2022-02-01 09:08:48" 26.5 44.5 16.5 -0.9 NA
452 "2022-02-01 09:08:58" 26.5 44.5 16.5 -0.9 NA
453 "2022-02-01 09:09:08" 26.5 44.5 16.5 -0.9 NA
454 "2022-02-01 09:09:18" 26.5 44.5 16.5 -0.9 NA
455 "2022-02-01 09:09:28" 26.5 44.5 16.5 -0.9 NA
456 "2022-02-01 09:09:38" 26.5 44.5 16.5 -0.9 NA
457 "2022-02-01 09:09:48" 26.5 44.5 16.5 -0.9 NA
458 "2022-02-01 09:09:58" 26.5 44.5 16.5 -0.9 NA
459 "2022-02-01 09:10:08" 26.5 44.5 16.5 -0.9 NA
460 "2022-02-01 09:10:18" 26.5 44.5 16.5 -0.9 NA
461 "2022-02-01 09:10:28" 26.5 44.5 16.5 -0.9 NA
462 "2022-02-01 09:10:38" 26.5 44.5 16.5 -0.9 NA
463 "2022-02-01 09:10:48" 26.5 44.5 16.5 -0.9 NA
464 "2022-02-01 09:10:58" 26.5 44.5 16.5 -0.9 NA
465 "2022-02-01 09:11:08" 26.5 44.5 16.5 -0.9 NA
466 "2022-02-01 09:11:18" 26.5 44.5 16.5 -0.9 NA
467 "2022-02-01 09:11:28" 26.5 44.5 16.5 -0.9 NA
468 "2022-02-01 09:11:38" 26.5 44.5 16.5 -0.9 NA
469 "2022-02-01 09:11:48" 26.5 44.5 16.5 -0.9 NA
470 "2022-02-01 09:11:58" 26.5 44.5 16.5 -0.9 NA
471 "2022-02-01 09:12:08" 26.5 44.5 16.5 -0.9 NA
472 "2022-02-01 09:12:18" 26.5 44.5 16.5 -0.9 NA
473 "2022-02-01 09:12:28" 26.5 44.5 16.5 -0.9 NA
474 "2022-02-01 09:12:38" 26.5 44.5 16.5 -0.9 NA
475 "2022-02-01 09:12:48" 26.5 44.5 16.5 -0.9 NA
476 "2022-02-01 09:12:58" 26.5 44.5 16.5 -0.9 NA
477 "2022-02-01 09:13:08" 26.5 44.5 16.5 -0.9 NA
478 "2022-02-01 09:13:18" 26.5 44.5 16.5 -0.9 NA
479 "2022-02-01 09:13:28" 26.5 44.5 16.5 -0.9 NA
480 "2022-02-01 09:13:38" 26.5 44.5 16.5 -0.9 NA
481 "2022-02-01 09:13:48" 26.5 44.5 16.5 -0.9 NA
482 "2022-02-01 09:13:58" 26.5 44.5 16.5 -0.9 NA
483 "2022-02-01 09:14:08" 26.5 44.5 16.5 -0.9 NA
484 "2022-02-01 09:14:18" 26.5 44.5 16.5 -0.9 NA
485 "2022-02-01 09:14:28" 26.5 44.5 16.5 -0.9 NA
486 "2022-02-01 09:14:38" 26 44.5 16.5 -1.3 NA
487 "2022-02-01 09:14:48" 26 44.5 16.5 -1.3 NA
488 "2022-02-01 09:14:58" 26 44.5 16.5 -1.3 NA
489 "2022-02-01 09:15:08" 26 44.5 16.5 -1.3 NA
490 "2022-02-01 09:15:18" 26 44.5 16.5 -1.3 NA
491 "2022-02-01 09:15:28" 26 44.5 16.5 -1.3 NA
492 "2022-02-01 09:15:38" 26 44.5 16.5 -1.3 NA
493 "2022-02-01 09:15:48" 26 44.5 16.5 -1.3 NA
494 "2022-02-01 09:15:58" 26 44.5 17 -0.9 NA
495 "2022-02-01 09:16:08" 26 44.5 20 1.3 NA
