"V1" "V2" "V3" "V4" "V5" "V6" "V7"
1 "2022-02-23 07:59:52" 25.5 45 39.5 10.7 10045488
2 "2022-02-23 08:00:02" 26 45 39.5 11.2 NA
3 "2022-02-23 08:00:12" 26 45 48 14.1 NA
4 "2022-02-23 08:00:22" 26 45 41.5 11.9 NA
5 "2022-02-23 08:00:32" 26 45 39.5 11.2 NA
6 "2022-02-23 08:00:42" 26 45 39 11 NA
7 "2022-02-23 08:00:52" 26 45 38.5 10.8 NA
8 "2022-02-23 08:01:02" 26 45 38.5 10.8 NA
9 "2022-02-23 08:01:12" 26.5 45 38.5 11.2 NA
10 "2022-02-23 08:01:22" 26.5 45 38 11 NA
11 "2022-02-23 08:01:32" 26.5 45 38 11 NA
12 "2022-02-23 08:01:42" 26.5 45 38 11 NA
13 "2022-02-23 08:01:52" 26.5 45 38 11 NA
14 "2022-02-23 08:02:02" 26.5 45 38 11 NA
15 "2022-02-23 08:02:12" 26.5 45 38 11 NA
16 "2022-02-23 08:02:22" 26.5 45 38 11 NA
17 "2022-02-23 08:02:32" 26.5 45 37.5 10.8 NA
18 "2022-02-23 08:02:42" 26.5 45 37.5 10.8 NA
19 "2022-02-23 08:02:52" 26.5 45 37.5 10.8 NA
20 "2022-02-23 08:03:02" 26.5 45 37.5 10.8 NA
21 "2022-02-23 08:03:12" 26.5 45 37.5 10.8 NA
22 "2022-02-23 08:03:22" 26.5 45 37.5 10.8 NA
23 "2022-02-23 08:03:32" 26.5 45 37.5 10.8 NA
24 "2022-02-23 08:03:42" 26.5 45 37.5 10.8 NA
25 "2022-02-23 08:03:52" 26.5 45 37.5 10.8 NA
26 "2022-02-23 08:04:02" 26.5 45 37.5 10.8 NA
27 "2022-02-23 08:04:12" 26.5 45 37.5 10.8 NA
28 "2022-02-23 08:04:22" 26.5 45 37.5 10.8 NA
29 "2022-02-23 08:04:32" 26.5 45 37 10.6 NA
30 "2022-02-23 08:04:42" 26.5 45 37.5 10.8 NA
31 "2022-02-23 08:04:52" 26.5 45 37.5 10.8 NA
32 "2022-02-23 08:05:02" 27 45 37.5 11.3 NA
33 "2022-02-23 08:05:12" 27 45 37.5 11.3 NA
34 "2022-02-23 08:05:22" 27 45 37 11.1 NA
35 "2022-02-23 08:05:32" 27 45 37 11.1 NA
36 "2022-02-23 08:05:42" 27 45 37 11.1 NA
37 "2022-02-23 08:05:52" 27 45 37 11.1 NA
38 "2022-02-23 08:06:02" 27 45 37 11.1 NA
39 "2022-02-23 08:06:12" 27 45 37 11.1 NA
40 "2022-02-23 08:06:22" 27 45 37 11.1 NA
41 "2022-02-23 08:06:32" 27 45 37 11.1 NA
42 "2022-02-23 08:06:42" 27 45 37 11.1 NA
43 "2022-02-23 08:06:52" 27 45 36.5 10.9 NA
44 "2022-02-23 08:07:02" 27 45 37 11.1 NA
45 "2022-02-23 08:07:12" 27 45 36.5 10.9 NA
46 "2022-02-23 08:07:22" 27 45 36.5 10.9 NA
47 "2022-02-23 08:07:32" 27 45 36.5 10.9 NA
48 "2022-02-23 08:07:42" 27 45 36.5 10.9 NA
49 "2022-02-23 08:07:52" 27 45 36.5 10.9 NA
50 "2022-02-23 08:08:02" 27 45 36.5 10.9 NA
51 "2022-02-23 08:08:12" 27 45 36.5 10.9 NA
52 "2022-02-23 08:08:22" 27 45 36.5 10.9 NA
53 "2022-02-23 08:08:32" 27 45 36.5 10.9 NA
54 "2022-02-23 08:08:42" 27 45 36.5 10.9 NA
55 "2022-02-23 08:08:52" 27 45 37 11.1 NA
56 "2022-02-23 08:09:02" 27 45 36.5 10.9 NA
57 "2022-02-23 08:09:12" 27 45 36.5 10.9 NA
58 "2022-02-23 08:09:22" 27 45 36.5 10.9 NA
59 "2022-02-23 08:09:32" 27 45 36.5 10.9 NA
60 "2022-02-23 08:09:42" 27 45 36.5 10.9 NA
61 "2022-02-23 08:09:52" 27.5 45 36.5 11.3 NA
62 "2022-02-23 08:10:02" 27.5 45 36.5 11.3 NA
63 "2022-02-23 08:10:12" 27.5 45 36.5 11.3 NA
64 "2022-02-23 08:10:22" 27.5 45 36.5 11.3 NA
65 "2022-02-23 08:10:32" 27.5 45 36 11.1 NA
66 "2022-02-23 08:10:42" 27.5 45 36 11.1 NA
67 "2022-02-23 08:10:52" 27.5 45 36 11.1 NA
68 "2022-02-23 08:11:02" 27.5 45 36 11.1 NA
69 "2022-02-23 08:11:12" 27.5 45 36.5 11.3 NA
70 "2022-02-23 08:11:22" 27.5 45 36 11.1 NA
71 "2022-02-23 08:11:32" 27.5 45 36.5 11.3 NA
72 "2022-02-23 08:11:42" 27.5 45 36.5 11.3 NA
73 "2022-02-23 08:11:52" 27.5 45 36.5 11.3 NA
74 "2022-02-23 08:12:02" 27.5 45 36 11.1 NA
75 "2022-02-23 08:12:12" 27.5 45 36.5 11.3 NA
76 "2022-02-23 08:12:22" 27.5 45 36.5 11.3 NA
77 "2022-02-23 08:12:32" 27.5 45 36 11.1 NA
78 "2022-02-23 08:12:42" 27.5 45 37 11.5 NA
79 "2022-02-23 08:12:52" 27.5 45 37 11.5 NA
80 "2022-02-23 08:13:02" 27.5 45 37 11.5 NA
81 "2022-02-23 08:13:12" 28 45 36.5 11.8 NA
82 "2022-02-23 08:13:22" 28 45 36.5 11.8 NA
83 "2022-02-23 08:13:32" 28 45 36 11.5 NA
84 "2022-02-23 08:13:42" 28.5 45 36 12 NA
85 "2022-02-23 08:13:52" 28.5 45 35.5 11.8 NA
86 "2022-02-23 08:14:02" 28.5 45 35.5 11.8 NA
87 "2022-02-23 08:14:12" 29 45 35 12 NA
88 "2022-02-23 08:14:22" 29 45 34.5 11.8 NA
89 "2022-02-23 08:14:32" 29.5 45 34.5 12.2 NA
90 "2022-02-23 08:14:42" 29.5 45 34 12 NA
91 "2022-02-23 08:14:52" 30 45 33.5 12.2 NA
92 "2022-02-23 08:15:02" 30 45 33.5 12.2 NA
93 "2022-02-23 08:15:12" 30 45 33 12 NA
94 "2022-02-23 08:15:22" 30.5 45 33 12.4 NA
95 "2022-02-23 08:15:32" 30.5 45 32.5 12.2 NA
96 "2022-02-23 08:15:42" 31 45 32 12.4 NA
97 "2022-02-23 08:15:52" 31 45 32 12.4 NA
98 "2022-02-23 08:16:02" 31.5 45 31.5 12.6 NA
99 "2022-02-23 08:16:12" 31.5 45 31 12.3 NA
100 "2022-02-23 08:16:22" 31.5 45 31 12.3 NA
101 "2022-02-23 08:16:32" 32 45 31 12.8 NA
102 "2022-02-23 08:16:42" 32 45 30.5 12.5 NA
103 "2022-02-23 08:16:52" 32 45 30.5 12.5 NA
104 "2022-02-23 08:17:02" 32.5 45 30 12.7 NA
105 "2022-02-23 08:17:12" 32.5 45 29.5 12.4 NA
106 "2022-02-23 08:17:22" 33 45 29.5 12.9 NA
107 "2022-02-23 08:17:32" 33 45 29.5 12.9 NA
108 "2022-02-23 08:17:42" 33 45 29 12.6 NA
109 "2022-02-23 08:17:52" 33.5 45 29 13 NA
110 "2022-02-23 08:18:02" 33.5 45 28.5 12.8 NA
111 "2022-02-23 08:18:12" 33.5 45 28 12.5 NA
112 "2022-02-23 08:18:22" 33.5 45 28 12.5 NA
113 "2022-02-23 08:18:32" 34 45 27.5 12.6 NA
114 "2022-02-23 08:18:42" 34 45 27.5 12.6 NA
115 "2022-02-23 08:18:52" 34 45 27.5 12.6 NA
116 "2022-02-23 08:19:02" 34.5 45 27.5 13.1 NA
117 "2022-02-23 08:19:12" 34.5 45 27 12.8 NA
118 "2022-02-23 08:19:22" 34.5 45 27 12.8 NA
119 "2022-02-23 08:19:32" 35 45 27 13.2 NA
120 "2022-02-23 08:19:42" 35 45 26.5 12.9 NA
121 "2022-02-23 08:19:52" 35 45 26.5 12.9 NA
122 "2022-02-23 08:20:02" 35 45 26.5 12.9 NA
123 "2022-02-23 08:20:12" 35.5 45 26.5 13.3 NA
124 "2022-02-23 08:20:22" 35.5 45 26 13.1 NA
125 "2022-02-23 08:20:32" 35.5 45 26 13.1 NA
126 "2022-02-23 08:20:42" 35.5 45 26 13.1 NA
127 "2022-02-23 08:20:52" 35.5 45 25.5 12.8 NA
128 "2022-02-23 08:21:02" 36 45 25.5 13.2 NA
129 "2022-02-23 08:21:12" 36 45 25.5 13.2 NA
130 "2022-02-23 08:21:22" 36 45 25 12.9 NA
131 "2022-02-23 08:21:32" 36 45 25 12.9 NA
132 "2022-02-23 08:21:42" 36 45 25 12.9 NA
133 "2022-02-23 08:21:52" 36.5 45 25 13.3 NA
134 "2022-02-23 08:22:02" 36.5 45 25 13.3 NA
135 "2022-02-23 08:22:12" 36.5 45 24.5 13 NA
136 "2022-02-23 08:22:22" 36.5 45 24.5 13 NA
137 "2022-02-23 08:22:32" 36.5 45 24.5 13 NA
138 "2022-02-23 08:22:42" 37 45 24.5 13.4 NA
139 "2022-02-23 08:22:52" 37 45 24.5 13.4 NA
140 "2022-02-23 08:23:02" 37 45 24 13.1 NA
141 "2022-02-23 08:23:12" 37 45 24 13.1 NA
142 "2022-02-23 08:23:22" 37 45 24 13.1 NA
143 "2022-02-23 08:23:32" 37 45 24 13.1 NA
144 "2022-02-23 08:23:42" 37.5 45 24 13.5 NA
145 "2022-02-23 08:23:52" 37.5 45 24 13.5 NA
146 "2022-02-23 08:24:02" 37.5 45 24 13.5 NA
147 "2022-02-23 08:24:12" 37.5 45 23.5 13.2 NA
148 "2022-02-23 08:24:22" 37.5 45 23.5 13.2 NA
149 "2022-02-23 08:24:32" 37.5 45 23.5 13.2 NA
150 "2022-02-23 08:24:42" 37.5 45 23.5 13.2 NA
151 "2022-02-23 08:24:52" 38 45 23.5 13.6 NA
152 "2022-02-23 08:25:02" 38 45 23.5 13.6 NA
153 "2022-02-23 08:25:12" 38 45 23.5 13.6 NA
154 "2022-02-23 08:25:22" 38 45 23 13.3 NA
155 "2022-02-23 08:25:32" 38 45 23 13.3 NA
156 "2022-02-23 08:25:42" 38 45 23 13.3 NA
157 "2022-02-23 08:25:52" 38 45 23 13.3 NA
158 "2022-02-23 08:26:02" 38 45 23 13.3 NA
159 "2022-02-23 08:26:12" 38.5 45 23 13.7 NA
160 "2022-02-23 08:26:22" 38.5 45 23 13.7 NA
161 "2022-02-23 08:26:32" 38.5 45 23 13.7 NA
162 "2022-02-23 08:26:42" 38.5 45 23 13.7 NA
163 "2022-02-23 08:26:52" 38.5 45 23 13.7 NA
164 "2022-02-23 08:27:02" 38.5 45 22.5 13.3 NA
165 "2022-02-23 08:27:12" 38.5 45 22.5 13.3 NA
166 "2022-02-23 08:27:22" 38.5 45 22.5 13.3 NA
167 "2022-02-23 08:27:32" 38.5 45 22.5 13.3 NA
168 "2022-02-23 08:27:42" 39 45 22.5 13.8 NA
169 "2022-02-23 08:27:52" 39 45 22.5 13.8 NA
170 "2022-02-23 08:28:02" 39 45 22.5 13.8 NA
171 "2022-02-23 08:28:12" 39 45 22.5 13.8 NA
172 "2022-02-23 08:28:22" 39 45 22.5 13.8 NA
173 "2022-02-23 08:28:32" 39 45 22 13.4 NA
174 "2022-02-23 08:28:42" 39 45 22 13.4 NA
175 "2022-02-23 08:28:52" 39 45 22.5 13.8 NA
176 "2022-02-23 08:29:02" 39 45 22 13.4 NA
177 "2022-02-23 08:29:12" 39 45 22 13.4 NA
178 "2022-02-23 08:29:22" 39 45 22 13.4 NA
179 "2022-02-23 08:29:32" 39 45 22 13.4 NA
180 "2022-02-23 08:29:42" 39 45 22 13.4 NA
181 "2022-02-23 08:29:52" 39.5 45 22 13.8 NA
182 "2022-02-23 08:30:02" 39.5 45 22 13.8 NA
183 "2022-02-23 08:30:12" 39.5 45 22 13.8 NA
184 "2022-02-23 08:30:22" 39.5 45 22 13.8 NA
185 "2022-02-23 08:30:32" 39.5 45 22 13.8 NA
186 "2022-02-23 08:30:42" 39.5 45 22 13.8 NA
187 "2022-02-23 08:30:52" 39.5 45 21.5 13.5 NA
188 "2022-02-23 08:31:02" 39.5 45 22 13.8 NA
189 "2022-02-23 08:31:12" 39.5 45 21.5 13.5 NA
190 "2022-02-23 08:31:22" 39.5 45 21.5 13.5 NA
191 "2022-02-23 08:31:32" 39.5 45 21.5 13.5 NA
192 "2022-02-23 08:31:42" 39.5 45 21.5 13.5 NA
193 "2022-02-23 08:31:52" 39.5 45 21.5 13.5 NA
194 "2022-02-23 08:32:02" 39.5 45 21.5 13.5 NA
195 "2022-02-23 08:32:12" 39.5 45 21.5 13.5 NA
196 "2022-02-23 08:32:22" 40 45 21.5 13.9 NA
197 "2022-02-23 08:32:32" 40 45 21.5 13.9 NA
198 "2022-02-23 08:32:42" 40 45 21.5 13.9 NA
199 "2022-02-23 08:32:52" 40 45 21.5 13.9 NA
200 "2022-02-23 08:33:02" 40 45 21.5 13.9 NA
201 "2022-02-23 08:33:12" 40 45 21.5 13.9 NA
202 "2022-02-23 08:33:22" 40 45 21.5 13.9 NA
203 "2022-02-23 08:33:32" 40 45 21.5 13.9 NA
204 "2022-02-23 08:33:42" 40 45 21.5 13.9 NA
205 "2022-02-23 08:33:52" 40 45 21.5 13.9 NA
206 "2022-02-23 08:34:02" 40 45 21.5 13.9 NA
207 "2022-02-23 08:34:12" 40 45 21.5 13.9 NA
208 "2022-02-23 08:34:22" 40 45 21.5 13.9 NA
209 "2022-02-23 08:34:32" 40 45 21.5 13.9 NA
210 "2022-02-23 08:34:42" 40 45 21.5 13.9 NA
211 "2022-02-23 08:34:52" 40 45 21.5 13.9 NA
212 "2022-02-23 08:35:02" 40 45 21.5 13.9 NA
213 "2022-02-23 08:35:12" 40 45 21 13.5 NA
214 "2022-02-23 08:35:22" 40 45 21 13.5 NA
215 "2022-02-23 08:35:32" 40 45 21 13.5 NA
216 "2022-02-23 08:35:42" 40 45 21 13.5 NA
217 "2022-02-23 08:35:52" 40 45 21 13.5 NA
218 "2022-02-23 08:36:02" 40 45 21 13.5 NA
219 "2022-02-23 08:36:12" 40 45 21 13.5 NA
220 "2022-02-23 08:36:22" 40 45 21 13.5 NA
221 "2022-02-23 08:36:32" 40 45 21 13.5 NA
222 "2022-02-23 08:36:42" 40 45 21 13.5 NA
223 "2022-02-23 08:36:52" 40.5 45 21 13.9 NA
224 "2022-02-23 08:37:02" 40.5 45 21 13.9 NA
225 "2022-02-23 08:37:12" 40.5 45 21 13.9 NA
226 "2022-02-23 08:37:22" 40.5 45 21 13.9 NA
227 "2022-02-23 08:37:32" 40.5 45 21 13.9 NA
228 "2022-02-23 08:37:42" 40.5 45 21 13.9 NA
229 "2022-02-23 08:37:52" 40.5 45 21 13.9 NA
230 "2022-02-23 08:38:02" 40.5 45 21 13.9 NA
231 "2022-02-23 08:38:12" 40.5 45 21 13.9 NA
232 "2022-02-23 08:38:22" 40.5 45 21 13.9 NA
233 "2022-02-23 08:38:32" 40.5 45 21 13.9 NA
234 "2022-02-23 08:38:42" 40.5 45 21 13.9 NA
235 "2022-02-23 08:38:52" 40.5 45 21 13.9 NA
236 "2022-02-23 08:39:02" 40.5 45 21 13.9 NA
237 "2022-02-23 08:39:12" 40.5 45 21 13.9 NA
238 "2022-02-23 08:39:22" 40.5 45 21 13.9 NA
239 "2022-02-23 08:39:32" 40.5 45 21 13.9 NA
240 "2022-02-23 08:39:42" 40.5 45 20.5 13.6 NA
241 "2022-02-23 08:39:52" 40.5 45 20.5 13.6 NA
242 "2022-02-23 08:40:02" 40.5 45 21 13.9 NA
243 "2022-02-23 08:40:12" 40.5 45 21 13.9 NA
244 "2022-02-23 08:40:22" 40.5 45 21 13.9 NA
245 "2022-02-23 08:40:32" 40.5 45 20.5 13.6 NA
246 "2022-02-23 08:40:42" 40.5 45 20.5 13.6 NA
247 "2022-02-23 08:40:52" 40.5 45 21 13.9 NA
248 "2022-02-23 08:41:02" 40.5 45 21 13.9 NA
249 "2022-02-23 08:41:12" 40.5 45 20.5 13.6 NA
250 "2022-02-23 08:41:22" 40.5 45 21 13.9 NA
251 "2022-02-23 08:41:32" 40.5 45 21 13.9 NA
252 "2022-02-23 08:41:42" 40.5 45 20.5 13.6 NA
253 "2022-02-23 08:41:52" 40.5 45 20.5 13.6 NA
254 "2022-02-23 08:42:02" 40.5 45 20.5 13.6 NA
255 "2022-02-23 08:42:12" 40.5 45 20.5 13.6 NA
256 "2022-02-23 08:42:22" 40.5 45 20.5 13.6 NA
257 "2022-02-23 08:42:32" 40.5 45 20.5 13.6 NA
258 "2022-02-23 08:42:42" 40.5 45 20.5 13.6 NA
259 "2022-02-23 08:42:52" 40.5 45 20.5 13.6 NA
260 "2022-02-23 08:43:02" 40.5 45 20.5 13.6 NA
261 "2022-02-23 08:43:12" 40.5 45 20.5 13.6 NA
262 "2022-02-23 08:43:22" 40.5 45 21 13.9 NA
263 "2022-02-23 08:43:32" 40.5 45 20.5 13.6 NA
264 "2022-02-23 08:43:42" 40.5 45 20.5 13.6 NA
265 "2022-02-23 08:43:52" 40.5 45 21 13.9 NA
266 "2022-02-23 08:44:02" 40.5 45 20.5 13.6 NA
267 "2022-02-23 08:44:12" 40.5 45 20.5 13.6 NA
268 "2022-02-23 08:44:22" 40.5 45 21 13.9 NA
269 "2022-02-23 08:44:32" 40.5 45 20.5 13.6 NA
270 "2022-02-23 08:44:42" 40.5 45 20.5 13.6 NA
271 "2022-02-23 08:44:52" 40.5 45 21 13.9 NA
272 "2022-02-23 08:45:02" 40.5 45 20.5 13.6 NA
273 "2022-02-23 08:45:12" 40.5 45 20.5 13.6 NA
274 "2022-02-23 08:45:22" 40.5 45 20.5 13.6 NA
275 "2022-02-23 08:45:32" 41 45 20.5 14 NA
276 "2022-02-23 08:45:42" 41 45 20.5 14 NA
277 "2022-02-23 08:45:52" 41 45 20.5 14 NA
278 "2022-02-23 08:46:02" 41 45 20.5 14 NA
279 "2022-02-23 08:46:12" 41 45 20.5 14 NA
280 "2022-02-23 08:46:22" 41 45 20.5 14 NA
281 "2022-02-23 08:46:32" 41 45 20.5 14 NA
282 "2022-02-23 08:46:42" 41 45 20.5 14 NA
283 "2022-02-23 08:46:52" 41 45 20.5 14 NA
284 "2022-02-23 08:47:02" 41 45 20.5 14 NA
285 "2022-02-23 08:47:12" 41 45 20.5 14 NA
286 "2022-02-23 08:47:22" 41 45 20.5 14 NA
287 "2022-02-23 08:47:32" 41 45 21 14.3 NA
288 "2022-02-23 08:47:42" 41 45 21 14.3 NA
289 "2022-02-23 08:47:52" 41 45 20.5 14 NA
290 "2022-02-23 08:48:02" 41 45 21 14.3 NA
291 "2022-02-23 08:48:12" 41 45 21 14.3 NA
292 "2022-02-23 08:48:22" 41 45 20.5 14 NA
293 "2022-02-23 08:48:32" 41 45 21 14.3 NA
294 "2022-02-23 08:48:42" 41 45 20.5 14 NA
295 "2022-02-23 08:48:52" 41 45 20.5 14 NA
296 "2022-02-23 08:49:02" 41 45 20.5 14 NA
297 "2022-02-23 08:49:12" 41 45 21.5 14.7 NA
298 "2022-02-23 08:49:22" 41 45 21 14.3 NA
299 "2022-02-23 08:49:32" 41 45 20.5 14 NA
300 "2022-02-23 08:49:42" 41 45 20.5 14 NA
301 "2022-02-23 08:49:52" 41 45 20.5 14 NA
302 "2022-02-23 08:50:02" 41 45 21 14.3 NA
303 "2022-02-23 08:50:12" 41 45 20.5 14 NA
304 "2022-02-23 08:50:22" 41 45 20.5 14 NA
305 "2022-02-23 08:50:32" 41 45 20.5 14 NA
306 "2022-02-23 08:50:42" 41 45 20.5 14 NA
307 "2022-02-23 08:50:52" 41 45 20.5 14 NA
308 "2022-02-23 08:51:02" 41 45 20.5 14 NA
309 "2022-02-23 08:51:12" 41 45 20 13.6 NA
310 "2022-02-23 08:51:22" 41 45 20 13.6 NA
311 "2022-02-23 08:51:32" 41 45 20 13.6 NA
312 "2022-02-23 08:51:42" 41 45 20 13.6 NA
313 "2022-02-23 08:51:52" 41 45 20 13.6 NA
314 "2022-02-23 08:52:02" 41 45 20 13.6 NA
315 "2022-02-23 08:52:12" 41 45 20 13.6 NA
316 "2022-02-23 08:52:22" 41 45 20 13.6 NA
317 "2022-02-23 08:52:32" 41 45 20 13.6 NA
318 "2022-02-23 08:52:42" 41 45 20 13.6 NA
319 "2022-02-23 08:52:52" 41 45 20 13.6 NA
320 "2022-02-23 08:53:02" 41 45 20 13.6 NA
321 "2022-02-23 08:53:12" 41 45 20 13.6 NA
322 "2022-02-23 08:53:22" 41 45 20 13.6 NA
323 "2022-02-23 08:53:32" 41 45 20.5 14 NA
324 "2022-02-23 08:53:42" 41 45 20.5 14 NA
325 "2022-02-23 08:53:52" 41 45 20.5 14 NA
326 "2022-02-23 08:54:02" 41 45 20.5 14 NA
327 "2022-02-23 08:54:12" 41 45 20 13.6 NA
328 "2022-02-23 08:54:22" 41 45 20 13.6 NA
329 "2022-02-23 08:54:32" 41 45 20 13.6 NA
330 "2022-02-23 08:54:42" 41 45 20.5 14 NA
331 "2022-02-23 08:54:52" 41 45 20 13.6 NA
332 "2022-02-23 08:55:02" 41 45 20 13.6 NA
333 "2022-02-23 08:55:12" 41 45 20 13.6 NA
334 "2022-02-23 08:55:22" 41 45 20 13.6 NA
335 "2022-02-23 08:55:32" 41 45 20 13.6 NA
336 "2022-02-23 08:55:42" 41 45 20 13.6 NA
337 "2022-02-23 08:55:52" 41 45 20 13.6 NA
338 "2022-02-23 08:56:02" 41 45 20 13.6 NA
339 "2022-02-23 08:56:12" 41 45 20 13.6 NA
340 "2022-02-23 08:56:22" 41 45 20 13.6 NA
341 "2022-02-23 08:56:32" 41 45 20 13.6 NA
342 "2022-02-23 08:56:42" 41 45 20 13.6 NA
343 "2022-02-23 08:56:52" 41 45 20 13.6 NA
344 "2022-02-23 08:57:02" 41 45 20 13.6 NA
345 "2022-02-23 08:57:12" 41 45 20 13.6 NA
346 "2022-02-23 08:57:22" 41 45 20 13.6 NA
347 "2022-02-23 08:57:32" 41 45 20 13.6 NA
348 "2022-02-23 08:57:42" 41 45 20 13.6 NA
349 "2022-02-23 08:57:52" 41 45 20 13.6 NA
350 "2022-02-23 08:58:02" 41 45 20 13.6 NA
351 "2022-02-23 08:58:12" 41 45 20 13.6 NA
352 "2022-02-23 08:58:22" 41 45 20 13.6 NA
353 "2022-02-23 08:58:32" 41 45 20 13.6 NA
354 "2022-02-23 08:58:42" 41 45 20 13.6 NA
355 "2022-02-23 08:58:52" 41 45 20 13.6 NA
356 "2022-02-23 08:59:02" 41 45 20 13.6 NA
357 "2022-02-23 08:59:12" 41 45 20 13.6 NA
358 "2022-02-23 08:59:22" 41 45 20 13.6 NA
359 "2022-02-23 08:59:32" 41 45 20 13.6 NA
360 "2022-02-23 08:59:42" 41 45 20 13.6 NA
361 "2022-02-23 08:59:52" 41 45 20 13.6 NA
362 "2022-02-23 09:00:02" 41 45 20 13.6 NA
363 "2022-02-23 09:00:12" 41 45 20 13.6 NA
364 "2022-02-23 09:00:22" 41 45 20.5 14 NA
365 "2022-02-23 09:00:32" 41 45 20.5 14 NA
366 "2022-02-23 09:00:42" 41 45 20 13.6 NA
367 "2022-02-23 09:00:52" 41 45 20 13.6 NA
368 "2022-02-23 09:01:02" 41 45 20 13.6 NA
369 "2022-02-23 09:01:12" 41 45 20 13.6 NA
370 "2022-02-23 09:01:22" 41 45 20 13.6 NA
371 "2022-02-23 09:01:32" 41 45 20 13.6 NA
372 "2022-02-23 09:01:42" 41 45 20 13.6 NA
373 "2022-02-23 09:01:52" 41 45 20 13.6 NA
374 "2022-02-23 09:02:02" 41 45 20 13.6 NA
375 "2022-02-23 09:02:12" 41 45 20 13.6 NA
376 "2022-02-23 09:02:22" 41 45 20 13.6 NA
377 "2022-02-23 09:02:32" 41 45 20 13.6 NA
378 "2022-02-23 09:02:42" 41 45 20 13.6 NA
379 "2022-02-23 09:02:52" 41 45 20 13.6 NA
380 "2022-02-23 09:03:02" 41 45 20 13.6 NA
381 "2022-02-23 09:03:12" 41 45 20 13.6 NA
382 "2022-02-23 09:03:22" 41 45 20 13.6 NA
383 "2022-02-23 09:03:32" 41 45 20 13.6 NA
384 "2022-02-23 09:03:42" 41 45 20 13.6 NA
385 "2022-02-23 09:03:52" 41 45 20 13.6 NA
386 "2022-02-23 09:04:02" 41 45 20 13.6 NA
387 "2022-02-23 09:04:12" 41 45 20 13.6 NA
388 "2022-02-23 09:04:22" 41 45 20 13.6 NA
389 "2022-02-23 09:04:32" 41 45 20 13.6 NA
390 "2022-02-23 09:04:42" 41 45 20 13.6 NA
391 "2022-02-23 09:04:52" 41 45 20 13.6 NA
392 "2022-02-23 09:05:02" 41 45 20 13.6 NA
393 "2022-02-23 09:05:12" 41 45 20 13.6 NA
394 "2022-02-23 09:05:22" 41 45 20 13.6 NA
395 "2022-02-23 09:05:32" 41 45 20 13.6 NA
396 "2022-02-23 09:05:42" 41 45 20 13.6 NA
397 "2022-02-23 09:05:52" 41 45 20 13.6 NA
398 "2022-02-23 09:06:02" 41 45 20 13.6 NA
399 "2022-02-23 09:06:12" 41 45 20 13.6 NA
400 "2022-02-23 09:06:22" 41 45 20 13.6 NA
401 "2022-02-23 09:06:32" 41 45 20 13.6 NA
402 "2022-02-23 09:06:42" 41 45 20 13.6 NA
403 "2022-02-23 09:06:52" 41 45 20 13.6 NA
404 "2022-02-23 09:07:02" 41 45 20 13.6 NA
405 "2022-02-23 09:07:12" 41 45 20 13.6 NA
406 "2022-02-23 09:07:22" 41 45 20 13.6 NA
407 "2022-02-23 09:07:32" 41 45 20 13.6 NA
408 "2022-02-23 09:07:42" 41 45 20 13.6 NA
409 "2022-02-23 09:07:52" 41 45 20 13.6 NA
410 "2022-02-23 09:08:02" 41 45 20 13.6 NA
411 "2022-02-23 09:08:12" 41 45 20 13.6 NA
412 "2022-02-23 09:08:22" 41 45 20 13.6 NA
413 "2022-02-23 09:08:32" 41 45 20 13.6 NA
414 "2022-02-23 09:08:42" 41 45 20 13.6 NA
415 "2022-02-23 09:08:52" 41 45 20 13.6 NA
416 "2022-02-23 09:09:02" 41 45 20 13.6 NA
417 "2022-02-23 09:09:12" 41 45 20 13.6 NA
418 "2022-02-23 09:09:22" 41 45 20 13.6 NA
419 "2022-02-23 09:09:32" 41 45 20 13.6 NA
420 "2022-02-23 09:09:42" 41 45 20 13.6 NA
421 "2022-02-23 09:09:52" 41 45 20 13.6 NA
422 "2022-02-23 09:10:02" 41 45 20 13.6 NA
423 "2022-02-23 09:10:12" 41 45 20 13.6 NA
424 "2022-02-23 09:10:22" 41 45 20 13.6 NA
425 "2022-02-23 09:10:32" 41 45 20 13.6 NA
426 "2022-02-23 09:10:42" 41 45 20 13.6 NA
427 "2022-02-23 09:10:52" 41 45 20 13.6 NA
428 "2022-02-23 09:11:02" 41 45 20 13.6 NA
429 "2022-02-23 09:11:12" 41 45 20 13.6 NA
430 "2022-02-23 09:11:22" 41 45 20 13.6 NA
431 "2022-02-23 09:11:32" 41 45 20 13.6 NA
432 "2022-02-23 09:11:42" 41 45 20 13.6 NA
433 "2022-02-23 09:11:52" 41 45 20 13.6 NA
434 "2022-02-23 09:12:02" 41 45 20 13.6 NA
435 "2022-02-23 09:12:12" 41 45 20 13.6 NA
436 "2022-02-23 09:12:22" 41 45 20 13.6 NA
437 "2022-02-23 09:12:32" 41 45 20 13.6 NA
438 "2022-02-23 09:12:42" 41 45 20 13.6 NA
439 "2022-02-23 09:12:52" 41 45 20 13.6 NA
440 "2022-02-23 09:13:02" 41 45 20 13.6 NA
441 "2022-02-23 09:13:12" 41 45 20 13.6 NA
442 "2022-02-23 09:13:22" 41 45 20 13.6 NA
443 "2022-02-23 09:13:32" 41 45 20 13.6 NA
444 "2022-02-23 09:13:42" 41 45 20 13.6 NA
445 "2022-02-23 09:13:52" 41 45 20 13.6 NA
446 "2022-02-23 09:14:02" 41 45 20 13.6 NA
447 "2022-02-23 09:14:12" 41 45 20 13.6 NA
448 "2022-02-23 09:14:22" 41 45 20 13.6 NA
449 "2022-02-23 09:14:32" 41 45 20 13.6 NA
450 "2022-02-23 09:14:42" 41 45 20 13.6 NA
451 "2022-02-23 09:14:52" 41 45 20 13.6 NA
452 "2022-02-23 09:15:02" 41 45 20 13.6 NA
453 "2022-02-23 09:15:12" 41 45 20 13.6 NA
454 "2022-02-23 09:15:22" 41 45 20 13.6 NA
455 "2022-02-23 09:15:32" 41 45 20 13.6 NA
456 "2022-02-23 09:15:42" 41 45 20 13.6 NA
457 "2022-02-23 09:15:52" 41 45 20 13.6 NA
458 "2022-02-23 09:16:02" 41 45 20 13.6 NA
459 "2022-02-23 09:16:12" 41 45 20 13.6 NA
460 "2022-02-23 09:16:22" 41 45 20 13.6 NA
461 "2022-02-23 09:16:32" 41 45 20 13.6 NA
462 "2022-02-23 09:16:42" 41 45 20 13.6 NA
463 "2022-02-23 09:16:52" 41 45 20 13.6 NA
464 "2022-02-23 09:17:02" 41 45 20 13.6 NA
465 "2022-02-23 09:17:12" 41 45 20 13.6 NA
466 "2022-02-23 09:17:22" 41 45 20 13.6 NA
467 "2022-02-23 09:17:32" 41 45 20 13.6 NA
468 "2022-02-23 09:17:42" 41 45 20 13.6 NA
469 "2022-02-23 09:17:52" 40.5 45 20 13.2 NA
470 "2022-02-23 09:18:02" 40.5 45 20 13.2 NA
471 "2022-02-23 09:18:12" 40.5 45 20 13.2 NA
472 "2022-02-23 09:18:22" 40.5 45 20 13.2 NA
473 "2022-02-23 09:18:32" 40.5 45 20 13.2 NA
474 "2022-02-23 09:18:42" 40.5 45 21 13.9 NA
475 "2022-02-23 09:18:52" 40.5 45 23 15.3 NA
476 "2022-02-23 09:19:02" 40 45 21 13.5 NA
