"V1" "V2" "V3" "V4" "V5" "V6" "V7"
1 "2022-02-17 07:49:39" 25 44.5 37 9.3 10126936
2 "2022-02-17 07:49:49" 25 44.5 37 9.3 NA
3 "2022-02-17 07:49:59" 25 44.5 37.5 9.5 NA
4 "2022-02-17 07:50:09" 25 44.5 36.5 9.1 NA
5 "2022-02-17 07:50:19" 25 44.5 36 8.9 NA
6 "2022-02-17 07:50:29" 25 44.5 35.5 8.7 NA
7 "2022-02-17 07:50:39" 25.5 44.5 35.5 9.1 NA
8 "2022-02-17 07:50:49" 25.5 44.5 35.5 9.1 NA
9 "2022-02-17 07:50:59" 25.5 44.5 35 8.9 NA
10 "2022-02-17 07:51:09" 25.5 44.5 35 8.9 NA
11 "2022-02-17 07:51:19" 25.5 44.5 35 8.9 NA
12 "2022-02-17 07:51:29" 25.5 44.5 35 8.9 NA
13 "2022-02-17 07:51:39" 25.5 44.5 35 8.9 NA
14 "2022-02-17 07:51:49" 25.5 44.5 35 8.9 NA
15 "2022-02-17 07:51:59" 25.5 44.5 35 8.9 NA
16 "2022-02-17 07:52:09" 25.5 44.5 35 8.9 NA
17 "2022-02-17 07:52:19" 25.5 44.5 35.5 9.1 NA
18 "2022-02-17 07:52:29" 25.5 44.5 35 8.9 NA
19 "2022-02-17 07:52:39" 25.5 44.5 35.5 9.1 NA
20 "2022-02-17 07:52:49" 26 44.5 35.5 9.6 NA
21 "2022-02-17 07:52:59" 26 44.5 35 9.4 NA
22 "2022-02-17 07:53:09" 26 44.5 35 9.4 NA
23 "2022-02-17 07:53:19" 26.5 44.5 34.5 9.6 NA
24 "2022-02-17 07:53:29" 27 44.5 34 9.8 NA
25 "2022-02-17 07:53:39" 27 44.5 33.5 9.6 NA
26 "2022-02-17 07:53:49" 27.5 44.5 33 9.8 NA
27 "2022-02-17 07:53:59" 28 44.5 32.5 10 NA
28 "2022-02-17 07:54:09" 28.5 44.5 32 10.2 NA
29 "2022-02-17 07:54:19" 29 44.5 31 10.2 NA
30 "2022-02-17 07:54:29" 29 44.5 30.5 9.9 NA
31 "2022-02-17 07:54:39" 29.5 44.5 30 10.1 NA
32 "2022-02-17 07:54:49" 30 44.5 29.5 10.3 NA
33 "2022-02-17 07:54:59" 30.5 44.5 28.5 10.2 NA
34 "2022-02-17 07:55:09" 31 44.5 28.5 10.6 NA
35 "2022-02-17 07:55:19" 31.5 44.5 27.5 10.5 NA
36 "2022-02-17 07:55:29" 31.5 44.5 27 10.2 NA
37 "2022-02-17 07:55:39" 32 44.5 26.5 10.4 NA
38 "2022-02-17 07:55:49" 32.5 44.5 26 10.5 NA
39 "2022-02-17 07:55:59" 33 44.5 26 10.9 NA
40 "2022-02-17 07:56:09" 33 44.5 25.5 10.7 NA
41 "2022-02-17 07:56:19" 33.5 44.5 25 10.8 NA
42 "2022-02-17 07:56:29" 34 44.5 24.5 10.9 NA
43 "2022-02-17 07:56:39" 34.5 44.5 24 11 NA
44 "2022-02-17 07:56:49" 34.5 44.5 24 11 NA
45 "2022-02-17 07:56:59" 35 44.5 23.5 11.1 NA
46 "2022-02-17 07:57:09" 35 44.5 23.5 11.1 NA
47 "2022-02-17 07:57:19" 35.5 44.5 23 11.2 NA
48 "2022-02-17 07:57:29" 35.5 44.5 23 11.2 NA
49 "2022-02-17 07:57:39" 36 44.5 23 11.6 NA
50 "2022-02-17 07:57:49" 36.5 44.5 22.5 11.7 NA
51 "2022-02-17 07:57:59" 36.5 44.5 22 11.3 NA
52 "2022-02-17 07:58:09" 37 44.5 22 11.8 NA
53 "2022-02-17 07:58:19" 37 44.5 21.5 11.4 NA
54 "2022-02-17 07:58:29" 37 44.5 21.5 11.4 NA
55 "2022-02-17 07:58:39" 37.5 44.5 21.5 11.8 NA
56 "2022-02-17 07:58:49" 37.5 44.5 21 11.5 NA
57 "2022-02-17 07:58:59" 38 44.5 21 11.9 NA
58 "2022-02-17 07:59:09" 38 44.5 21 11.9 NA
59 "2022-02-17 07:59:19" 38.5 44.5 20.5 11.9 NA
60 "2022-02-17 07:59:29" 38.5 44.5 20.5 11.9 NA
61 "2022-02-17 07:59:39" 38.5 44.5 20.5 11.9 NA
62 "2022-02-17 07:59:49" 39 44.5 20 12 NA
63 "2022-02-17 07:59:59" 39 44.5 20 12 NA
64 "2022-02-17 08:00:09" 39 44.5 20 12 NA
65 "2022-02-17 08:00:19" 39.5 44.5 20 12.4 NA
66 "2022-02-17 08:00:29" 39.5 44.5 19.5 12 NA
67 "2022-02-17 08:00:39" 39.5 44.5 19.5 12 NA
68 "2022-02-17 08:00:49" 40 44.5 19.5 12.4 NA
69 "2022-02-17 08:00:59" 40 44.5 19.5 12.4 NA
70 "2022-02-17 08:01:09" 40 44.5 19 12 NA
71 "2022-02-17 08:01:19" 40 44.5 19 12 NA
72 "2022-02-17 08:01:29" 40.5 44.5 19 12.4 NA
73 "2022-02-17 08:01:39" 40.5 44.5 19 12.4 NA
74 "2022-02-17 08:01:49" 40.5 44.5 19 12.4 NA
75 "2022-02-17 08:01:59" 40.5 44.5 19 12.4 NA
76 "2022-02-17 08:02:09" 41 44.5 18.5 12.4 NA
77 "2022-02-17 08:02:19" 41 44.5 18.5 12.4 NA
78 "2022-02-17 08:02:29" 41 44.5 18.5 12.4 NA
79 "2022-02-17 08:02:39" 41 44.5 18.5 12.4 NA
80 "2022-02-17 08:02:49" 41 44.5 18.5 12.4 NA
81 "2022-02-17 08:02:59" 41.5 44.5 18 12.4 NA
82 "2022-02-17 08:03:09" 41.5 44.5 18 12.4 NA
83 "2022-02-17 08:03:19" 41.5 44.5 18 12.4 NA
84 "2022-02-17 08:03:29" 41.5 44.5 18 12.4 NA
85 "2022-02-17 08:03:39" 41.5 44.5 18 12.4 NA
86 "2022-02-17 08:03:49" 41.5 44.5 18 12.4 NA
87 "2022-02-17 08:03:59" 42 44.5 18 12.8 NA
88 "2022-02-17 08:04:09" 42 44.5 18 12.8 NA
89 "2022-02-17 08:04:19" 42 44.5 18 12.8 NA
90 "2022-02-17 08:04:29" 42 44.5 18 12.8 NA
91 "2022-02-17 08:04:39" 42 44.5 18 12.8 NA
92 "2022-02-17 08:04:49" 42 44.5 18 12.8 NA
93 "2022-02-17 08:04:59" 42 44.5 18 12.8 NA
94 "2022-02-17 08:05:09" 42 44.5 18 12.8 NA
95 "2022-02-17 08:05:19" 42 44.5 18 12.8 NA
96 "2022-02-17 08:05:29" 42 44.5 18 12.8 NA
97 "2022-02-17 08:05:39" 42 44.5 17.5 12.3 NA
98 "2022-02-17 08:05:49" 42 44.5 17.5 12.3 NA
99 "2022-02-17 08:05:59" 42 44.5 17.5 12.3 NA
100 "2022-02-17 08:06:09" 42 44.5 17.5 12.3 NA
101 "2022-02-17 08:06:19" 42.5 44.5 17.5 12.7 NA
102 "2022-02-17 08:06:29" 42.5 44.5 17.5 12.7 NA
103 "2022-02-17 08:06:39" 42.5 44.5 17.5 12.7 NA
104 "2022-02-17 08:06:49" 42.5 44.5 17.5 12.7 NA
105 "2022-02-17 08:06:59" 42.5 44.5 17.5 12.7 NA
106 "2022-02-17 08:07:09" 42.5 44.5 17.5 12.7 NA
107 "2022-02-17 08:07:19" 42.5 44.5 17.5 12.7 NA
108 "2022-02-17 08:07:29" 42.5 44.5 17.5 12.7 NA
109 "2022-02-17 08:07:39" 42.5 44.5 18 13.2 NA
110 "2022-02-17 08:07:49" 42.5 44.5 17.5 12.7 NA
111 "2022-02-17 08:07:59" 42.5 44.5 17.5 12.7 NA
112 "2022-02-17 08:08:09" 42.5 44.5 17.5 12.7 NA
113 "2022-02-17 08:08:19" 42.5 44.5 17.5 12.7 NA
114 "2022-02-17 08:08:29" 42.5 44.5 17.5 12.7 NA
115 "2022-02-17 08:08:39" 42.5 44.5 17.5 12.7 NA
116 "2022-02-17 08:08:49" 42 44.5 17.5 12.3 NA
117 "2022-02-17 08:08:59" 42 44.5 17.5 12.3 NA
118 "2022-02-17 08:09:09" 42 44.5 17.5 12.3 NA
119 "2022-02-17 08:09:19" 42 44.5 17.5 12.3 NA
120 "2022-02-17 08:09:29" 42 44.5 17.5 12.3 NA
121 "2022-02-17 08:09:39" 42 44.5 17.5 12.3 NA
122 "2022-02-17 08:09:49" 42 44.5 17.5 12.3 NA
123 "2022-02-17 08:09:59" 42 44.5 17.5 12.3 NA
124 "2022-02-17 08:10:09" 42 44.5 17.5 12.3 NA
125 "2022-02-17 08:10:19" 42 44.5 17.5 12.3 NA
126 "2022-02-17 08:10:29" 42 44.5 18 12.8 NA
127 "2022-02-17 08:10:39" 42 44.5 18 12.8 NA
128 "2022-02-17 08:10:49" 42 44.5 18 12.8 NA
129 "2022-02-17 08:10:59" 42 44.5 18 12.8 NA
130 "2022-02-17 08:11:09" 42 44.5 18 12.8 NA
131 "2022-02-17 08:11:19" 42 44.5 17.5 12.3 NA
132 "2022-02-17 08:11:29" 42 44.5 17.5 12.3 NA
133 "2022-02-17 08:11:39" 42 44.5 18 12.8 NA
134 "2022-02-17 08:11:49" 41.5 44.5 18 12.4 NA
135 "2022-02-17 08:11:59" 41.5 44.5 18 12.4 NA
136 "2022-02-17 08:12:09" 41.5 44.5 18 12.4 NA
137 "2022-02-17 08:12:19" 41.5 44.5 18 12.4 NA
138 "2022-02-17 08:12:29" 41.5 44.5 18 12.4 NA
139 "2022-02-17 08:12:39" 41.5 44.5 18 12.4 NA
140 "2022-02-17 08:12:49" 41.5 44.5 18 12.4 NA
141 "2022-02-17 08:12:59" 41.5 44.5 18 12.4 NA
142 "2022-02-17 08:13:09" 41.5 44.5 18 12.4 NA
143 "2022-02-17 08:13:19" 41.5 44.5 18 12.4 NA
144 "2022-02-17 08:13:29" 41.5 44.5 18 12.4 NA
145 "2022-02-17 08:13:39" 41.5 44.5 18 12.4 NA
146 "2022-02-17 08:13:49" 41 44.5 18 12 NA
147 "2022-02-17 08:13:59" 41 44.5 18 12 NA
148 "2022-02-17 08:14:09" 41 44.5 18 12 NA
149 "2022-02-17 08:14:19" 41 44.5 18 12 NA
150 "2022-02-17 08:14:29" 41 44.5 18 12 NA
151 "2022-02-17 08:14:39" 41 44.5 18 12 NA
152 "2022-02-17 08:14:49" 41 44.5 18 12 NA
153 "2022-02-17 08:14:59" 41 44.5 18 12 NA
154 "2022-02-17 08:15:09" 41 44.5 18 12 NA
155 "2022-02-17 08:15:19" 41 44.5 18.5 12.4 NA
156 "2022-02-17 08:15:29" 41 44.5 18.5 12.4 NA
157 "2022-02-17 08:15:39" 41 44.5 18.5 12.4 NA
158 "2022-02-17 08:15:49" 40.5 44.5 18.5 12 NA
159 "2022-02-17 08:15:59" 40.5 44.5 18.5 12 NA
160 "2022-02-17 08:16:09" 40.5 44.5 18.5 12 NA
161 "2022-02-17 08:16:19" 40.5 44.5 18.5 12 NA
162 "2022-02-17 08:16:29" 40.5 44.5 18.5 12 NA
163 "2022-02-17 08:16:39" 40.5 44.5 18.5 12 NA
164 "2022-02-17 08:16:49" 40.5 44.5 18.5 12 NA
165 "2022-02-17 08:16:59" 40.5 44.5 18.5 12 NA
166 "2022-02-17 08:17:09" 40.5 44.5 18.5 12 NA
167 "2022-02-17 08:17:19" 40.5 44.5 18.5 12 NA
168 "2022-02-17 08:17:29" 40.5 44.5 18.5 12 NA
169 "2022-02-17 08:17:39" 40.5 44.5 18.5 12 NA
170 "2022-02-17 08:17:49" 40.5 44.5 18.5 12 NA
171 "2022-02-17 08:17:59" 40.5 44.5 18.5 12 NA
172 "2022-02-17 08:18:09" 40.5 44.5 18.5 12 NA
173 "2022-02-17 08:18:19" 40.5 44.5 18.5 12 NA
174 "2022-02-17 08:18:29" 40 44.5 18.5 11.6 NA
175 "2022-02-17 08:18:39" 40 44.5 19 12 NA
176 "2022-02-17 08:18:49" 40 44.5 19 12 NA
177 "2022-02-17 08:18:59" 40 44.5 19 12 NA
178 "2022-02-17 08:19:09" 40 44.5 19 12 NA
179 "2022-02-17 08:19:19" 40 44.5 19 12 NA
180 "2022-02-17 08:19:29" 40 44.5 19 12 NA
181 "2022-02-17 08:19:39" 40 44.5 19 12 NA
182 "2022-02-17 08:19:49" 40 44.5 19 12 NA
183 "2022-02-17 08:19:59" 40 44.5 19 12 NA
184 "2022-02-17 08:20:09" 40 44.5 19 12 NA
185 "2022-02-17 08:20:19" 40 44.5 19 12 NA
186 "2022-02-17 08:20:29" 40 44.5 19 12 NA
187 "2022-02-17 08:20:39" 40 44.5 19 12 NA
188 "2022-02-17 08:20:49" 40 44.5 19 12 NA
189 "2022-02-17 08:20:59" 40 44.5 19 12 NA
190 "2022-02-17 08:21:09" 40 44.5 19 12 NA
191 "2022-02-17 08:21:19" 40 44.5 19 12 NA
192 "2022-02-17 08:21:29" 40 44.5 19 12 NA
193 "2022-02-17 08:21:39" 40 44.5 19 12 NA
194 "2022-02-17 08:21:49" 40 44.5 19 12 NA
195 "2022-02-17 08:21:59" 40 44.5 19 12 NA
196 "2022-02-17 08:22:09" 40 44.5 19 12 NA
197 "2022-02-17 08:22:19" 40 44.5 19 12 NA
198 "2022-02-17 08:22:29" 40 44.5 19 12 NA
199 "2022-02-17 08:22:39" 40 44.5 19 12 NA
200 "2022-02-17 08:22:49" 40 44.5 19 12 NA
201 "2022-02-17 08:22:59" 40 44.5 19 12 NA
202 "2022-02-17 08:23:09" 40 44.5 19 12 NA
203 "2022-02-17 08:23:19" 40 44.5 19 12 NA
204 "2022-02-17 08:23:29" 40 44.5 19 12 NA
205 "2022-02-17 08:23:39" 40 44.5 19 12 NA
206 "2022-02-17 08:23:49" 40 44.5 19 12 NA
207 "2022-02-17 08:23:59" 40 44.5 19 12 NA
208 "2022-02-17 08:24:09" 40 44.5 19 12 NA
209 "2022-02-17 08:24:19" 40 44.5 19 12 NA
210 "2022-02-17 08:24:29" 40 44.5 19 12 NA
211 "2022-02-17 08:24:39" 40 44.5 19 12 NA
212 "2022-02-17 08:24:49" 40 44.5 19 12 NA
213 "2022-02-17 08:24:59" 40 44.5 19 12 NA
214 "2022-02-17 08:25:09" 40 44.5 19 12 NA
215 "2022-02-17 08:25:19" 40 44.5 19 12 NA
216 "2022-02-17 08:25:29" 40 44.5 19 12 NA
217 "2022-02-17 08:25:39" 40 44.5 19 12 NA
218 "2022-02-17 08:25:49" 40 44.5 19 12 NA
219 "2022-02-17 08:25:59" 40 44.5 19 12 NA
220 "2022-02-17 08:26:09" 40 44.5 19 12 NA
221 "2022-02-17 08:26:19" 40 44.5 19 12 NA
222 "2022-02-17 08:26:29" 40 44.5 19 12 NA
223 "2022-02-17 08:26:39" 40 44.5 19 12 NA
224 "2022-02-17 08:26:49" 40 44.5 19 12 NA
225 "2022-02-17 08:26:59" 40 44.5 19 12 NA
226 "2022-02-17 08:27:09" 40 44.5 19 12 NA
227 "2022-02-17 08:27:19" 40 44.5 19 12 NA
228 "2022-02-17 08:27:29" 40 44.5 19 12 NA
229 "2022-02-17 08:27:39" 40 44.5 18.5 11.6 NA
230 "2022-02-17 08:27:49" 40 44.5 19 12 NA
231 "2022-02-17 08:27:59" 40 44.5 19 12 NA
232 "2022-02-17 08:28:09" 40 44.5 19 12 NA
233 "2022-02-17 08:28:19" 40 44.5 19 12 NA
234 "2022-02-17 08:28:29" 40 44.5 18.5 11.6 NA
235 "2022-02-17 08:28:39" 40.5 44.5 18.5 12 NA
236 "2022-02-17 08:28:49" 40.5 44.5 18.5 12 NA
237 "2022-02-17 08:28:59" 40.5 44.5 18.5 12 NA
238 "2022-02-17 08:29:09" 40.5 44.5 18.5 12 NA
239 "2022-02-17 08:29:19" 40.5 44.5 18.5 12 NA
240 "2022-02-17 08:29:29" 40.5 44.5 18.5 12 NA
241 "2022-02-17 08:29:39" 40.5 44.5 18.5 12 NA
242 "2022-02-17 08:29:49" 40.5 44.5 18.5 12 NA
243 "2022-02-17 08:29:59" 40.5 44.5 18.5 12 NA
244 "2022-02-17 08:30:09" 40.5 44.5 18.5 12 NA
245 "2022-02-17 08:30:19" 40.5 44.5 18.5 12 NA
246 "2022-02-17 08:30:29" 40.5 44.5 18.5 12 NA
247 "2022-02-17 08:30:39" 40.5 44.5 18.5 12 NA
248 "2022-02-17 08:30:49" 40.5 44.5 18.5 12 NA
249 "2022-02-17 08:30:59" 40.5 44.5 18.5 12 NA
250 "2022-02-17 08:31:09" 40.5 44.5 18.5 12 NA
251 "2022-02-17 08:31:19" 40.5 44.5 18.5 12 NA
252 "2022-02-17 08:31:29" 40.5 44.5 18.5 12 NA
253 "2022-02-17 08:31:39" 40.5 44.5 18.5 12 NA
254 "2022-02-17 08:31:49" 40.5 44.5 18.5 12 NA
255 "2022-02-17 08:31:59" 40.5 44.5 18.5 12 NA
256 "2022-02-17 08:32:09" 40.5 44.5 18.5 12 NA
257 "2022-02-17 08:32:19" 40.5 44.5 18.5 12 NA
258 "2022-02-17 08:32:29" 40.5 44.5 18.5 12 NA
259 "2022-02-17 08:32:39" 40.5 44.5 18.5 12 NA
260 "2022-02-17 08:32:49" 40.5 44.5 18.5 12 NA
261 "2022-02-17 08:32:59" 40.5 44.5 18.5 12 NA
262 "2022-02-17 08:33:09" 40.5 44.5 18.5 12 NA
263 "2022-02-17 08:33:19" 41 44.5 18.5 12.4 NA
264 "2022-02-17 08:33:29" 41 44.5 18.5 12.4 NA
265 "2022-02-17 08:33:39" 41 44.5 18.5 12.4 NA
266 "2022-02-17 08:33:49" 41 44.5 18.5 12.4 NA
267 "2022-02-17 08:33:59" 41 44.5 18 12 NA
268 "2022-02-17 08:34:09" 41 44.5 18 12 NA
269 "2022-02-17 08:34:19" 41 44.5 18 12 NA
270 "2022-02-17 08:34:29" 41 44.5 18 12 NA
271 "2022-02-17 08:34:39" 41 44.5 18 12 NA
272 "2022-02-17 08:34:49" 41 44.5 18 12 NA
273 "2022-02-17 08:34:59" 41 44.5 18 12 NA
274 "2022-02-17 08:35:09" 41 44.5 18 12 NA
275 "2022-02-17 08:35:19" 41 44.5 18 12 NA
276 "2022-02-17 08:35:29" 41 44.5 18 12 NA
277 "2022-02-17 08:35:39" 41 44.5 18 12 NA
278 "2022-02-17 08:35:49" 41 44.5 18 12 NA
279 "2022-02-17 08:35:59" 41 44.5 18 12 NA
280 "2022-02-17 08:36:09" 41 44.5 18 12 NA
281 "2022-02-17 08:36:19" 41 44.5 18 12 NA
282 "2022-02-17 08:36:29" 41 44.5 18 12 NA
283 "2022-02-17 08:36:39" 41 44.5 18 12 NA
284 "2022-02-17 08:36:49" 41 44.5 18 12 NA
285 "2022-02-17 08:36:59" 41 44.5 18 12 NA
286 "2022-02-17 08:37:09" 41 44.5 18 12 NA
287 "2022-02-17 08:37:19" 41 44.5 18 12 NA
288 "2022-02-17 08:37:29" 41 44.5 18 12 NA
289 "2022-02-17 08:37:39" 41 44.5 18 12 NA
290 "2022-02-17 08:37:49" 41 44.5 18 12 NA
291 "2022-02-17 08:37:59" 41 44.5 18 12 NA
292 "2022-02-17 08:38:09" 41 44.5 18 12 NA
293 "2022-02-17 08:38:19" 41 44.5 18 12 NA
294 "2022-02-17 08:38:29" 41 44.5 18 12 NA
295 "2022-02-17 08:38:39" 41 44.5 18 12 NA
296 "2022-02-17 08:38:49" 41 44.5 18 12 NA
297 "2022-02-17 08:38:59" 41 44.5 18 12 NA
298 "2022-02-17 08:39:09" 41 44.5 18 12 NA
299 "2022-02-17 08:39:19" 41 44.5 18 12 NA
300 "2022-02-17 08:39:29" 41 44.5 18 12 NA
301 "2022-02-17 08:39:39" 41 44.5 18 12 NA
302 "2022-02-17 08:39:49" 41 44.5 18 12 NA
303 "2022-02-17 08:39:59" 41 44.5 18 12 NA
304 "2022-02-17 08:40:09" 41 44.5 18 12 NA
305 "2022-02-17 08:40:19" 41 44.5 18 12 NA
306 "2022-02-17 08:40:29" 41 44.5 18 12 NA
307 "2022-02-17 08:40:39" 41 44.5 18 12 NA
308 "2022-02-17 08:40:49" 41 44.5 18 12 NA
309 "2022-02-17 08:40:59" 41 44.5 18 12 NA
310 "2022-02-17 08:41:09" 41 44.5 18 12 NA
311 "2022-02-17 08:41:19" 41 44.5 18 12 NA
312 "2022-02-17 08:41:29" 41 44.5 18 12 NA
313 "2022-02-17 08:41:39" 41 44.5 18 12 NA
314 "2022-02-17 08:41:49" 41 44.5 18 12 NA
315 "2022-02-17 08:41:59" 41 44.5 18 12 NA
316 "2022-02-17 08:42:09" 41 44.5 18 12 NA
317 "2022-02-17 08:42:19" 41 44.5 18 12 NA
318 "2022-02-17 08:42:29" 41 44.5 18 12 NA
319 "2022-02-17 08:42:39" 41 44.5 18 12 NA
320 "2022-02-17 08:42:49" 41 44.5 18 12 NA
321 "2022-02-17 08:42:59" 41 44.5 18 12 NA
322 "2022-02-17 08:43:09" 41 44.5 18 12 NA
323 "2022-02-17 08:43:19" 41 44.5 18 12 NA
324 "2022-02-17 08:43:29" 41 44.5 18 12 NA
325 "2022-02-17 08:43:39" 41 44.5 18 12 NA
326 "2022-02-17 08:43:49" 41 44.5 18 12 NA
327 "2022-02-17 08:43:59" 41 44.5 18 12 NA
328 "2022-02-17 08:44:09" 41 44.5 18 12 NA
329 "2022-02-17 08:44:19" 41 44.5 18 12 NA
330 "2022-02-17 08:44:29" 41 44.5 18 12 NA
331 "2022-02-17 08:44:39" 41 44.5 18 12 NA
332 "2022-02-17 08:44:49" 41 44.5 18 12 NA
333 "2022-02-17 08:44:59" 41 44.5 18 12 NA
334 "2022-02-17 08:45:09" 41 44.5 18 12 NA
335 "2022-02-17 08:45:19" 41 44.5 18 12 NA
336 "2022-02-17 08:45:29" 41 44.5 18 12 NA
337 "2022-02-17 08:45:39" 41 44.5 18 12 NA
338 "2022-02-17 08:45:49" 41 44.5 18 12 NA
339 "2022-02-17 08:45:59" 41 44.5 18 12 NA
340 "2022-02-17 08:46:09" 41 44.5 18 12 NA
341 "2022-02-17 08:46:19" 41 44.5 18 12 NA
342 "2022-02-17 08:46:29" 41 44.5 18 12 NA
343 "2022-02-17 08:46:39" 41 44.5 18 12 NA
344 "2022-02-17 08:46:49" 41 44.5 18 12 NA
345 "2022-02-17 08:46:59" 41 44.5 18 12 NA
346 "2022-02-17 08:47:09" 41 44.5 18 12 NA
347 "2022-02-17 08:47:19" 41 44.5 18 12 NA
348 "2022-02-17 08:47:29" 41 44.5 18 12 NA
349 "2022-02-17 08:47:39" 41 44.5 18 12 NA
350 "2022-02-17 08:47:49" 41 44.5 18 12 NA
351 "2022-02-17 08:47:59" 41 44.5 18 12 NA
352 "2022-02-17 08:48:09" 41 44.5 18 12 NA
353 "2022-02-17 08:48:19" 41 44.5 18 12 NA
354 "2022-02-17 08:48:29" 41 44.5 18 12 NA
355 "2022-02-17 08:48:39" 40.5 44.5 18 11.6 NA
356 "2022-02-17 08:48:49" 40.5 44.5 18.5 12 NA
357 "2022-02-17 08:48:59" 40.5 44.5 18.5 12 NA
358 "2022-02-17 08:49:09" 40.5 44.5 18 11.6 NA
359 "2022-02-17 08:49:19" 40.5 44.5 18.5 12 NA
360 "2022-02-17 08:49:29" 40.5 44.5 18 11.6 NA
361 "2022-02-17 08:49:39" 40.5 44.5 18 11.6 NA
362 "2022-02-17 08:49:49" 40.5 44.5 18.5 12 NA
363 "2022-02-17 08:49:59" 40.5 44.5 18 11.6 NA
364 "2022-02-17 08:50:09" 40.5 44.5 18.5 12 NA
365 "2022-02-17 08:50:19" 40.5 44.5 18.5 12 NA
366 "2022-02-17 08:50:29" 40.5 44.5 18.5 12 NA
367 "2022-02-17 08:50:39" 40.5 44.5 18.5 12 NA
368 "2022-02-17 08:50:49" 40.5 44.5 18.5 12 NA
369 "2022-02-17 08:50:59" 40.5 44.5 18.5 12 NA
370 "2022-02-17 08:51:09" 40.5 44.5 18.5 12 NA
371 "2022-02-17 08:51:19" 40.5 44.5 18.5 12 NA
372 "2022-02-17 08:51:29" 40.5 44.5 18.5 12 NA
373 "2022-02-17 08:51:39" 40.5 44.5 18 11.6 NA
374 "2022-02-17 08:51:49" 40.5 44.5 18.5 12 NA
375 "2022-02-17 08:51:59" 40.5 44.5 18.5 12 NA
376 "2022-02-17 08:52:09" 40.5 44.5 18.5 12 NA
377 "2022-02-17 08:52:19" 40.5 44.5 18.5 12 NA
378 "2022-02-17 08:52:29" 40.5 44.5 18.5 12 NA
379 "2022-02-17 08:52:39" 40.5 44.5 18.5 12 NA
380 "2022-02-17 08:52:49" 40.5 44.5 18.5 12 NA
381 "2022-02-17 08:52:59" 40.5 44.5 18.5 12 NA
382 "2022-02-17 08:53:09" 40.5 44.5 18.5 12 NA
383 "2022-02-17 08:53:19" 40.5 44.5 18.5 12 NA
384 "2022-02-17 08:53:29" 40.5 44.5 18.5 12 NA
385 "2022-02-17 08:53:39" 40.5 44.5 18.5 12 NA
386 "2022-02-17 08:53:49" 40.5 44.5 18.5 12 NA
387 "2022-02-17 08:53:59" 40.5 44.5 18.5 12 NA
388 "2022-02-17 08:54:09" 40.5 44.5 18.5 12 NA
389 "2022-02-17 08:54:19" 40.5 44.5 18.5 12 NA
390 "2022-02-17 08:54:29" 40.5 44.5 18.5 12 NA
391 "2022-02-17 08:54:39" 40.5 44.5 18.5 12 NA
392 "2022-02-17 08:54:49" 40.5 44.5 18.5 12 NA
393 "2022-02-17 08:54:59" 40.5 44.5 18.5 12 NA
394 "2022-02-17 08:55:09" 40.5 44.5 18.5 12 NA
395 "2022-02-17 08:55:19" 40.5 44.5 18.5 12 NA
396 "2022-02-17 08:55:29" 40.5 44.5 18.5 12 NA
397 "2022-02-17 08:55:39" 40.5 44.5 18.5 12 NA
398 "2022-02-17 08:55:49" 40.5 44.5 18.5 12 NA
399 "2022-02-17 08:55:59" 40.5 44.5 18.5 12 NA
400 "2022-02-17 08:56:09" 40.5 44.5 18.5 12 NA
401 "2022-02-17 08:56:19" 40.5 44.5 18.5 12 NA
402 "2022-02-17 08:56:29" 40.5 44.5 18.5 12 NA
403 "2022-02-17 08:56:39" 40.5 44.5 18.5 12 NA
404 "2022-02-17 08:56:49" 40.5 44.5 18.5 12 NA
405 "2022-02-17 08:56:59" 40.5 44.5 18.5 12 NA
406 "2022-02-17 08:57:09" 40.5 44.5 18.5 12 NA
407 "2022-02-17 08:57:19" 40.5 44.5 18.5 12 NA
408 "2022-02-17 08:57:29" 40.5 44.5 18.5 12 NA
409 "2022-02-17 08:57:39" 40.5 44.5 18.5 12 NA
410 "2022-02-17 08:57:49" 40.5 44.5 18.5 12 NA
411 "2022-02-17 08:57:59" 40.5 44.5 18.5 12 NA
412 "2022-02-17 08:58:09" 40.5 44.5 18.5 12 NA
413 "2022-02-17 08:58:19" 40.5 44.5 18.5 12 NA
414 "2022-02-17 08:58:29" 40.5 44.5 18.5 12 NA
415 "2022-02-17 08:58:39" 40.5 44.5 18.5 12 NA
416 "2022-02-17 08:58:49" 40.5 44.5 18.5 12 NA
417 "2022-02-17 08:58:59" 40.5 44.5 18.5 12 NA
418 "2022-02-17 08:59:09" 40.5 44.5 18.5 12 NA
419 "2022-02-17 08:59:19" 40.5 44.5 18.5 12 NA
420 "2022-02-17 08:59:29" 40.5 44.5 18.5 12 NA
421 "2022-02-17 08:59:39" 40.5 44.5 18.5 12 NA
422 "2022-02-17 08:59:49" 40.5 44.5 18.5 12 NA
423 "2022-02-17 08:59:59" 40.5 44.5 18.5 12 NA
424 "2022-02-17 09:00:09" 40.5 44.5 18.5 12 NA
425 "2022-02-17 09:00:19" 40.5 44.5 18.5 12 NA
426 "2022-02-17 09:00:29" 40.5 44.5 18.5 12 NA
427 "2022-02-17 09:00:39" 40.5 44.5 18.5 12 NA
428 "2022-02-17 09:00:49" 40.5 44.5 18.5 12 NA
429 "2022-02-17 09:00:59" 40.5 44.5 18.5 12 NA
430 "2022-02-17 09:01:09" 40.5 44.5 18.5 12 NA
431 "2022-02-17 09:01:19" 40.5 44.5 18.5 12 NA
432 "2022-02-17 09:01:29" 40.5 44.5 18.5 12 NA
433 "2022-02-17 09:01:39" 40.5 44.5 18.5 12 NA
434 "2022-02-17 09:01:49" 40.5 44.5 18.5 12 NA
435 "2022-02-17 09:01:59" 40.5 44.5 18.5 12 NA
436 "2022-02-17 09:02:09" 40.5 44.5 18.5 12 NA
437 "2022-02-17 09:02:19" 40.5 44.5 18.5 12 NA
438 "2022-02-17 09:02:29" 40.5 44.5 18.5 12 NA
439 "2022-02-17 09:02:39" 40.5 44.5 18.5 12 NA
440 "2022-02-17 09:02:49" 40.5 44.5 18.5 12 NA
441 "2022-02-17 09:02:59" 40.5 44.5 18.5 12 NA
442 "2022-02-17 09:03:09" 40.5 44.5 18.5 12 NA
443 "2022-02-17 09:03:19" 40.5 44.5 18.5 12 NA
444 "2022-02-17 09:03:29" 40.5 44.5 18.5 12 NA
445 "2022-02-17 09:03:39" 40.5 44.5 18.5 12 NA
446 "2022-02-17 09:03:49" 40.5 44.5 18.5 12 NA
447 "2022-02-17 09:03:59" 40.5 44.5 18.5 12 NA
448 "2022-02-17 09:04:09" 40.5 44.5 18.5 12 NA
449 "2022-02-17 09:04:19" 40.5 44.5 18.5 12 NA
450 "2022-02-17 09:04:29" 40.5 44.5 18.5 12 NA
451 "2022-02-17 09:04:39" 40.5 44.5 18.5 12 NA
452 "2022-02-17 09:04:49" 40.5 44.5 18.5 12 NA
453 "2022-02-17 09:04:59" 40.5 44.5 18.5 12 NA
454 "2022-02-17 09:05:09" 40.5 44.5 18.5 12 NA
455 "2022-02-17 09:05:19" 40.5 44.5 18.5 12 NA
456 "2022-02-17 09:05:29" 40.5 44.5 18.5 12 NA
457 "2022-02-17 09:05:39" 40.5 44.5 18.5 12 NA
458 "2022-02-17 09:05:49" 40.5 44.5 18.5 12 NA
459 "2022-02-17 09:05:59" 40.5 44.5 18.5 12 NA
460 "2022-02-17 09:06:09" 40.5 44.5 18.5 12 NA
461 "2022-02-17 09:06:19" 40.5 44.5 18.5 12 NA
462 "2022-02-17 09:06:29" 40.5 44.5 18.5 12 NA
463 "2022-02-17 09:06:39" 40.5 44.5 18.5 12 NA
464 "2022-02-17 09:06:49" 40.5 44.5 18.5 12 NA
465 "2022-02-17 09:06:59" 40.5 44.5 18.5 12 NA
466 "2022-02-17 09:07:09" 40.5 44.5 18.5 12 NA
467 "2022-02-17 09:07:19" 40.5 44.5 18.5 12 NA
468 "2022-02-17 09:07:29" 40.5 44.5 18.5 12 NA
469 "2022-02-17 09:07:39" 40.5 44.5 18.5 12 NA
470 "2022-02-17 09:07:49" 40.5 44.5 18.5 12 NA
471 "2022-02-17 09:07:59" 40.5 44.5 18.5 12 NA
472 "2022-02-17 09:08:09" 40.5 44.5 18.5 12 NA
473 "2022-02-17 09:08:19" 40.5 44.5 18.5 12 NA
474 "2022-02-17 09:08:29" 40.5 44.5 18.5 12 NA
475 "2022-02-17 09:08:39" 40.5 44.5 18.5 12 NA
476 "2022-02-17 09:08:49" 40.5 44.5 18.5 12 NA
477 "2022-02-17 09:08:59" 40.5 44.5 18.5 12 NA
478 "2022-02-17 09:09:09" 40.5 44.5 18.5 12 NA
479 "2022-02-17 09:09:19" 40.5 44.5 18.5 12 NA
480 "2022-02-17 09:09:29" 40.5 44.5 18.5 12 NA
481 "2022-02-17 09:09:39" 40.5 44.5 18.5 12 NA
482 "2022-02-17 09:09:49" 40.5 44.5 18.5 12 NA
483 "2022-02-17 09:09:59" 40.5 44.5 18.5 12 NA
484 "2022-02-17 09:10:09" 40.5 44.5 18.5 12 NA
485 "2022-02-17 09:10:19" 40.5 44.5 18.5 12 NA
486 "2022-02-17 09:10:29" 40.5 44.5 18.5 12 NA
487 "2022-02-17 09:10:39" 40.5 44.5 18.5 12 NA
488 "2022-02-17 09:10:49" 40.5 44.5 18.5 12 NA
489 "2022-02-17 09:10:59" 40.5 44.5 18.5 12 NA
490 "2022-02-17 09:11:09" 40.5 44.5 18.5 12 NA
491 "2022-02-17 09:11:19" 40.5 44.5 18.5 12 NA
492 "2022-02-17 09:11:29" 40.5 44.5 18.5 12 NA
493 "2022-02-17 09:11:39" 40.5 44.5 18.5 12 NA
494 "2022-02-17 09:11:49" 40.5 44.5 18.5 12 NA
495 "2022-02-17 09:11:59" 40.5 44.5 18.5 12 NA
496 "2022-02-17 09:12:09" 40.5 44.5 18.5 12 NA
497 "2022-02-17 09:12:19" 40.5 44.5 18.5 12 NA
498 "2022-02-17 09:12:29" 40.5 44.5 18.5 12 NA
499 "2022-02-17 09:12:39" 40.5 44.5 18.5 12 NA
500 "2022-02-17 09:12:49" 40.5 44.5 18.5 12 NA
501 "2022-02-17 09:12:59" 40.5 44.5 18.5 12 NA
502 "2022-02-17 09:13:09" 40.5 44.5 18.5 12 NA
503 "2022-02-17 09:13:19" 40.5 44.5 18.5 12 NA
504 "2022-02-17 09:13:29" 40.5 44.5 18.5 12 NA
505 "2022-02-17 09:13:39" 40.5 44.5 18.5 12 NA
506 "2022-02-17 09:13:49" 40.5 44.5 18.5 12 NA
507 "2022-02-17 09:13:59" 40.5 44.5 18.5 12 NA
508 "2022-02-17 09:14:09" 40.5 44.5 18.5 12 NA
509 "2022-02-17 09:14:19" 40.5 44.5 18.5 12 NA
510 "2022-02-17 09:14:29" 40.5 44.5 18.5 12 NA
511 "2022-02-17 09:14:39" 40.5 44.5 18.5 12 NA
512 "2022-02-17 09:14:49" 40.5 44.5 18.5 12 NA
513 "2022-02-17 09:14:59" 40.5 44.5 18.5 12 NA
514 "2022-02-17 09:15:09" 40 44.5 18.5 11.6 NA
515 "2022-02-17 09:15:19" 40 44.5 18.5 11.6 NA
516 "2022-02-17 09:15:29" 40 44.5 18.5 11.6 NA
517 "2022-02-17 09:15:39" 40 44.5 18.5 11.6 NA
518 "2022-02-17 09:15:49" 40 44.5 18.5 11.6 NA
519 "2022-02-17 09:15:59" 40 44.5 18.5 11.6 NA
520 "2022-02-17 09:16:09" 40 44.5 18.5 11.6 NA
521 "2022-02-17 09:16:19" 40 44.5 18.5 11.6 NA
522 "2022-02-17 09:16:29" 40 44.5 18.5 11.6 NA
523 "2022-02-17 09:16:39" 39.5 44.5 19 11.6 NA
524 "2022-02-17 09:16:49" 39.5 44.5 19 11.6 NA
525 "2022-02-17 09:16:59" 39.5 44.5 19 11.6 NA
526 "2022-02-17 09:17:09" 39.5 44.5 19 11.6 NA
527 "2022-02-17 09:17:19" 39.5 44.5 19 11.6 NA
528 "2022-02-17 09:17:29" 39.5 44.5 19 11.6 NA
529 "2022-02-17 09:17:39" 39.5 44.5 19 11.6 NA
530 "2022-02-17 09:17:49" 39 44.5 19 11.2 NA
531 "2022-02-17 09:17:59" 39 44.5 19 11.2 NA
532 "2022-02-17 09:18:09" 39 44.5 19 11.2 NA
533 "2022-02-17 09:18:19" 39 44.5 19 11.2 NA
534 "2022-02-17 09:18:29" 39 44.5 19 11.2 NA
535 "2022-02-17 09:18:39" 39 44.5 19.5 11.6 NA
536 "2022-02-17 09:18:49" 38.5 44.5 19.5 11.2 NA
537 "2022-02-17 09:18:59" 38.5 44.5 19.5 11.2 NA
538 "2022-02-17 09:19:09" 38.5 44.5 19.5 11.2 NA
539 "2022-02-17 09:19:19" 38.5 44.5 19.5 11.2 NA
540 "2022-02-17 09:19:29" 38.5 44.5 19.5 11.2 NA
541 "2022-02-17 09:19:39" 38 44.5 19.5 10.8 NA
542 "2022-02-17 09:19:49" 38 44.5 20 11.1 NA
543 "2022-02-17 09:19:59" 38 44.5 20 11.1 NA
544 "2022-02-17 09:20:09" 38 44.5 20 11.1 NA
545 "2022-02-17 09:20:19" 38 44.5 20 11.1 NA
546 "2022-02-17 09:20:29" 38 44.5 20 11.1 NA
547 "2022-02-17 09:20:39" 37.5 44.5 20 10.7 NA
548 "2022-02-17 09:20:49" 37.5 44.5 20 10.7 NA
549 "2022-02-17 09:20:59" 37.5 44.5 20.5 11.1 NA
550 "2022-02-17 09:21:09" 37.5 44.5 20.5 11.1 NA
551 "2022-02-17 09:21:19" 37.5 44.5 20.5 11.1 NA
552 "2022-02-17 09:21:29" 37.5 44.5 20.5 11.1 NA
553 "2022-02-17 09:21:39" 37 44.5 20.5 10.7 NA
554 "2022-02-17 09:21:49" 37 44.5 20.5 10.7 NA
555 "2022-02-17 09:21:59" 37 44.5 20.5 10.7 NA
556 "2022-02-17 09:22:09" 37 44.5 21 11.1 NA
557 "2022-02-17 09:22:19" 37 44.5 21 11.1 NA
558 "2022-02-17 09:22:29" 37 44.5 21 11.1 NA
559 "2022-02-17 09:22:39" 36.5 44.5 21 10.6 NA
560 "2022-02-17 09:22:49" 36.5 44.5 21 10.6 NA
561 "2022-02-17 09:22:59" 36.5 44.5 21 10.6 NA
562 "2022-02-17 09:23:09" 36.5 44.5 21 10.6 NA
563 "2022-02-17 09:23:19" 36.5 44.5 21.5 11 NA
564 "2022-02-17 09:23:29" 36.5 44.5 21.5 11 NA
565 "2022-02-17 09:23:39" 36 44.5 21.5 10.6 NA
566 "2022-02-17 09:23:49" 36 44.5 21.5 10.6 NA
567 "2022-02-17 09:23:59" 36 44.5 21.5 10.6 NA
568 "2022-02-17 09:24:09" 36 44.5 21.5 10.6 NA
569 "2022-02-17 09:24:19" 36 44.5 21.5 10.6 NA
570 "2022-02-17 09:24:29" 36 44.5 22 10.9 NA
571 "2022-02-17 09:24:39" 36 44.5 22 10.9 NA
572 "2022-02-17 09:24:49" 35.5 44.5 21.5 10.2 NA
573 "2022-02-17 09:24:59" 35.5 44.5 22 10.5 NA
574 "2022-02-17 09:25:09" 35.5 44.5 22 10.5 NA
575 "2022-02-17 09:25:19" 35.5 44.5 22 10.5 NA
576 "2022-02-17 09:25:29" 35.5 44.5 22 10.5 NA
577 "2022-02-17 09:25:39" 35.5 44.5 22.5 10.9 NA
578 "2022-02-17 09:25:49" 35.5 44.5 22.5 10.9 NA
579 "2022-02-17 09:25:59" 35 44.5 22.5 10.4 NA
580 "2022-02-17 09:26:09" 35 44.5 22.5 10.4 NA
581 "2022-02-17 09:26:19" 35 44.5 22.5 10.4 NA
582 "2022-02-17 09:26:29" 35 44.5 22.5 10.4 NA
583 "2022-02-17 09:26:39" 35 44.5 22.5 10.4 NA
584 "2022-02-17 09:26:49" 35 44.5 22.5 10.4 NA
585 "2022-02-17 09:26:59" 35 44.5 22.5 10.4 NA
586 "2022-02-17 09:27:09" 34.5 44.5 22.5 10 NA
587 "2022-02-17 09:27:19" 34.5 44.5 23 10.4 NA
588 "2022-02-17 09:27:29" 34.5 44.5 23 10.4 NA
589 "2022-02-17 09:27:39" 34.5 44.5 23 10.4 NA
590 "2022-02-17 09:27:49" 34.5 44.5 23 10.4 NA
591 "2022-02-17 09:27:59" 34.5 44.5 23 10.4 NA
592 "2022-02-17 09:28:09" 34.5 44.5 23 10.4 NA
593 "2022-02-17 09:28:19" 34.5 44.5 23 10.4 NA
594 "2022-02-17 09:28:29" 34 44.5 23 9.9 NA
595 "2022-02-17 09:28:39" 34 44.5 23 9.9 NA
596 "2022-02-17 09:28:49" 34 44.5 23.5 10.3 NA
597 "2022-02-17 09:28:59" 34 44.5 23.5 10.3 NA
598 "2022-02-17 09:29:09" 34 44.5 23.5 10.3 NA
599 "2022-02-17 09:29:19" 34 44.5 23.5 10.3 NA
600 "2022-02-17 09:29:29" 34 44.5 23.5 10.3 NA
601 "2022-02-17 09:29:39" 34 44.5 23.5 10.3 NA
602 "2022-02-17 09:29:49" 34 44.5 23.5 10.3 NA
603 "2022-02-17 09:29:59" 33.5 44.5 23.5 9.8 NA
604 "2022-02-17 09:30:09" 33.5 44.5 24 10.2 NA
605 "2022-02-17 09:30:19" 33.5 44.5 24 10.2 NA
606 "2022-02-17 09:30:29" 33.5 44.5 24 10.2 NA
607 "2022-02-17 09:30:39" 33.5 44.5 24 10.2 NA
608 "2022-02-17 09:30:49" 33.5 44.5 24 10.2 NA
609 "2022-02-17 09:30:59" 33.5 44.5 24 10.2 NA
610 "2022-02-17 09:31:09" 33.5 44.5 24 10.2 NA
611 "2022-02-17 09:31:19" 33.5 44.5 24 10.2 NA
612 "2022-02-17 09:31:29" 33.5 44.5 24 10.2 NA
613 "2022-02-17 09:31:39" 33 44.5 24.5 10.1 NA
614 "2022-02-17 09:31:49" 33 44.5 24.5 10.1 NA
615 "2022-02-17 09:31:59" 33 44.5 24.5 10.1 NA
616 "2022-02-17 09:32:09" 33 44.5 24.5 10.1 NA
617 "2022-02-17 09:32:19" 33 44.5 24.5 10.1 NA
618 "2022-02-17 09:32:29" 33 44.5 24.5 10.1 NA
619 "2022-02-17 09:32:39" 33 44.5 24.5 10.1 NA
620 "2022-02-17 09:32:49" 33 44.5 24.5 10.1 NA
621 "2022-02-17 09:32:59" 33 44.5 24.5 10.1 NA
622 "2022-02-17 09:33:09" 33 44.5 24.5 10.1 NA
623 "2022-02-17 09:33:19" 32.5 44.5 25 9.9 NA
624 "2022-02-17 09:33:29" 32.5 44.5 25 9.9 NA
625 "2022-02-17 09:33:39" 32.5 44.5 25 9.9 NA
626 "2022-02-17 09:33:49" 32.5 44.5 25 9.9 NA
627 "2022-02-17 09:33:59" 32.5 44.5 25 9.9 NA
628 "2022-02-17 09:34:09" 32.5 44.5 25 9.9 NA
629 "2022-02-17 09:34:19" 32.5 44.5 25 9.9 NA
630 "2022-02-17 09:34:29" 32.5 44.5 25 9.9 NA
631 "2022-02-17 09:34:39" 32.5 44.5 25 9.9 NA
632 "2022-02-17 09:34:49" 32.5 44.5 25.5 10.2 NA
633 "2022-02-17 09:34:59" 32.5 44.5 25.5 10.2 NA
634 "2022-02-17 09:35:09" 32.5 44.5 27 11.1 NA
635 "2022-02-17 09:35:19" 32.5 44.5 25.5 10.2 NA
636 "2022-02-17 09:35:29" 32 44.5 31.5 13 NA
