"V1" "V2" "V3" "V4" "V5" "V6" "V7"
1 "2022-02-27 07:40:16" 23 45 31 5 10045488
2 "2022-02-27 07:40:26" 23 45 30.5 4.7 NA
3 "2022-02-27 07:40:36" 23 45 30 4.5 NA
4 "2022-02-27 07:40:46" 23 45 30.5 4.7 NA
5 "2022-02-27 07:40:56" 23 45 39.5 8.5 NA
6 "2022-02-27 07:41:06" 23.5 45 41 9.5 NA
7 "2022-02-27 07:41:16" 23.5 45 33.5 6.5 NA
8 "2022-02-27 07:41:26" 23.5 45 34 6.7 NA
9 "2022-02-27 07:41:36" 23.5 45 31.5 5.6 NA
10 "2022-02-27 07:41:46" 24 45 29.5 5.1 NA
11 "2022-02-27 07:41:56" 24 45 29.5 5.1 NA
12 "2022-02-27 07:42:06" 24 45 29 4.9 NA
13 "2022-02-27 07:42:16" 24 45 29 4.9 NA
14 "2022-02-27 07:42:26" 24 45 28.5 4.6 NA
15 "2022-02-27 07:42:36" 24 45 28.5 4.6 NA
16 "2022-02-27 07:42:46" 24.5 45 28.5 5.1 NA
17 "2022-02-27 07:42:56" 24.5 45 28 4.8 NA
18 "2022-02-27 07:43:06" 24.5 45 28 4.8 NA
19 "2022-02-27 07:43:16" 24.5 45 28 4.8 NA
20 "2022-02-27 07:43:26" 24.5 45 28 4.8 NA
21 "2022-02-27 07:43:36" 24.5 45 28 4.8 NA
22 "2022-02-27 07:43:46" 24.5 45 28 4.8 NA
23 "2022-02-27 07:43:56" 24.5 45 28 4.8 NA
24 "2022-02-27 07:44:06" 24.5 45 28 4.8 NA
25 "2022-02-27 07:44:16" 24 45 28 4.4 NA
26 "2022-02-27 07:44:26" 24 45 28 4.4 NA
27 "2022-02-27 07:44:36" 24 45 28 4.4 NA
28 "2022-02-27 07:44:46" 24 45 31.5 6.1 NA
29 "2022-02-27 07:44:56" 24 45 36 8 NA
30 "2022-02-27 07:45:06" 24.5 45 36 8.5 NA
31 "2022-02-27 07:45:16" 24.5 45 36 8.5 NA
32 "2022-02-27 07:45:26" 24.5 45 35.5 8.3 NA
33 "2022-02-27 07:45:36" 24.5 45 35.5 8.3 NA
34 "2022-02-27 07:45:46" 24.5 45 36.5 8.7 NA
35 "2022-02-27 07:45:56" 25 45 35.5 8.7 NA
36 "2022-02-27 07:46:06" 25 45 35.5 8.7 NA
37 "2022-02-27 07:46:16" 25 45 34 8.1 NA
38 "2022-02-27 07:46:26" 25 45 33.5 7.8 NA
39 "2022-02-27 07:46:36" 25.5 45 32.5 7.8 NA
40 "2022-02-27 07:46:46" 25.5 45 32.5 7.8 NA
41 "2022-02-27 07:46:56" 26 45 32 8 NA
42 "2022-02-27 07:47:06" 26 45 31 7.6 NA
43 "2022-02-27 07:47:16" 26 45 29.5 6.8 NA
44 "2022-02-27 07:47:26" 26.5 45 29.5 7.3 NA
45 "2022-02-27 07:47:36" 26.5 45 29.5 7.3 NA
46 "2022-02-27 07:47:46" 26.5 45 29 7 NA
47 "2022-02-27 07:47:56" 27 45 28 6.9 NA
48 "2022-02-27 07:48:06" 27 45 27.5 6.7 NA
49 "2022-02-27 07:48:16" 27 45 27.5 6.7 NA
50 "2022-02-27 07:48:26" 27.5 45 27 6.8 NA
51 "2022-02-27 07:48:36" 27.5 45 26.5 6.6 NA
52 "2022-02-27 07:48:46" 28 45 26.5 7 NA
53 "2022-02-27 07:48:56" 28 45 25.5 6.4 NA
54 "2022-02-27 07:49:06" 28 45 27.5 7.5 NA
55 "2022-02-27 07:49:16" 28.5 45 28 8.2 NA
56 "2022-02-27 07:49:26" 28.5 45 28.5 8.5 NA
57 "2022-02-27 07:49:36" 28.5 45 28 8.2 NA
58 "2022-02-27 07:49:46" 28.5 45 27.5 8 NA
59 "2022-02-27 07:49:56" 29 45 27 8.1 NA
60 "2022-02-27 07:50:06" 29 45 27.5 8.4 NA
61 "2022-02-27 07:50:16" 29 45 27.5 8.4 NA
62 "2022-02-27 07:50:26" 29 45 25.5 7.3 NA
63 "2022-02-27 07:50:36" 29 45 27 8.1 NA
64 "2022-02-27 07:50:46" 29 45 25.5 7.3 NA
65 "2022-02-27 07:50:56" 29.5 45 25.5 7.7 NA
66 "2022-02-27 07:51:06" 29.5 45 25.5 7.7 NA
67 "2022-02-27 07:51:16" 29.5 45 26 8 NA
68 "2022-02-27 07:51:26" 29.5 45 25.5 7.7 NA
69 "2022-02-27 07:51:36" 29.5 45 25.5 7.7 NA
70 "2022-02-27 07:51:46" 29.5 45 25.5 7.7 NA
71 "2022-02-27 07:51:56" 30 45 24 7.2 NA
72 "2022-02-27 07:52:06" 30 45 23 6.6 NA
73 "2022-02-27 07:52:16" 30 45 23 6.6 NA
74 "2022-02-27 07:52:26" 30 45 23 6.6 NA
75 "2022-02-27 07:52:36" 30 45 22.5 6.3 NA
76 "2022-02-27 07:52:46" 30 45 22.5 6.3 NA
77 "2022-02-27 07:52:56" 30.5 45 22.5 6.7 NA
78 "2022-02-27 07:53:06" 30.5 45 23 7 NA
79 "2022-02-27 07:53:16" 30.5 45 23.5 7.3 NA
80 "2022-02-27 07:53:26" 30.5 45 24 7.7 NA
81 "2022-02-27 07:53:36" 31 45 25 8.7 NA
82 "2022-02-27 07:53:46" 31 45 25 8.7 NA
83 "2022-02-27 07:53:56" 31 45 25.5 9 NA
84 "2022-02-27 07:54:06" 31 45 24.5 8.4 NA
85 "2022-02-27 07:54:16" 31 45 24.5 8.4 NA
86 "2022-02-27 07:54:26" 31.5 45 24 8.5 NA
87 "2022-02-27 07:54:36" 31.5 45 24.5 8.8 NA
88 "2022-02-27 07:54:46" 31.5 45 24 8.5 NA
89 "2022-02-27 07:54:56" 31.5 45 24.5 8.8 NA
90 "2022-02-27 07:55:06" 31.5 45 25 9.1 NA
91 "2022-02-27 07:55:16" 31.5 45 24 8.5 NA
92 "2022-02-27 07:55:26" 31.5 45 24 8.5 NA
93 "2022-02-27 07:55:36" 31.5 45 24 8.5 NA
94 "2022-02-27 07:55:46" 31.5 45 24 8.5 NA
95 "2022-02-27 07:55:56" 32 45 23 8.3 NA
96 "2022-02-27 07:56:06" 32 45 22.5 8 NA
97 "2022-02-27 07:56:16" 32 45 23 8.3 NA
98 "2022-02-27 07:56:26" 32 45 22.5 8 NA
99 "2022-02-27 07:56:36" 32 45 22.5 8 NA
100 "2022-02-27 07:56:46" 32 45 21.5 7.3 NA
101 "2022-02-27 07:56:56" 32 45 21.5 7.3 NA
102 "2022-02-27 07:57:06" 32 45 21 7 NA
103 "2022-02-27 07:57:16" 32 45 21 7 NA
104 "2022-02-27 07:57:26" 32 45 21.5 7.3 NA
105 "2022-02-27 07:57:36" 32 45 22 7.6 NA
106 "2022-02-27 07:57:46" 32.5 45 22 8 NA
107 "2022-02-27 07:57:56" 32.5 45 22 8 NA
108 "2022-02-27 07:58:06" 32.5 45 22 8 NA
109 "2022-02-27 07:58:16" 32.5 45 23 8.7 NA
110 "2022-02-27 07:58:26" 32.5 45 22 8 NA
111 "2022-02-27 07:58:36" 32.5 45 21.5 7.7 NA
112 "2022-02-27 07:58:46" 33 45 21 7.8 NA
113 "2022-02-27 07:58:56" 33 45 21 7.8 NA
114 "2022-02-27 07:59:06" 33 45 21 7.8 NA
115 "2022-02-27 07:59:16" 33 45 21 7.8 NA
116 "2022-02-27 07:59:26" 33 45 20.5 7.4 NA
117 "2022-02-27 07:59:36" 33 45 20.5 7.4 NA
118 "2022-02-27 07:59:46" 33.5 45 20 7.5 NA
119 "2022-02-27 07:59:56" 33.5 45 20 7.5 NA
120 "2022-02-27 08:00:06" 33.5 45 20 7.5 NA
121 "2022-02-27 08:00:16" 33.5 45 19.5 7.1 NA
122 "2022-02-27 08:00:26" 33.5 45 19.5 7.1 NA
123 "2022-02-27 08:00:36" 33.5 45 19.5 7.1 NA
124 "2022-02-27 08:00:46" 33.5 45 19.5 7.1 NA
125 "2022-02-27 08:00:56" 34 45 19.5 7.5 NA
126 "2022-02-27 08:01:06" 34 45 19.5 7.5 NA
127 "2022-02-27 08:01:16" 34 45 19 7.1 NA
128 "2022-02-27 08:01:26" 34 45 19 7.1 NA
129 "2022-02-27 08:01:36" 34 45 19 7.1 NA
130 "2022-02-27 08:01:46" 34 45 19 7.1 NA
131 "2022-02-27 08:01:56" 34 45 19 7.1 NA
132 "2022-02-27 08:02:06" 34 45 19 7.1 NA
133 "2022-02-27 08:02:16" 34 45 20 7.9 NA
134 "2022-02-27 08:02:26" 34 45 20 7.9 NA
135 "2022-02-27 08:02:36" 34.5 45 20.5 8.6 NA
136 "2022-02-27 08:02:46" 34.5 45 20 8.3 NA
137 "2022-02-27 08:02:56" 34.5 45 20 8.3 NA
138 "2022-02-27 08:03:06" 34.5 45 20.5 8.6 NA
139 "2022-02-27 08:03:16" 34.5 45 20.5 8.6 NA
140 "2022-02-27 08:03:26" 34.5 45 20.5 8.6 NA
141 "2022-02-27 08:03:36" 34.5 45 20.5 8.6 NA
142 "2022-02-27 08:03:46" 34.5 45 20.5 8.6 NA
143 "2022-02-27 08:03:56" 34.5 45 20.5 8.6 NA
144 "2022-02-27 08:04:06" 34.5 45 20 8.3 NA
145 "2022-02-27 08:04:16" 34.5 45 20 8.3 NA
146 "2022-02-27 08:04:26" 34.5 45 20 8.3 NA
147 "2022-02-27 08:04:36" 34.5 45 19.5 7.9 NA
148 "2022-02-27 08:04:46" 34.5 45 19.5 7.9 NA
149 "2022-02-27 08:04:56" 34.5 45 19 7.5 NA
150 "2022-02-27 08:05:06" 34.5 45 19 7.5 NA
151 "2022-02-27 08:05:16" 34.5 45 19 7.5 NA
152 "2022-02-27 08:05:26" 34.5 45 19 7.5 NA
153 "2022-02-27 08:05:36" 34.5 45 18.5 7.1 NA
154 "2022-02-27 08:05:46" 34.5 45 19 7.5 NA
155 "2022-02-27 08:05:56" 34.5 45 19 7.5 NA
156 "2022-02-27 08:06:06" 34.5 45 18.5 7.1 NA
157 "2022-02-27 08:06:16" 34.5 45 19 7.5 NA
158 "2022-02-27 08:06:26" 34.5 45 18.5 7.1 NA
159 "2022-02-27 08:06:36" 34.5 45 18.5 7.1 NA
160 "2022-02-27 08:06:46" 34.5 45 18.5 7.1 NA
161 "2022-02-27 08:06:56" 34.5 45 18.5 7.1 NA
162 "2022-02-27 08:07:06" 34.5 45 18.5 7.1 NA
163 "2022-02-27 08:07:16" 34.5 45 18.5 7.1 NA
164 "2022-02-27 08:07:26" 34.5 45 19.5 7.9 NA
165 "2022-02-27 08:07:36" 34.5 45 19 7.5 NA
166 "2022-02-27 08:07:46" 34.5 45 18.5 7.1 NA
167 "2022-02-27 08:07:56" 34.5 45 18.5 7.1 NA
168 "2022-02-27 08:08:06" 34.5 45 18.5 7.1 NA
169 "2022-02-27 08:08:16" 34.5 45 18.5 7.1 NA
170 "2022-02-27 08:08:26" 34.5 45 18.5 7.1 NA
171 "2022-02-27 08:08:36" 34.5 45 18.5 7.1 NA
172 "2022-02-27 08:08:46" 35 45 18.5 7.5 NA
173 "2022-02-27 08:08:56" 35 45 18.5 7.5 NA
174 "2022-02-27 08:09:06" 35 45 18.5 7.5 NA
175 "2022-02-27 08:09:16" 35 45 18.5 7.5 NA
176 "2022-02-27 08:09:26" 35 45 18.5 7.5 NA
177 "2022-02-27 08:09:36" 35 45 18.5 7.5 NA
178 "2022-02-27 08:09:46" 35 45 18 7.1 NA
179 "2022-02-27 08:09:56" 35 45 18 7.1 NA
180 "2022-02-27 08:10:06" 35 45 18 7.1 NA
181 "2022-02-27 08:10:16" 35 45 18.5 7.5 NA
182 "2022-02-27 08:10:26" 35 45 18 7.1 NA
183 "2022-02-27 08:10:36" 35 45 18 7.1 NA
184 "2022-02-27 08:10:46" 35 45 18.5 7.5 NA
185 "2022-02-27 08:10:56" 35 45 18 7.1 NA
186 "2022-02-27 08:11:06" 35 45 18 7.1 NA
187 "2022-02-27 08:11:16" 35 45 18 7.1 NA
188 "2022-02-27 08:11:26" 35 45 18 7.1 NA
189 "2022-02-27 08:11:36" 35 45 18 7.1 NA
190 "2022-02-27 08:11:46" 35 45 18 7.1 NA
191 "2022-02-27 08:11:56" 35 45 18 7.1 NA
192 "2022-02-27 08:12:06" 35 45 18 7.1 NA
193 "2022-02-27 08:12:16" 35 45 18 7.1 NA
194 "2022-02-27 08:12:26" 35 45 18 7.1 NA
195 "2022-02-27 08:12:36" 35 45 18 7.1 NA
196 "2022-02-27 08:12:46" 35 45 18 7.1 NA
197 "2022-02-27 08:12:56" 35 45 18 7.1 NA
198 "2022-02-27 08:13:06" 35.5 45 18 7.5 NA
199 "2022-02-27 08:13:16" 35.5 45 18 7.5 NA
200 "2022-02-27 08:13:26" 35.5 45 18 7.5 NA
201 "2022-02-27 08:13:36" 35.5 45 18 7.5 NA
202 "2022-02-27 08:13:46" 35.5 45 18 7.5 NA
203 "2022-02-27 08:13:56" 35.5 45 20 9.1 NA
204 "2022-02-27 08:14:06" 35.5 45 18.5 8 NA
205 "2022-02-27 08:14:16" 35.5 45 18 7.5 NA
206 "2022-02-27 08:14:26" 35.5 45 18 7.5 NA
207 "2022-02-27 08:14:36" 35.5 45 18 7.5 NA
208 "2022-02-27 08:14:46" 35.5 45 18 7.5 NA
209 "2022-02-27 08:14:56" 35.5 45 18 7.5 NA
210 "2022-02-27 08:15:06" 35.5 45 18 7.5 NA
211 "2022-02-27 08:15:16" 35.5 45 18 7.5 NA
212 "2022-02-27 08:15:26" 35.5 45 18 7.5 NA
213 "2022-02-27 08:15:36" 35.5 45 18 7.5 NA
214 "2022-02-27 08:15:46" 35.5 45 18 7.5 NA
215 "2022-02-27 08:15:56" 35.5 45 18 7.5 NA
216 "2022-02-27 08:16:06" 35.5 45 18 7.5 NA
217 "2022-02-27 08:16:16" 35.5 45 18 7.5 NA
218 "2022-02-27 08:16:26" 35.5 45 18 7.5 NA
219 "2022-02-27 08:16:36" 35.5 45 18 7.5 NA
220 "2022-02-27 08:16:46" 35.5 45 18 7.5 NA
221 "2022-02-27 08:16:56" 35.5 45 17.5 7.1 NA
222 "2022-02-27 08:17:06" 35.5 45 18 7.5 NA
223 "2022-02-27 08:17:16" 35.5 45 18 7.5 NA
224 "2022-02-27 08:17:26" 35.5 45 18 7.5 NA
225 "2022-02-27 08:17:36" 35.5 45 18 7.5 NA
226 "2022-02-27 08:17:46" 35.5 45 18 7.5 NA
227 "2022-02-27 08:17:56" 35.5 45 18 7.5 NA
228 "2022-02-27 08:18:06" 35.5 45 18 7.5 NA
229 "2022-02-27 08:18:16" 35.5 45 18 7.5 NA
230 "2022-02-27 08:18:26" 35.5 45 18 7.5 NA
231 "2022-02-27 08:18:36" 35.5 45 18 7.5 NA
232 "2022-02-27 08:18:46" 35.5 45 18 7.5 NA
233 "2022-02-27 08:18:56" 35.5 45 17.5 7.1 NA
234 "2022-02-27 08:19:06" 36 45 18 8 NA
235 "2022-02-27 08:19:16" 36 45 17.5 7.5 NA
236 "2022-02-27 08:19:26" 36 45 17.5 7.5 NA
237 "2022-02-27 08:19:36" 36 45 17.5 7.5 NA
238 "2022-02-27 08:19:46" 36 45 17.5 7.5 NA
239 "2022-02-27 08:19:56" 36 45 17.5 7.5 NA
240 "2022-02-27 08:20:06" 36 45 17.5 7.5 NA
241 "2022-02-27 08:20:16" 36 45 17.5 7.5 NA
242 "2022-02-27 08:20:26" 36 45 17.5 7.5 NA
243 "2022-02-27 08:20:36" 36 45 17.5 7.5 NA
244 "2022-02-27 08:20:46" 36 45 18 8 NA
245 "2022-02-27 08:20:56" 36 45 18 8 NA
246 "2022-02-27 08:21:06" 36 45 17.5 7.5 NA
247 "2022-02-27 08:21:16" 36 45 17.5 7.5 NA
248 "2022-02-27 08:21:26" 36 45 17.5 7.5 NA
249 "2022-02-27 08:21:36" 36 45 17.5 7.5 NA
250 "2022-02-27 08:21:46" 36 45 17.5 7.5 NA
251 "2022-02-27 08:21:56" 36 45 17.5 7.5 NA
252 "2022-02-27 08:22:06" 36 45 17.5 7.5 NA
253 "2022-02-27 08:22:16" 36 45 17.5 7.5 NA
254 "2022-02-27 08:22:26" 36 45 17.5 7.5 NA
255 "2022-02-27 08:22:36" 36 45 17.5 7.5 NA
256 "2022-02-27 08:22:46" 36 45 17.5 7.5 NA
257 "2022-02-27 08:22:56" 36 45 17.5 7.5 NA
258 "2022-02-27 08:23:06" 36 45 17.5 7.5 NA
259 "2022-02-27 08:23:16" 36 45 17.5 7.5 NA
260 "2022-02-27 08:23:26" 36 45 17.5 7.5 NA
261 "2022-02-27 08:23:36" 36 45 17.5 7.5 NA
262 "2022-02-27 08:23:46" 36 45 17.5 7.5 NA
263 "2022-02-27 08:23:56" 36 45 17.5 7.5 NA
264 "2022-02-27 08:24:06" 36 45 17.5 7.5 NA
265 "2022-02-27 08:24:16" 36 45 17.5 7.5 NA
266 "2022-02-27 08:24:26" 36 45 17.5 7.5 NA
267 "2022-02-27 08:24:36" 36 45 17.5 7.5 NA
268 "2022-02-27 08:24:46" 36 45 17.5 7.5 NA
269 "2022-02-27 08:24:56" 36 45 17.5 7.5 NA
270 "2022-02-27 08:25:06" 36 45 17.5 7.5 NA
271 "2022-02-27 08:25:16" 36 45 17.5 7.5 NA
272 "2022-02-27 08:25:26" 36 45 17.5 7.5 NA
273 "2022-02-27 08:25:36" 36 45 17.5 7.5 NA
274 "2022-02-27 08:25:46" 36 45 17.5 7.5 NA
275 "2022-02-27 08:25:56" 36 45 17.5 7.5 NA
276 "2022-02-27 08:26:06" 36 45 17.5 7.5 NA
277 "2022-02-27 08:26:16" 36 45 17.5 7.5 NA
278 "2022-02-27 08:26:26" 36 45 17.5 7.5 NA
279 "2022-02-27 08:26:36" 36 45 18 8 NA
280 "2022-02-27 08:26:46" 36 45 17.5 7.5 NA
281 "2022-02-27 08:26:56" 36 45 17.5 7.5 NA
282 "2022-02-27 08:27:06" 36 45 17.5 7.5 NA
283 "2022-02-27 08:27:16" 36 45 17.5 7.5 NA
284 "2022-02-27 08:27:26" 36 45 17.5 7.5 NA
285 "2022-02-27 08:27:36" 36 45 18 8 NA
286 "2022-02-27 08:27:46" 36 45 18 8 NA
287 "2022-02-27 08:27:56" 36 45 17.5 7.5 NA
288 "2022-02-27 08:28:06" 36 45 17.5 7.5 NA
289 "2022-02-27 08:28:16" 36 45 18.5 8.4 NA
290 "2022-02-27 08:28:26" 36 45 18 8 NA
291 "2022-02-27 08:28:36" 36 45 18 8 NA
292 "2022-02-27 08:28:46" 36 45 17.5 7.5 NA
293 "2022-02-27 08:28:56" 36 45 17.5 7.5 NA
294 "2022-02-27 08:29:06" 36 45 17.5 7.5 NA
295 "2022-02-27 08:29:16" 36 45 18 8 NA
296 "2022-02-27 08:29:26" 36 45 18 8 NA
297 "2022-02-27 08:29:36" 36 45 17.5 7.5 NA
298 "2022-02-27 08:29:46" 36 45 17.5 7.5 NA
299 "2022-02-27 08:29:56" 36 45 18 8 NA
300 "2022-02-27 08:30:06" 36 45 18 8 NA
301 "2022-02-27 08:30:16" 36 45 17.5 7.5 NA
302 "2022-02-27 08:30:26" 36 45 17.5 7.5 NA
303 "2022-02-27 08:30:36" 36 45 18 8 NA
304 "2022-02-27 08:30:46" 36 45 18 8 NA
305 "2022-02-27 08:30:56" 36 45 17.5 7.5 NA
306 "2022-02-27 08:31:06" 36 45 18.5 8.4 NA
307 "2022-02-27 08:31:16" 36 45 18 8 NA
308 "2022-02-27 08:31:26" 36 45 17.5 7.5 NA
309 "2022-02-27 08:31:36" 36 45 17.5 7.5 NA
310 "2022-02-27 08:31:46" 36 45 18 8 NA
311 "2022-02-27 08:31:56" 36 45 17.5 7.5 NA
312 "2022-02-27 08:32:06" 36 45 18 8 NA
313 "2022-02-27 08:32:16" 36 45 17.5 7.5 NA
314 "2022-02-27 08:32:26" 36 45 17.5 7.5 NA
315 "2022-02-27 08:32:36" 36 45 17.5 7.5 NA
316 "2022-02-27 08:32:46" 36 45 18 8 NA
317 "2022-02-27 08:32:56" 36 45 18 8 NA
318 "2022-02-27 08:33:06" 36 45 17.5 7.5 NA
319 "2022-02-27 08:33:16" 36 45 17.5 7.5 NA
320 "2022-02-27 08:33:26" 36 45 18 8 NA
321 "2022-02-27 08:33:36" 36 45 18 8 NA
322 "2022-02-27 08:33:46" 36 45 17.5 7.5 NA
323 "2022-02-27 08:33:56" 36 45 17.5 7.5 NA
324 "2022-02-27 08:34:06" 36 45 18 8 NA
325 "2022-02-27 08:34:16" 36 45 18.5 8.4 NA
326 "2022-02-27 08:34:26" 36 45 17.5 7.5 NA
327 "2022-02-27 08:34:36" 36 45 18 8 NA
328 "2022-02-27 08:34:46" 36 45 18 8 NA
329 "2022-02-27 08:34:56" 36 45 18 8 NA
330 "2022-02-27 08:35:06" 36 45 18 8 NA
331 "2022-02-27 08:35:16" 36 45 18 8 NA
332 "2022-02-27 08:35:26" 36 45 18 8 NA
333 "2022-02-27 08:35:36" 36 45 18 8 NA
334 "2022-02-27 08:35:46" 36 45 18 8 NA
335 "2022-02-27 08:35:56" 36 45 18 8 NA
336 "2022-02-27 08:36:06" 36 45 18 8 NA
337 "2022-02-27 08:36:16" 36 45 18 8 NA
338 "2022-02-27 08:36:26" 36 45 18 8 NA
339 "2022-02-27 08:36:36" 36 45 18 8 NA
340 "2022-02-27 08:36:46" 36 45 18 8 NA
341 "2022-02-27 08:36:56" 36 45 18 8 NA
342 "2022-02-27 08:37:06" 36 45 18 8 NA
343 "2022-02-27 08:37:16" 36 45 18 8 NA
344 "2022-02-27 08:37:26" 36 45 18 8 NA
345 "2022-02-27 08:37:36" 36 45 18 8 NA
346 "2022-02-27 08:37:46" 36 45 18 8 NA
347 "2022-02-27 08:37:56" 36 45 18 8 NA
348 "2022-02-27 08:38:06" 36 45 17.5 7.5 NA
349 "2022-02-27 08:38:16" 36.5 45 18 8.4 NA
350 "2022-02-27 08:38:26" 36.5 45 18 8.4 NA
351 "2022-02-27 08:38:36" 36.5 45 18 8.4 NA
352 "2022-02-27 08:38:46" 36.5 45 18 8.4 NA
353 "2022-02-27 08:38:56" 36.5 45 18 8.4 NA
354 "2022-02-27 08:39:06" 36.5 45 18 8.4 NA
355 "2022-02-27 08:39:16" 36.5 45 18 8.4 NA
356 "2022-02-27 08:39:26" 36.5 45 18 8.4 NA
357 "2022-02-27 08:39:36" 36.5 45 18 8.4 NA
358 "2022-02-27 08:39:46" 36.5 45 17.5 7.9 NA
359 "2022-02-27 08:39:56" 36.5 45 18 8.4 NA
360 "2022-02-27 08:40:06" 36.5 45 18 8.4 NA
361 "2022-02-27 08:40:16" 36.5 45 17.5 7.9 NA
362 "2022-02-27 08:40:26" 36.5 45 17.5 7.9 NA
363 "2022-02-27 08:40:36" 36.5 45 17.5 7.9 NA
364 "2022-02-27 08:40:46" 36.5 45 17.5 7.9 NA
365 "2022-02-27 08:40:56" 36.5 45 17.5 7.9 NA
366 "2022-02-27 08:41:06" 36.5 45 17.5 7.9 NA
367 "2022-02-27 08:41:16" 36.5 45 17.5 7.9 NA
368 "2022-02-27 08:41:26" 36.5 45 17.5 7.9 NA
369 "2022-02-27 08:41:36" 36.5 45 17.5 7.9 NA
370 "2022-02-27 08:41:46" 36.5 45 17.5 7.9 NA
371 "2022-02-27 08:41:56" 36.5 45 17.5 7.9 NA
372 "2022-02-27 08:42:06" 36.5 45 17.5 7.9 NA
373 "2022-02-27 08:42:16" 36.5 45 17.5 7.9 NA
374 "2022-02-27 08:42:26" 36.5 45 17.5 7.9 NA
375 "2022-02-27 08:42:36" 36.5 45 17.5 7.9 NA
376 "2022-02-27 08:42:46" 36.5 45 17.5 7.9 NA
377 "2022-02-27 08:42:56" 36.5 45 17 7.5 NA
378 "2022-02-27 08:43:06" 36.5 45 17 7.5 NA
379 "2022-02-27 08:43:16" 36.5 45 17.5 7.9 NA
380 "2022-02-27 08:43:26" 36.5 45 17.5 7.9 NA
381 "2022-02-27 08:43:36" 36.5 45 17.5 7.9 NA
382 "2022-02-27 08:43:46" 36.5 45 18 8.4 NA
383 "2022-02-27 08:43:56" 36.5 45 17.5 7.9 NA
384 "2022-02-27 08:44:06" 36.5 45 17.5 7.9 NA
385 "2022-02-27 08:44:16" 36.5 45 18 8.4 NA
386 "2022-02-27 08:44:26" 36.5 45 17.5 7.9 NA
387 "2022-02-27 08:44:36" 36.5 45 17 7.5 NA
388 "2022-02-27 08:44:46" 36.5 45 18 8.4 NA
389 "2022-02-27 08:44:56" 36.5 45 17.5 7.9 NA
390 "2022-02-27 08:45:06" 36.5 45 18 8.4 NA
391 "2022-02-27 08:45:16" 36.5 45 17.5 7.9 NA
392 "2022-02-27 08:45:26" 36.5 45 17.5 7.9 NA
393 "2022-02-27 08:45:36" 36.5 45 18.5 8.8 NA
394 "2022-02-27 08:45:46" 36.5 45 17.5 7.9 NA
395 "2022-02-27 08:45:56" 36.5 45 17 7.5 NA
396 "2022-02-27 08:46:06" 36.5 45 17 7.5 NA
397 "2022-02-27 08:46:16" 36.5 45 18 8.4 NA
398 "2022-02-27 08:46:26" 36.5 45 17.5 7.9 NA
399 "2022-02-27 08:46:36" 36.5 45 17.5 7.9 NA
400 "2022-02-27 08:46:46" 36.5 45 17 7.5 NA
401 "2022-02-27 08:46:56" 36.5 45 17 7.5 NA
402 "2022-02-27 08:47:06" 36.5 45 17 7.5 NA
403 "2022-02-27 08:47:16" 36.5 45 17 7.5 NA
404 "2022-02-27 08:47:26" 36.5 45 17 7.5 NA
405 "2022-02-27 08:47:36" 36.5 45 17 7.5 NA
406 "2022-02-27 08:47:46" 36 45 17 7.1 NA
407 "2022-02-27 08:47:56" 36 45 17 7.1 NA
408 "2022-02-27 08:48:06" 36 45 17 7.1 NA
409 "2022-02-27 08:48:16" 36 45 17.5 7.5 NA
410 "2022-02-27 08:48:26" 36 45 17.5 7.5 NA
411 "2022-02-27 08:48:36" 36 45 17.5 7.5 NA
412 "2022-02-27 08:48:46" 36 45 17.5 7.5 NA
413 "2022-02-27 08:48:56" 36 45 17.5 7.5 NA
414 "2022-02-27 08:49:06" 36 45 17.5 7.5 NA
415 "2022-02-27 08:49:16" 36 45 17.5 7.5 NA
416 "2022-02-27 08:49:26" 35.5 45 17.5 7.1 NA
417 "2022-02-27 08:49:36" 35.5 45 17.5 7.1 NA
418 "2022-02-27 08:49:46" 35.5 45 17.5 7.1 NA
419 "2022-02-27 08:49:56" 35.5 45 19.5 8.7 NA
420 "2022-02-27 08:50:06" 35.5 45 18 7.5 NA
421 "2022-02-27 08:50:16" 35.5 45 17.5 7.1 NA
