"V1" "V2" "V3" "V4" "V5" "V6" "V7"
1 "2022-02-17 07:48:58" 24.5 45 37.5 9.1 10126307
2 "2022-02-17 07:49:08" 24.5 45 37 8.9 NA
3 "2022-02-17 07:49:18" 25 45 40 10.5 NA
4 "2022-02-17 07:49:28" 25 45 36.5 9.1 NA
5 "2022-02-17 07:49:38" 25 45 35.5 8.7 NA
6 "2022-02-17 07:49:48" 25 45 35 8.5 NA
7 "2022-02-17 07:49:58" 25 45 35 8.5 NA
8 "2022-02-17 07:50:08" 25 45 34.5 8.3 NA
9 "2022-02-17 07:50:18" 25 45 34.5 8.3 NA
10 "2022-02-17 07:50:28" 25.5 45 34.5 8.7 NA
11 "2022-02-17 07:50:38" 25.5 45 34 8.5 NA
12 "2022-02-17 07:50:48" 25.5 45 34 8.5 NA
13 "2022-02-17 07:50:58" 25.5 45 34 8.5 NA
14 "2022-02-17 07:51:08" 25.5 45 34 8.5 NA
15 "2022-02-17 07:51:18" 25.5 45 34 8.5 NA
16 "2022-02-17 07:51:28" 25.5 45 34 8.5 NA
17 "2022-02-17 07:51:38" 25.5 45 34 8.5 NA
18 "2022-02-17 07:51:48" 25.5 45 34 8.5 NA
19 "2022-02-17 07:51:58" 25.5 45 34 8.5 NA
20 "2022-02-17 07:52:08" 25.5 45 34.5 8.7 NA
21 "2022-02-17 07:52:18" 25.5 45 34.5 8.7 NA
22 "2022-02-17 07:52:28" 26 45 34 8.9 NA
23 "2022-02-17 07:52:38" 26 45 34 8.9 NA
24 "2022-02-17 07:52:48" 26.5 45 33.5 9.2 NA
25 "2022-02-17 07:52:58" 27 45 33 9.4 NA
26 "2022-02-17 07:53:08" 27 45 32.5 9.1 NA
27 "2022-02-17 07:53:18" 27.5 45 32 9.3 NA
28 "2022-02-17 07:53:28" 28 45 31 9.3 NA
29 "2022-02-17 07:53:38" 28.5 45 30.5 9.5 NA
30 "2022-02-17 07:53:48" 29 45 29.5 9.4 NA
31 "2022-02-17 07:53:58" 29.5 45 29 9.6 NA
32 "2022-02-17 07:54:08" 30 45 28.5 9.8 NA
33 "2022-02-17 07:54:18" 30.5 45 28 9.9 NA
34 "2022-02-17 07:54:28" 30.5 45 27.5 9.7 NA
35 "2022-02-17 07:54:38" 31 45 27 9.8 NA
36 "2022-02-17 07:54:48" 31.5 45 26 9.7 NA
37 "2022-02-17 07:54:58" 32 45 26 10.1 NA
38 "2022-02-17 07:55:08" 32.5 45 25.5 10.2 NA
39 "2022-02-17 07:55:18" 33 45 25 10.4 NA
40 "2022-02-17 07:55:28" 33 45 24.5 10.1 NA
41 "2022-02-17 07:55:38" 33.5 45 24 10.2 NA
42 "2022-02-17 07:55:48" 34 45 23.5 10.3 NA
43 "2022-02-17 07:55:58" 34 45 23.5 10.3 NA
44 "2022-02-17 07:56:08" 34.5 45 23 10.4 NA
45 "2022-02-17 07:56:18" 35 45 22.5 10.4 NA
46 "2022-02-17 07:56:28" 35 45 22.5 10.4 NA
47 "2022-02-17 07:56:38" 35.5 45 22.5 10.9 NA
48 "2022-02-17 07:56:48" 35.5 45 22 10.5 NA
49 "2022-02-17 07:56:58" 36 45 21.5 10.6 NA
50 "2022-02-17 07:57:08" 36 45 21.5 10.6 NA
51 "2022-02-17 07:57:18" 36.5 45 21 10.6 NA
52 "2022-02-17 07:57:28" 36.5 45 21 10.6 NA
53 "2022-02-17 07:57:38" 37 45 21 11.1 NA
54 "2022-02-17 07:57:48" 37 45 20.5 10.7 NA
55 "2022-02-17 07:57:58" 37.5 45 20.5 11.1 NA
56 "2022-02-17 07:58:08" 37.5 45 20.5 11.1 NA
57 "2022-02-17 07:58:18" 38 45 20 11.1 NA
58 "2022-02-17 07:58:28" 38 45 20 11.1 NA
59 "2022-02-17 07:58:38" 38.5 45 19.5 11.2 NA
60 "2022-02-17 07:58:48" 38.5 45 19.5 11.2 NA
61 "2022-02-17 07:58:58" 38.5 45 19.5 11.2 NA
62 "2022-02-17 07:59:08" 39 45 19.5 11.6 NA
63 "2022-02-17 07:59:18" 39 45 19 11.2 NA
64 "2022-02-17 07:59:28" 39 45 19 11.2 NA
65 "2022-02-17 07:59:38" 39.5 45 19 11.6 NA
66 "2022-02-17 07:59:48" 39.5 45 19 11.6 NA
67 "2022-02-17 07:59:58" 39.5 45 18.5 11.2 NA
68 "2022-02-17 08:00:08" 39.5 45 18.5 11.2 NA
69 "2022-02-17 08:00:18" 40 45 18.5 11.6 NA
70 "2022-02-17 08:00:28" 40 45 18.5 11.6 NA
71 "2022-02-17 08:00:38" 40 45 18 11.2 NA
72 "2022-02-17 08:00:48" 40 45 18 11.2 NA
73 "2022-02-17 08:00:58" 40.5 45 18 11.6 NA
74 "2022-02-17 08:01:08" 40.5 45 18 11.6 NA
75 "2022-02-17 08:01:18" 40.5 45 18 11.6 NA
76 "2022-02-17 08:01:28" 40.5 45 18 11.6 NA
77 "2022-02-17 08:01:38" 40.5 45 17.5 11.1 NA
78 "2022-02-17 08:01:48" 41 45 17.5 11.5 NA
79 "2022-02-17 08:01:58" 41 45 17.5 11.5 NA
80 "2022-02-17 08:02:08" 41 45 17.5 11.5 NA
81 "2022-02-17 08:02:18" 41 45 17.5 11.5 NA
82 "2022-02-17 08:02:28" 41 45 17.5 11.5 NA
83 "2022-02-17 08:02:38" 41.5 45 17.5 11.9 NA
84 "2022-02-17 08:02:48" 41.5 45 17.5 11.9 NA
85 "2022-02-17 08:02:58" 41.5 45 17 11.5 NA
86 "2022-02-17 08:03:08" 41.5 45 17 11.5 NA
87 "2022-02-17 08:03:18" 41.5 45 17 11.5 NA
88 "2022-02-17 08:03:28" 41.5 45 17 11.5 NA
89 "2022-02-17 08:03:38" 41.5 45 17 11.5 NA
90 "2022-02-17 08:03:48" 41.5 45 17 11.5 NA
91 "2022-02-17 08:03:58" 41.5 45 17 11.5 NA
92 "2022-02-17 08:04:08" 42 45 17 11.9 NA
93 "2022-02-17 08:04:18" 42 45 17 11.9 NA
94 "2022-02-17 08:04:28" 42 45 17 11.9 NA
95 "2022-02-17 08:04:38" 42 45 17 11.9 NA
96 "2022-02-17 08:04:48" 42 45 17 11.9 NA
97 "2022-02-17 08:04:58" 42 45 16.5 11.5 NA
98 "2022-02-17 08:05:08" 42 45 16.5 11.5 NA
99 "2022-02-17 08:05:18" 42 45 16.5 11.5 NA
100 "2022-02-17 08:05:28" 42 45 16.5 11.5 NA
101 "2022-02-17 08:05:38" 42 45 16.5 11.5 NA
102 "2022-02-17 08:05:48" 42 45 16.5 11.5 NA
103 "2022-02-17 08:05:58" 42 45 16.5 11.5 NA
104 "2022-02-17 08:06:08" 42 45 16.5 11.5 NA
105 "2022-02-17 08:06:18" 42 45 16.5 11.5 NA
106 "2022-02-17 08:06:28" 42 45 16.5 11.5 NA
107 "2022-02-17 08:06:38" 42.5 45 16.5 11.8 NA
108 "2022-02-17 08:06:48" 42.5 45 17 12.3 NA
109 "2022-02-17 08:06:58" 42.5 45 17 12.3 NA
110 "2022-02-17 08:07:08" 42.5 45 16.5 11.8 NA
111 "2022-02-17 08:07:18" 42.5 45 17 12.3 NA
112 "2022-02-17 08:07:28" 42 45 16.5 11.5 NA
113 "2022-02-17 08:07:38" 42 45 16.5 11.5 NA
114 "2022-02-17 08:07:48" 42 45 16.5 11.5 NA
115 "2022-02-17 08:07:58" 42 45 16.5 11.5 NA
116 "2022-02-17 08:08:08" 42 45 16.5 11.5 NA
117 "2022-02-17 08:08:18" 42 45 17 11.9 NA
118 "2022-02-17 08:08:28" 42 45 16.5 11.5 NA
119 "2022-02-17 08:08:38" 42 45 16.5 11.5 NA
120 "2022-02-17 08:08:48" 42 45 16.5 11.5 NA
121 "2022-02-17 08:08:58" 42 45 16.5 11.5 NA
122 "2022-02-17 08:09:08" 42 45 16.5 11.5 NA
123 "2022-02-17 08:09:18" 42 45 16.5 11.5 NA
124 "2022-02-17 08:09:28" 42 45 16.5 11.5 NA
125 "2022-02-17 08:09:38" 42 45 16.5 11.5 NA
126 "2022-02-17 08:09:48" 42 45 16.5 11.5 NA
127 "2022-02-17 08:09:58" 42 45 16.5 11.5 NA
128 "2022-02-17 08:10:08" 42 45 16.5 11.5 NA
129 "2022-02-17 08:10:18" 42 45 16.5 11.5 NA
130 "2022-02-17 08:10:28" 42 45 16.5 11.5 NA
131 "2022-02-17 08:10:38" 42 45 16.5 11.5 NA
132 "2022-02-17 08:10:48" 42 45 17 11.9 NA
133 "2022-02-17 08:10:58" 42 45 17 11.9 NA
134 "2022-02-17 08:11:08" 42 45 16.5 11.5 NA
135 "2022-02-17 08:11:18" 42 45 16.5 11.5 NA
136 "2022-02-17 08:11:28" 42 45 16.5 11.5 NA
137 "2022-02-17 08:11:38" 42 45 16.5 11.5 NA
138 "2022-02-17 08:11:48" 42 45 17 11.9 NA
139 "2022-02-17 08:11:58" 42 45 16.5 11.5 NA
140 "2022-02-17 08:12:08" 42 45 16.5 11.5 NA
141 "2022-02-17 08:12:18" 42 45 16.5 11.5 NA
142 "2022-02-17 08:12:28" 42 45 16.5 11.5 NA
143 "2022-02-17 08:12:38" 42 45 16.5 11.5 NA
144 "2022-02-17 08:12:48" 42 45 16.5 11.5 NA
145 "2022-02-17 08:12:58" 42 45 16.5 11.5 NA
146 "2022-02-17 08:13:08" 42 45 16.5 11.5 NA
147 "2022-02-17 08:13:18" 42 45 16.5 11.5 NA
148 "2022-02-17 08:13:28" 42 45 16.5 11.5 NA
149 "2022-02-17 08:13:38" 42 45 16.5 11.5 NA
150 "2022-02-17 08:13:48" 42 45 16.5 11.5 NA
151 "2022-02-17 08:13:58" 42 45 16.5 11.5 NA
152 "2022-02-17 08:14:08" 42 45 16.5 11.5 NA
153 "2022-02-17 08:14:18" 42 45 16.5 11.5 NA
154 "2022-02-17 08:14:28" 42 45 16.5 11.5 NA
155 "2022-02-17 08:14:38" 42 45 16.5 11.5 NA
156 "2022-02-17 08:14:48" 42 45 16.5 11.5 NA
157 "2022-02-17 08:14:58" 42 45 16.5 11.5 NA
158 "2022-02-17 08:15:08" 42 45 16.5 11.5 NA
159 "2022-02-17 08:15:18" 42 45 16.5 11.5 NA
160 "2022-02-17 08:15:28" 42 45 16.5 11.5 NA
161 "2022-02-17 08:15:38" 42 45 16.5 11.5 NA
162 "2022-02-17 08:15:48" 42 45 16.5 11.5 NA
163 "2022-02-17 08:15:58" 42 45 16.5 11.5 NA
164 "2022-02-17 08:16:08" 42 45 16.5 11.5 NA
165 "2022-02-17 08:16:18" 42 45 16.5 11.5 NA
166 "2022-02-17 08:16:28" 42 45 16.5 11.5 NA
167 "2022-02-17 08:16:38" 42 45 16.5 11.5 NA
168 "2022-02-17 08:16:48" 42 45 16.5 11.5 NA
169 "2022-02-17 08:16:58" 42 45 16.5 11.5 NA
170 "2022-02-17 08:17:08" 42 45 16.5 11.5 NA
171 "2022-02-17 08:17:18" 42.5 45 16.5 11.8 NA
172 "2022-02-17 08:17:28" 42.5 45 16.5 11.8 NA
173 "2022-02-17 08:17:38" 42.5 45 16.5 11.8 NA
174 "2022-02-17 08:17:48" 42.5 45 16.5 11.8 NA
175 "2022-02-17 08:17:58" 42.5 45 16.5 11.8 NA
176 "2022-02-17 08:18:08" 42.5 45 16.5 11.8 NA
177 "2022-02-17 08:18:18" 42.5 45 16.5 11.8 NA
178 "2022-02-17 08:18:28" 42.5 45 16.5 11.8 NA
179 "2022-02-17 08:18:38" 42.5 45 16.5 11.8 NA
180 "2022-02-17 08:18:48" 42.5 45 16.5 11.8 NA
181 "2022-02-17 08:18:58" 42.5 45 16.5 11.8 NA
182 "2022-02-17 08:19:08" 42.5 45 16.5 11.8 NA
183 "2022-02-17 08:19:18" 42.5 45 16.5 11.8 NA
184 "2022-02-17 08:19:28" 42.5 45 16.5 11.8 NA
185 "2022-02-17 08:19:38" 42.5 45 16.5 11.8 NA
186 "2022-02-17 08:19:48" 42.5 45 16.5 11.8 NA
187 "2022-02-17 08:19:58" 42.5 45 16.5 11.8 NA
188 "2022-02-17 08:20:08" 42.5 45 16.5 11.8 NA
189 "2022-02-17 08:20:18" 42.5 45 16.5 11.8 NA
190 "2022-02-17 08:20:28" 42.5 45 16.5 11.8 NA
191 "2022-02-17 08:20:38" 42.5 45 16.5 11.8 NA
192 "2022-02-17 08:20:48" 42.5 45 16.5 11.8 NA
193 "2022-02-17 08:20:58" 42.5 45 16.5 11.8 NA
194 "2022-02-17 08:21:08" 42.5 45 16.5 11.8 NA
195 "2022-02-17 08:21:18" 42.5 45 16.5 11.8 NA
196 "2022-02-17 08:21:28" 42.5 45 16.5 11.8 NA
197 "2022-02-17 08:21:38" 42.5 45 16.5 11.8 NA
198 "2022-02-17 08:21:48" 42.5 45 16.5 11.8 NA
199 "2022-02-17 08:21:58" 42.5 45 16.5 11.8 NA
200 "2022-02-17 08:22:08" 42.5 45 16.5 11.8 NA
201 "2022-02-17 08:22:18" 42.5 45 16.5 11.8 NA
202 "2022-02-17 08:22:28" 42.5 45 16.5 11.8 NA
203 "2022-02-17 08:22:38" 42.5 45 16.5 11.8 NA
204 "2022-02-17 08:22:48" 42.5 45 16.5 11.8 NA
205 "2022-02-17 08:22:58" 42.5 45 16.5 11.8 NA
206 "2022-02-17 08:23:08" 42.5 45 16.5 11.8 NA
207 "2022-02-17 08:23:18" 42.5 45 16.5 11.8 NA
208 "2022-02-17 08:23:28" 42.5 45 16.5 11.8 NA
209 "2022-02-17 08:23:38" 42.5 45 16.5 11.8 NA
210 "2022-02-17 08:23:48" 42.5 45 16.5 11.8 NA
211 "2022-02-17 08:23:58" 42.5 45 16.5 11.8 NA
212 "2022-02-17 08:24:08" 42.5 45 16.5 11.8 NA
213 "2022-02-17 08:24:18" 42.5 45 16.5 11.8 NA
214 "2022-02-17 08:24:28" 42.5 45 16.5 11.8 NA
215 "2022-02-17 08:24:38" 42.5 45 16.5 11.8 NA
216 "2022-02-17 08:24:48" 42.5 45 16.5 11.8 NA
217 "2022-02-17 08:24:58" 43 45 16.5 12.2 NA
218 "2022-02-17 08:25:08" 43 45 16.5 12.2 NA
219 "2022-02-17 08:25:18" 43 45 16.5 12.2 NA
220 "2022-02-17 08:25:28" 43 45 16.5 12.2 NA
221 "2022-02-17 08:25:38" 43 45 16.5 12.2 NA
222 "2022-02-17 08:25:48" 43 45 16.5 12.2 NA
223 "2022-02-17 08:25:58" 43 45 16.5 12.2 NA
224 "2022-02-17 08:26:08" 43 45 16.5 12.2 NA
225 "2022-02-17 08:26:18" 43 45 16.5 12.2 NA
226 "2022-02-17 08:26:28" 43 45 16.5 12.2 NA
227 "2022-02-17 08:26:38" 43 45 16 11.8 NA
228 "2022-02-17 08:26:48" 43 45 16 11.8 NA
229 "2022-02-17 08:26:58" 43 45 16 11.8 NA
230 "2022-02-17 08:27:08" 43 45 16 11.8 NA
231 "2022-02-17 08:27:18" 43 45 16.5 12.2 NA
232 "2022-02-17 08:27:28" 43 45 16 11.8 NA
233 "2022-02-17 08:27:38" 43 45 16 11.8 NA
234 "2022-02-17 08:27:48" 43 45 16 11.8 NA
235 "2022-02-17 08:27:58" 43 45 16 11.8 NA
236 "2022-02-17 08:28:08" 43 45 16 11.8 NA
237 "2022-02-17 08:28:18" 43 45 16 11.8 NA
238 "2022-02-17 08:28:28" 43 45 16 11.8 NA
239 "2022-02-17 08:28:38" 43 45 16 11.8 NA
240 "2022-02-17 08:28:48" 43 45 16 11.8 NA
241 "2022-02-17 08:28:58" 43 45 16 11.8 NA
242 "2022-02-17 08:29:08" 43 45 16 11.8 NA
243 "2022-02-17 08:29:18" 43 45 16 11.8 NA
244 "2022-02-17 08:29:28" 43 45 16 11.8 NA
245 "2022-02-17 08:29:38" 43 45 16 11.8 NA
246 "2022-02-17 08:29:48" 43 45 16 11.8 NA
247 "2022-02-17 08:29:58" 43 45 16 11.8 NA
248 "2022-02-17 08:30:08" 43 45 16 11.8 NA
249 "2022-02-17 08:30:18" 43 45 16 11.8 NA
250 "2022-02-17 08:30:28" 43 45 16 11.8 NA
251 "2022-02-17 08:30:38" 43 45 16 11.8 NA
252 "2022-02-17 08:30:48" 43 45 16 11.8 NA
253 "2022-02-17 08:30:58" 43 45 16 11.8 NA
254 "2022-02-17 08:31:08" 43 45 16 11.8 NA
255 "2022-02-17 08:31:18" 43 45 16 11.8 NA
256 "2022-02-17 08:31:28" 43 45 16 11.8 NA
257 "2022-02-17 08:31:38" 43 45 16 11.8 NA
258 "2022-02-17 08:31:48" 43 45 16 11.8 NA
259 "2022-02-17 08:31:58" 43 45 16 11.8 NA
260 "2022-02-17 08:32:08" 43 45 16 11.8 NA
261 "2022-02-17 08:32:18" 43 45 16 11.8 NA
262 "2022-02-17 08:32:28" 43 45 16 11.8 NA
263 "2022-02-17 08:32:38" 43 45 16 11.8 NA
264 "2022-02-17 08:32:48" 43 45 16 11.8 NA
265 "2022-02-17 08:32:58" 43 45 16 11.8 NA
266 "2022-02-17 08:33:08" 43 45 16 11.8 NA
267 "2022-02-17 08:33:18" 43 45 16 11.8 NA
268 "2022-02-17 08:33:28" 43 45 16 11.8 NA
269 "2022-02-17 08:33:38" 43 45 16 11.8 NA
270 "2022-02-17 08:33:48" 43 45 16 11.8 NA
271 "2022-02-17 08:33:58" 43 45 16 11.8 NA
272 "2022-02-17 08:34:08" 43 45 16 11.8 NA
273 "2022-02-17 08:34:18" 43 45 16 11.8 NA
274 "2022-02-17 08:34:28" 43 45 16 11.8 NA
275 "2022-02-17 08:34:38" 43 45 16 11.8 NA
276 "2022-02-17 08:34:48" 43 45 16 11.8 NA
277 "2022-02-17 08:34:58" 43 45 16 11.8 NA
278 "2022-02-17 08:35:08" 43 45 16 11.8 NA
279 "2022-02-17 08:35:18" 43 45 16 11.8 NA
280 "2022-02-17 08:35:28" 43 45 16 11.8 NA
281 "2022-02-17 08:35:38" 43 45 16.5 12.2 NA
282 "2022-02-17 08:35:48" 43 45 16 11.8 NA
283 "2022-02-17 08:35:58" 43 45 16 11.8 NA
284 "2022-02-17 08:36:08" 43 45 16 11.8 NA
285 "2022-02-17 08:36:18" 43 45 16 11.8 NA
286 "2022-02-17 08:36:28" 43 45 16.5 12.2 NA
287 "2022-02-17 08:36:38" 43 45 16.5 12.2 NA
288 "2022-02-17 08:36:48" 43 45 16 11.8 NA
289 "2022-02-17 08:36:58" 42.5 45 16 11.4 NA
290 "2022-02-17 08:37:08" 42.5 45 16.5 11.8 NA
291 "2022-02-17 08:37:18" 42.5 45 16.5 11.8 NA
292 "2022-02-17 08:37:28" 42.5 45 16.5 11.8 NA
293 "2022-02-17 08:37:38" 42.5 45 16.5 11.8 NA
294 "2022-02-17 08:37:48" 42.5 45 16.5 11.8 NA
295 "2022-02-17 08:37:58" 42.5 45 16.5 11.8 NA
296 "2022-02-17 08:38:08" 42.5 45 16.5 11.8 NA
297 "2022-02-17 08:38:18" 42.5 45 16.5 11.8 NA
298 "2022-02-17 08:38:28" 42.5 45 16.5 11.8 NA
299 "2022-02-17 08:38:38" 42.5 45 16.5 11.8 NA
300 "2022-02-17 08:38:48" 42.5 45 16.5 11.8 NA
301 "2022-02-17 08:38:58" 42.5 45 16.5 11.8 NA
302 "2022-02-17 08:39:08" 42.5 45 16.5 11.8 NA
303 "2022-02-17 08:39:18" 42.5 45 16.5 11.8 NA
304 "2022-02-17 08:39:28" 42.5 45 16.5 11.8 NA
305 "2022-02-17 08:39:38" 42.5 45 16.5 11.8 NA
306 "2022-02-17 08:39:48" 42.5 45 16.5 11.8 NA
307 "2022-02-17 08:39:58" 42.5 45 16.5 11.8 NA
308 "2022-02-17 08:40:08" 42.5 45 16.5 11.8 NA
309 "2022-02-17 08:40:18" 42.5 45 16.5 11.8 NA
310 "2022-02-17 08:40:28" 42.5 45 16.5 11.8 NA
311 "2022-02-17 08:40:38" 42.5 45 16.5 11.8 NA
312 "2022-02-17 08:40:48" 42.5 45 16.5 11.8 NA
313 "2022-02-17 08:40:58" 42.5 45 16.5 11.8 NA
314 "2022-02-17 08:41:08" 42.5 45 16.5 11.8 NA
315 "2022-02-17 08:41:18" 42.5 45 16.5 11.8 NA
316 "2022-02-17 08:41:28" 42.5 45 16.5 11.8 NA
317 "2022-02-17 08:41:38" 42.5 45 16.5 11.8 NA
318 "2022-02-17 08:41:48" 42.5 45 16.5 11.8 NA
319 "2022-02-17 08:41:58" 42.5 45 16.5 11.8 NA
320 "2022-02-17 08:42:08" 42.5 45 16.5 11.8 NA
321 "2022-02-17 08:42:18" 42.5 45 16.5 11.8 NA
322 "2022-02-17 08:42:28" 42.5 45 16.5 11.8 NA
323 "2022-02-17 08:42:38" 42.5 45 16.5 11.8 NA
324 "2022-02-17 08:42:48" 42.5 45 16.5 11.8 NA
325 "2022-02-17 08:42:58" 42.5 45 16.5 11.8 NA
326 "2022-02-17 08:43:08" 42.5 45 16.5 11.8 NA
327 "2022-02-17 08:43:18" 42.5 45 16.5 11.8 NA
328 "2022-02-17 08:43:28" 42.5 45 16.5 11.8 NA
329 "2022-02-17 08:43:38" 42.5 45 16.5 11.8 NA
330 "2022-02-17 08:43:48" 42.5 45 16.5 11.8 NA
331 "2022-02-17 08:43:58" 42.5 45 16.5 11.8 NA
332 "2022-02-17 08:44:08" 42.5 45 16.5 11.8 NA
333 "2022-02-17 08:44:18" 42.5 45 16.5 11.8 NA
334 "2022-02-17 08:44:28" 42.5 45 16.5 11.8 NA
335 "2022-02-17 08:44:38" 42.5 45 16.5 11.8 NA
336 "2022-02-17 08:44:48" 42.5 45 16.5 11.8 NA
337 "2022-02-17 08:44:58" 42.5 45 16.5 11.8 NA
338 "2022-02-17 08:45:08" 42.5 45 16.5 11.8 NA
339 "2022-02-17 08:45:18" 42.5 45 16.5 11.8 NA
340 "2022-02-17 08:45:28" 42.5 45 16.5 11.8 NA
341 "2022-02-17 08:45:38" 42.5 45 16.5 11.8 NA
342 "2022-02-17 08:45:48" 42.5 45 16.5 11.8 NA
343 "2022-02-17 08:45:58" 42.5 45 16.5 11.8 NA
344 "2022-02-17 08:46:08" 42.5 45 16.5 11.8 NA
345 "2022-02-17 08:46:18" 42.5 45 16.5 11.8 NA
346 "2022-02-17 08:46:28" 42.5 45 16.5 11.8 NA
347 "2022-02-17 08:46:38" 42.5 45 16.5 11.8 NA
348 "2022-02-17 08:46:48" 42.5 45 16.5 11.8 NA
349 "2022-02-17 08:46:58" 42.5 45 16.5 11.8 NA
350 "2022-02-17 08:47:08" 42.5 45 16.5 11.8 NA
351 "2022-02-17 08:47:18" 42.5 45 16.5 11.8 NA
352 "2022-02-17 08:47:28" 42.5 45 16.5 11.8 NA
353 "2022-02-17 08:47:38" 42.5 45 16.5 11.8 NA
354 "2022-02-17 08:47:48" 42.5 45 16.5 11.8 NA
355 "2022-02-17 08:47:58" 42.5 45 16.5 11.8 NA
356 "2022-02-17 08:48:08" 42.5 45 16.5 11.8 NA
357 "2022-02-17 08:48:18" 42.5 45 16.5 11.8 NA
358 "2022-02-17 08:48:28" 42.5 45 16.5 11.8 NA
359 "2022-02-17 08:48:38" 42.5 45 16.5 11.8 NA
360 "2022-02-17 08:48:48" 42.5 45 16.5 11.8 NA
361 "2022-02-17 08:48:58" 42.5 45 16.5 11.8 NA
362 "2022-02-17 08:49:08" 42.5 45 16.5 11.8 NA
363 "2022-02-17 08:49:18" 42.5 45 16.5 11.8 NA
364 "2022-02-17 08:49:28" 42.5 45 16.5 11.8 NA
365 "2022-02-17 08:49:38" 42.5 45 16.5 11.8 NA
366 "2022-02-17 08:49:48" 42.5 45 16.5 11.8 NA
367 "2022-02-17 08:49:58" 42.5 45 16.5 11.8 NA
368 "2022-02-17 08:50:08" 42.5 45 16.5 11.8 NA
369 "2022-02-17 08:50:18" 42.5 45 16.5 11.8 NA
370 "2022-02-17 08:50:28" 42.5 45 16.5 11.8 NA
371 "2022-02-17 08:50:38" 42.5 45 16.5 11.8 NA
372 "2022-02-17 08:50:48" 42.5 45 16.5 11.8 NA
373 "2022-02-17 08:50:58" 42.5 45 16.5 11.8 NA
374 "2022-02-17 08:51:08" 42.5 45 16.5 11.8 NA
375 "2022-02-17 08:51:18" 42.5 45 16.5 11.8 NA
376 "2022-02-17 08:51:28" 42.5 45 16.5 11.8 NA
377 "2022-02-17 08:51:38" 42.5 45 16.5 11.8 NA
378 "2022-02-17 08:51:48" 42.5 45 16.5 11.8 NA
379 "2022-02-17 08:51:58" 42.5 45 16.5 11.8 NA
380 "2022-02-17 08:52:08" 42.5 45 16.5 11.8 NA
381 "2022-02-17 08:52:18" 42.5 45 16.5 11.8 NA
382 "2022-02-17 08:52:28" 42.5 45 16.5 11.8 NA
383 "2022-02-17 08:52:38" 42.5 45 16.5 11.8 NA
384 "2022-02-17 08:52:48" 42.5 45 16.5 11.8 NA
385 "2022-02-17 08:52:58" 42.5 45 16.5 11.8 NA
386 "2022-02-17 08:53:08" 42.5 45 16.5 11.8 NA
387 "2022-02-17 08:53:18" 42.5 45 16.5 11.8 NA
388 "2022-02-17 08:53:28" 42.5 45 16.5 11.8 NA
389 "2022-02-17 08:53:38" 42.5 45 16.5 11.8 NA
390 "2022-02-17 08:53:48" 42.5 45 16.5 11.8 NA
391 "2022-02-17 08:53:58" 42.5 45 16.5 11.8 NA
392 "2022-02-17 08:54:08" 42.5 45 16.5 11.8 NA
393 "2022-02-17 08:54:18" 42.5 45 16 11.4 NA
394 "2022-02-17 08:54:28" 42.5 45 16.5 11.8 NA
395 "2022-02-17 08:54:38" 42.5 45 16 11.4 NA
396 "2022-02-17 08:54:48" 42.5 45 16 11.4 NA
397 "2022-02-17 08:54:58" 42.5 45 16 11.4 NA
398 "2022-02-17 08:55:08" 42.5 45 16 11.4 NA
399 "2022-02-17 08:55:18" 42.5 45 16 11.4 NA
400 "2022-02-17 08:55:28" 42.5 45 16 11.4 NA
401 "2022-02-17 08:55:38" 42.5 45 16 11.4 NA
402 "2022-02-17 08:55:48" 42.5 45 16 11.4 NA
403 "2022-02-17 08:55:58" 42.5 45 16 11.4 NA
404 "2022-02-17 08:56:08" 42.5 45 16 11.4 NA
405 "2022-02-17 08:56:18" 42.5 45 16 11.4 NA
406 "2022-02-17 08:56:28" 42.5 45 16 11.4 NA
407 "2022-02-17 08:56:38" 42.5 45 16 11.4 NA
408 "2022-02-17 08:56:48" 42.5 45 16 11.4 NA
409 "2022-02-17 08:56:58" 42.5 45 16 11.4 NA
410 "2022-02-17 08:57:08" 42.5 45 16 11.4 NA
411 "2022-02-17 08:57:18" 42.5 45 16 11.4 NA
412 "2022-02-17 08:57:28" 42.5 45 16 11.4 NA
413 "2022-02-17 08:57:38" 42.5 45 16 11.4 NA
414 "2022-02-17 08:57:48" 42.5 45 16 11.4 NA
415 "2022-02-17 08:57:58" 42.5 45 16 11.4 NA
416 "2022-02-17 08:58:08" 42.5 45 16 11.4 NA
417 "2022-02-17 08:58:18" 42.5 45 16 11.4 NA
418 "2022-02-17 08:58:28" 42.5 45 16 11.4 NA
419 "2022-02-17 08:58:38" 42.5 45 16 11.4 NA
420 "2022-02-17 08:58:48" 42.5 45 16 11.4 NA
421 "2022-02-17 08:58:58" 42.5 45 16 11.4 NA
422 "2022-02-17 08:59:08" 42.5 45 16 11.4 NA
423 "2022-02-17 08:59:18" 42.5 45 16 11.4 NA
424 "2022-02-17 08:59:28" 42.5 45 16 11.4 NA
425 "2022-02-17 08:59:38" 42.5 45 16 11.4 NA
426 "2022-02-17 08:59:48" 42.5 45 16 11.4 NA
427 "2022-02-17 08:59:58" 42.5 45 16 11.4 NA
428 "2022-02-17 09:00:08" 42.5 45 16 11.4 NA
429 "2022-02-17 09:00:18" 42.5 45 16 11.4 NA
430 "2022-02-17 09:00:28" 42.5 45 16 11.4 NA
431 "2022-02-17 09:00:38" 42.5 45 16 11.4 NA
432 "2022-02-17 09:00:48" 42.5 45 16 11.4 NA
433 "2022-02-17 09:00:58" 42.5 45 16 11.4 NA
434 "2022-02-17 09:01:08" 42.5 45 16 11.4 NA
435 "2022-02-17 09:01:18" 42.5 45 16.5 11.8 NA
436 "2022-02-17 09:01:28" 42.5 45 16 11.4 NA
437 "2022-02-17 09:01:38" 42.5 45 16.5 11.8 NA
438 "2022-02-17 09:01:48" 42.5 45 16.5 11.8 NA
439 "2022-02-17 09:01:58" 42.5 45 16.5 11.8 NA
440 "2022-02-17 09:02:08" 42.5 45 16.5 11.8 NA
441 "2022-02-17 09:02:18" 42.5 45 16.5 11.8 NA
442 "2022-02-17 09:02:28" 42.5 45 16.5 11.8 NA
443 "2022-02-17 09:02:38" 42.5 45 16.5 11.8 NA
444 "2022-02-17 09:02:48" 42.5 45 16.5 11.8 NA
445 "2022-02-17 09:02:58" 42.5 45 16.5 11.8 NA
446 "2022-02-17 09:03:08" 42.5 45 16.5 11.8 NA
447 "2022-02-17 09:03:18" 42.5 45 16.5 11.8 NA
448 "2022-02-17 09:03:28" 42.5 45 16.5 11.8 NA
449 "2022-02-17 09:03:38" 42.5 45 16.5 11.8 NA
450 "2022-02-17 09:03:48" 42.5 45 16.5 11.8 NA
451 "2022-02-17 09:03:58" 42.5 45 16.5 11.8 NA
452 "2022-02-17 09:04:08" 42.5 45 16.5 11.8 NA
453 "2022-02-17 09:04:18" 42.5 45 16.5 11.8 NA
454 "2022-02-17 09:04:28" 42.5 45 16.5 11.8 NA
455 "2022-02-17 09:04:38" 42.5 45 16.5 11.8 NA
456 "2022-02-17 09:04:48" 42.5 45 16.5 11.8 NA
457 "2022-02-17 09:04:58" 42.5 45 16.5 11.8 NA
458 "2022-02-17 09:05:08" 42.5 45 16.5 11.8 NA
459 "2022-02-17 09:05:18" 42.5 45 16.5 11.8 NA
460 "2022-02-17 09:05:28" 42.5 45 16.5 11.8 NA
461 "2022-02-17 09:05:38" 42.5 45 16.5 11.8 NA
462 "2022-02-17 09:05:48" 42.5 45 16 11.4 NA
463 "2022-02-17 09:05:58" 42.5 45 16 11.4 NA
464 "2022-02-17 09:06:08" 42.5 45 16.5 11.8 NA
465 "2022-02-17 09:06:18" 42.5 45 16 11.4 NA
466 "2022-02-17 09:06:28" 42.5 45 16 11.4 NA
467 "2022-02-17 09:06:38" 42.5 45 16 11.4 NA
468 "2022-02-17 09:06:48" 42.5 45 16.5 11.8 NA
469 "2022-02-17 09:06:58" 42.5 45 16.5 11.8 NA
470 "2022-02-17 09:07:08" 42.5 45 16 11.4 NA
471 "2022-02-17 09:07:18" 42.5 45 16 11.4 NA
472 "2022-02-17 09:07:28" 42.5 45 16 11.4 NA
473 "2022-02-17 09:07:38" 42.5 45 16 11.4 NA
474 "2022-02-17 09:07:48" 42.5 45 16.5 11.8 NA
475 "2022-02-17 09:07:58" 42.5 45 16 11.4 NA
476 "2022-02-17 09:08:08" 42.5 45 16.5 11.8 NA
477 "2022-02-17 09:08:18" 42.5 45 16.5 11.8 NA
478 "2022-02-17 09:08:28" 42.5 45 16.5 11.8 NA
479 "2022-02-17 09:08:38" 42.5 45 16.5 11.8 NA
480 "2022-02-17 09:08:48" 42.5 45 16 11.4 NA
481 "2022-02-17 09:08:58" 42.5 45 16.5 11.8 NA
482 "2022-02-17 09:09:08" 42.5 45 16.5 11.8 NA
483 "2022-02-17 09:09:18" 42.5 45 16 11.4 NA
484 "2022-02-17 09:09:28" 42.5 45 16.5 11.8 NA
485 "2022-02-17 09:09:38" 42.5 45 16.5 11.8 NA
486 "2022-02-17 09:09:48" 42.5 45 16.5 11.8 NA
487 "2022-02-17 09:09:58" 42.5 45 16.5 11.8 NA
488 "2022-02-17 09:10:08" 42.5 45 16.5 11.8 NA
489 "2022-02-17 09:10:18" 42.5 45 16.5 11.8 NA
490 "2022-02-17 09:10:28" 42.5 45 16.5 11.8 NA
491 "2022-02-17 09:10:38" 42.5 45 16.5 11.8 NA
492 "2022-02-17 09:10:48" 42.5 45 16.5 11.8 NA
493 "2022-02-17 09:10:58" 42.5 45 16.5 11.8 NA
494 "2022-02-17 09:11:08" 42.5 45 16.5 11.8 NA
495 "2022-02-17 09:11:18" 42.5 45 16.5 11.8 NA
496 "2022-02-17 09:11:28" 42.5 45 16.5 11.8 NA
497 "2022-02-17 09:11:38" 42.5 45 16.5 11.8 NA
498 "2022-02-17 09:11:48" 42.5 45 16.5 11.8 NA
499 "2022-02-17 09:11:58" 42.5 45 16.5 11.8 NA
500 "2022-02-17 09:12:08" 42.5 45 16.5 11.8 NA
501 "2022-02-17 09:12:18" 42.5 45 16.5 11.8 NA
502 "2022-02-17 09:12:28" 42.5 45 16.5 11.8 NA
503 "2022-02-17 09:12:38" 42.5 45 16.5 11.8 NA
504 "2022-02-17 09:12:48" 42.5 45 16.5 11.8 NA
505 "2022-02-17 09:12:58" 42.5 45 16.5 11.8 NA
506 "2022-02-17 09:13:08" 42.5 45 16.5 11.8 NA
507 "2022-02-17 09:13:18" 42.5 45 16.5 11.8 NA
508 "2022-02-17 09:13:28" 42.5 45 16.5 11.8 NA
509 "2022-02-17 09:13:38" 42.5 45 16.5 11.8 NA
510 "2022-02-17 09:13:48" 42.5 45 16.5 11.8 NA
511 "2022-02-17 09:13:58" 42.5 45 16.5 11.8 NA
512 "2022-02-17 09:14:08" 42.5 45 16.5 11.8 NA
513 "2022-02-17 09:14:18" 42.5 45 16.5 11.8 NA
514 "2022-02-17 09:14:28" 42.5 45 16.5 11.8 NA
515 "2022-02-17 09:14:38" 42.5 45 16.5 11.8 NA
516 "2022-02-17 09:14:48" 42.5 45 16.5 11.8 NA
517 "2022-02-17 09:14:58" 42.5 45 16.5 11.8 NA
518 "2022-02-17 09:15:08" 42.5 45 16.5 11.8 NA
519 "2022-02-17 09:15:18" 42.5 45 16.5 11.8 NA
520 "2022-02-17 09:15:28" 42 45 16.5 11.5 NA
521 "2022-02-17 09:15:38" 42 45 16.5 11.5 NA
522 "2022-02-17 09:15:48" 42 45 16.5 11.5 NA
523 "2022-02-17 09:15:58" 42 45 16.5 11.5 NA
524 "2022-02-17 09:16:08" 42 45 16.5 11.5 NA
525 "2022-02-17 09:16:18" 42 45 16.5 11.5 NA
526 "2022-02-17 09:16:28" 42 45 16.5 11.5 NA
527 "2022-02-17 09:16:38" 42 45 16.5 11.5 NA
528 "2022-02-17 09:16:48" 41.5 45 16.5 11.1 NA
529 "2022-02-17 09:16:58" 41.5 45 16.5 11.1 NA
530 "2022-02-17 09:17:08" 41.5 45 16.5 11.1 NA
531 "2022-02-17 09:17:18" 41.5 45 16.5 11.1 NA
532 "2022-02-17 09:17:28" 41.5 45 17 11.5 NA
533 "2022-02-17 09:17:38" 41.5 45 17 11.5 NA
534 "2022-02-17 09:17:48" 41 45 17 11.1 NA
535 "2022-02-17 09:17:58" 41 45 17 11.1 NA
536 "2022-02-17 09:18:08" 41 45 17 11.1 NA
537 "2022-02-17 09:18:18" 41 45 17 11.1 NA
538 "2022-02-17 09:18:28" 41 45 17 11.1 NA
539 "2022-02-17 09:18:38" 40.5 45 17 10.7 NA
540 "2022-02-17 09:18:48" 40.5 45 17.5 11.1 NA
541 "2022-02-17 09:18:58" 40.5 45 17.5 11.1 NA
542 "2022-02-17 09:19:08" 40.5 45 17.5 11.1 NA
543 "2022-02-17 09:19:18" 40.5 45 17.5 11.1 NA
544 "2022-02-17 09:19:28" 40 45 17.5 10.7 NA
545 "2022-02-17 09:19:38" 40 45 17.5 10.7 NA
546 "2022-02-17 09:19:48" 40 45 17.5 10.7 NA
547 "2022-02-17 09:19:58" 40 45 17.5 10.7 NA
548 "2022-02-17 09:20:08" 40 45 17.5 10.7 NA
549 "2022-02-17 09:20:18" 40 45 18 11.2 NA
550 "2022-02-17 09:20:28" 39.5 45 18 10.8 NA
551 "2022-02-17 09:20:38" 39.5 45 18 10.8 NA
552 "2022-02-17 09:20:48" 39.5 45 18 10.8 NA
553 "2022-02-17 09:20:58" 39.5 45 18 10.8 NA
554 "2022-02-17 09:21:08" 39.5 45 18 10.8 NA
555 "2022-02-17 09:21:18" 39 45 18 10.4 NA
556 "2022-02-17 09:21:28" 39 45 18.5 10.8 NA
557 "2022-02-17 09:21:38" 39 45 18.5 10.8 NA
558 "2022-02-17 09:21:48" 39 45 18.5 10.8 NA
559 "2022-02-17 09:21:58" 39 45 18.5 10.8 NA
560 "2022-02-17 09:22:08" 39 45 18.5 10.8 NA
561 "2022-02-17 09:22:18" 38.5 45 18.5 10.4 NA
562 "2022-02-17 09:22:28" 38.5 45 18.5 10.4 NA
563 "2022-02-17 09:22:38" 38.5 45 18.5 10.4 NA
564 "2022-02-17 09:22:48" 38.5 45 18.5 10.4 NA
565 "2022-02-17 09:22:58" 38.5 45 19 10.8 NA
566 "2022-02-17 09:23:08" 38 45 19 10.4 NA
567 "2022-02-17 09:23:18" 38 45 19 10.4 NA
568 "2022-02-17 09:23:28" 38 45 19 10.4 NA
569 "2022-02-17 09:23:38" 38 45 19 10.4 NA
570 "2022-02-17 09:23:48" 38 45 19 10.4 NA
571 "2022-02-17 09:23:58" 38 45 19 10.4 NA
572 "2022-02-17 09:24:08" 37.5 45 19 10 NA
573 "2022-02-17 09:24:18" 37.5 45 19.5 10.4 NA
574 "2022-02-17 09:24:28" 37.5 45 19.5 10.4 NA
575 "2022-02-17 09:24:38" 37.5 45 19.5 10.4 NA
576 "2022-02-17 09:24:48" 37.5 45 19.5 10.4 NA
577 "2022-02-17 09:24:58" 37.5 45 19.5 10.4 NA
578 "2022-02-17 09:25:08" 37.5 45 19.5 10.4 NA
579 "2022-02-17 09:25:18" 37 45 19.5 9.9 NA
580 "2022-02-17 09:25:28" 37 45 19.5 9.9 NA
581 "2022-02-17 09:25:38" 37 45 19.5 9.9 NA
582 "2022-02-17 09:25:48" 37 45 19.5 9.9 NA
583 "2022-02-17 09:25:58" 37 45 20 10.3 NA
584 "2022-02-17 09:26:08" 37 45 20 10.3 NA
585 "2022-02-17 09:26:18" 36.5 45 20 9.9 NA
586 "2022-02-17 09:26:28" 36.5 45 20 9.9 NA
587 "2022-02-17 09:26:38" 36.5 45 20 9.9 NA
588 "2022-02-17 09:26:48" 36.5 45 20 9.9 NA
589 "2022-02-17 09:26:58" 36.5 45 20 9.9 NA
590 "2022-02-17 09:27:08" 36.5 45 20 9.9 NA
591 "2022-02-17 09:27:18" 36.5 45 20 9.9 NA
592 "2022-02-17 09:27:28" 36 45 20.5 9.9 NA
593 "2022-02-17 09:27:38" 36 45 20.5 9.9 NA
594 "2022-02-17 09:27:48" 36 45 20.5 9.9 NA
595 "2022-02-17 09:27:58" 36 45 20.5 9.9 NA
596 "2022-02-17 09:28:08" 36 45 20.5 9.9 NA
597 "2022-02-17 09:28:18" 36 45 20.5 9.9 NA
598 "2022-02-17 09:28:28" 36 45 20.5 9.9 NA
599 "2022-02-17 09:28:38" 36 45 20.5 9.9 NA
600 "2022-02-17 09:28:48" 36 45 20.5 9.9 NA
601 "2022-02-17 09:28:58" 35.5 45 21 9.8 NA
602 "2022-02-17 09:29:08" 35.5 45 21 9.8 NA
603 "2022-02-17 09:29:18" 35.5 45 21 9.8 NA
604 "2022-02-17 09:29:28" 35.5 45 21 9.8 NA
605 "2022-02-17 09:29:38" 35.5 45 21 9.8 NA
606 "2022-02-17 09:29:48" 35.5 45 21 9.8 NA
607 "2022-02-17 09:29:58" 35.5 45 21 9.8 NA
608 "2022-02-17 09:30:08" 35.5 45 21 9.8 NA
609 "2022-02-17 09:30:18" 35 45 21 9.4 NA
610 "2022-02-17 09:30:28" 35 45 21 9.4 NA
611 "2022-02-17 09:30:38" 35 45 21.5 9.8 NA
612 "2022-02-17 09:30:48" 35 45 21.5 9.8 NA
613 "2022-02-17 09:30:58" 35 45 21.5 9.8 NA
614 "2022-02-17 09:31:08" 35 45 21.5 9.8 NA
615 "2022-02-17 09:31:18" 35 45 21.5 9.8 NA
616 "2022-02-17 09:31:28" 35 45 21.5 9.8 NA
617 "2022-02-17 09:31:38" 35 45 21.5 9.8 NA
618 "2022-02-17 09:31:48" 34.5 45 21.5 9.4 NA
619 "2022-02-17 09:31:58" 34.5 45 21.5 9.4 NA
620 "2022-02-17 09:32:08" 34.5 45 22 9.7 NA
621 "2022-02-17 09:32:18" 34.5 45 22 9.7 NA
622 "2022-02-17 09:32:28" 34.5 45 22 9.7 NA
623 "2022-02-17 09:32:38" 34.5 45 22 9.7 NA
624 "2022-02-17 09:32:48" 34.5 45 22 9.7 NA
625 "2022-02-17 09:32:58" 34.5 45 22 9.7 NA
626 "2022-02-17 09:33:08" 34.5 45 22 9.7 NA
627 "2022-02-17 09:33:18" 34.5 45 22 9.7 NA
628 "2022-02-17 09:33:28" 34 45 22 9.3 NA
629 "2022-02-17 09:33:38" 34 45 22 9.3 NA
630 "2022-02-17 09:33:48" 34 45 22 9.3 NA
631 "2022-02-17 09:33:58" 34 45 22 9.3 NA
632 "2022-02-17 09:34:08" 34 45 22.5 9.6 NA
633 "2022-02-17 09:34:18" 34 45 23.5 10.3 NA
634 "2022-02-17 09:34:28" 34 45 22.5 9.6 NA
635 "2022-02-17 09:34:38" 34 45 27.5 12.6 NA
