"V1" "V2" "V3" "V4" "V5" "V6" "V7"
1 "2022-02-21 08:02:55" 23 44.5 24 1.4 10126936
2 "2022-02-21 08:03:05" 23.5 44.5 23.5 1.5 NA
3 "2022-02-21 08:03:15" 23.5 44.5 26.5 3.2 NA
4 "2022-02-21 08:03:25" 23.5 44.5 25 2.4 NA
5 "2022-02-21 08:03:35" 23.5 44.5 24 1.8 NA
6 "2022-02-21 08:03:45" 24 44.5 23.5 1.9 NA
7 "2022-02-21 08:03:55" 24 44.5 23 1.6 NA
8 "2022-02-21 08:04:05" 24.5 44.5 23 2 NA
9 "2022-02-21 08:04:15" 24.5 44.5 22.5 1.7 NA
10 "2022-02-21 08:04:25" 25 44.5 22.5 2.1 NA
11 "2022-02-21 08:04:35" 25.5 44.5 22 2.2 NA
12 "2022-02-21 08:04:45" 25.5 44.5 22 2.2 NA
13 "2022-02-21 08:04:55" 26 44.5 21.5 2.3 NA
14 "2022-02-21 08:05:05" 26.5 44.5 21 2.4 NA
15 "2022-02-21 08:05:15" 27 44.5 20.5 2.5 NA
16 "2022-02-21 08:05:25" 27 44.5 20 2.1 NA
17 "2022-02-21 08:05:35" 27.5 44.5 20 2.6 NA
18 "2022-02-21 08:05:45" 28 44.5 19.5 2.6 NA
19 "2022-02-21 08:05:55" 28.5 44.5 19 2.7 NA
20 "2022-02-21 08:06:05" 29 44.5 19 3.1 NA
21 "2022-02-21 08:06:15" 29 44.5 18.5 2.7 NA
22 "2022-02-21 08:06:25" 29.5 44.5 18.5 3.1 NA
23 "2022-02-21 08:06:35" 30 44.5 18 3.1 NA
24 "2022-02-21 08:06:45" 30 44.5 17.5 2.7 NA
25 "2022-02-21 08:06:55" 30.5 44.5 17.5 3.1 NA
26 "2022-02-21 08:07:05" 31 44.5 17.5 3.5 NA
27 "2022-02-21 08:07:15" 31 44.5 17 3.1 NA
28 "2022-02-21 08:07:25" 31.5 44.5 17.5 3.9 NA
29 "2022-02-21 08:07:35" 31.5 44.5 17.5 3.9 NA
30 "2022-02-21 08:07:45" 32 44.5 17 3.9 NA
31 "2022-02-21 08:07:55" 32 44.5 16.5 3.5 NA
32 "2022-02-21 08:08:05" 32.5 44.5 16.5 3.9 NA
33 "2022-02-21 08:08:15" 32.5 44.5 16 3.5 NA
34 "2022-02-21 08:08:25" 33 44.5 16 3.9 NA
35 "2022-02-21 08:08:35" 33 44.5 16 3.9 NA
36 "2022-02-21 08:08:45" 33.5 44.5 15.5 3.8 NA
37 "2022-02-21 08:08:55" 33.5 44.5 15.5 3.8 NA
38 "2022-02-21 08:09:05" 33.5 44.5 15.5 3.8 NA
39 "2022-02-21 08:09:15" 34 44.5 15.5 4.2 NA
40 "2022-02-21 08:09:25" 34 44.5 15.5 4.2 NA
41 "2022-02-21 08:09:35" 34 44.5 15 3.7 NA
42 "2022-02-21 08:09:45" 34.5 44.5 15 4.1 NA
43 "2022-02-21 08:09:55" 34.5 44.5 15 4.1 NA
44 "2022-02-21 08:10:05" 34.5 44.5 15 4.1 NA
45 "2022-02-21 08:10:15" 35 44.5 15 4.5 NA
46 "2022-02-21 08:10:25" 35 44.5 14.5 4 NA
47 "2022-02-21 08:10:35" 35 44.5 14.5 4 NA
48 "2022-02-21 08:10:45" 35.5 44.5 14.5 4.4 NA
49 "2022-02-21 08:10:55" 35.5 44.5 14.5 4.4 NA
50 "2022-02-21 08:11:05" 35.5 44.5 14.5 4.4 NA
51 "2022-02-21 08:11:15" 35.5 44.5 14.5 4.4 NA
52 "2022-02-21 08:11:25" 35.5 44.5 14.5 4.4 NA
53 "2022-02-21 08:11:35" 36 44.5 14 4.3 NA
54 "2022-02-21 08:11:45" 36 44.5 14 4.3 NA
55 "2022-02-21 08:11:55" 36 44.5 14 4.3 NA
56 "2022-02-21 08:12:05" 36 44.5 14 4.3 NA
57 "2022-02-21 08:12:15" 36 44.5 14 4.3 NA
58 "2022-02-21 08:12:25" 36.5 44.5 14 4.7 NA
59 "2022-02-21 08:12:35" 36.5 44.5 14 4.7 NA
60 "2022-02-21 08:12:45" 36.5 44.5 13.5 4.2 NA
61 "2022-02-21 08:12:55" 36.5 44.5 13.5 4.2 NA
62 "2022-02-21 08:13:05" 36.5 44.5 13.5 4.2 NA
63 "2022-02-21 08:13:15" 36.5 44.5 13.5 4.2 NA
64 "2022-02-21 08:13:25" 36.5 44.5 13.5 4.2 NA
65 "2022-02-21 08:13:35" 36.5 44.5 13.5 4.2 NA
66 "2022-02-21 08:13:45" 36.5 44.5 13.5 4.2 NA
67 "2022-02-21 08:13:55" 37 44.5 13.5 4.6 NA
68 "2022-02-21 08:14:05" 37 44.5 13.5 4.6 NA
69 "2022-02-21 08:14:15" 37 44.5 13.5 4.6 NA
70 "2022-02-21 08:14:25" 37 44.5 13.5 4.6 NA
71 "2022-02-21 08:14:35" 37 44.5 13.5 4.6 NA
72 "2022-02-21 08:14:45" 37 44.5 13.5 4.6 NA
73 "2022-02-21 08:14:55" 37 44.5 13.5 4.6 NA
74 "2022-02-21 08:15:05" 37 44.5 13.5 4.6 NA
75 "2022-02-21 08:15:15" 37 44.5 13.5 4.6 NA
76 "2022-02-21 08:15:25" 37 44.5 13.5 4.6 NA
77 "2022-02-21 08:15:35" 37 44.5 13.5 4.6 NA
78 "2022-02-21 08:15:45" 37 44.5 13.5 4.6 NA
79 "2022-02-21 08:15:55" 37 44.5 13.5 4.6 NA
80 "2022-02-21 08:16:05" 37 44.5 13.5 4.6 NA
81 "2022-02-21 08:16:15" 37 44.5 13.5 4.6 NA
82 "2022-02-21 08:16:25" 37 44.5 13.5 4.6 NA
83 "2022-02-21 08:16:35" 37 44.5 13.5 4.6 NA
84 "2022-02-21 08:16:45" 37 44.5 13.5 4.6 NA
85 "2022-02-21 08:16:55" 37 44.5 13.5 4.6 NA
86 "2022-02-21 08:17:05" 37 44.5 13.5 4.6 NA
87 "2022-02-21 08:17:15" 37 44.5 13.5 4.6 NA
88 "2022-02-21 08:17:25" 37 44.5 13.5 4.6 NA
89 "2022-02-21 08:17:35" 37 44.5 13.5 4.6 NA
90 "2022-02-21 08:17:45" 37 44.5 13.5 4.6 NA
91 "2022-02-21 08:17:55" 37 44.5 13.5 4.6 NA
92 "2022-02-21 08:18:05" 37 44.5 13.5 4.6 NA
93 "2022-02-21 08:18:15" 37 44.5 13.5 4.6 NA
94 "2022-02-21 08:18:25" 36.5 44.5 13.5 4.2 NA
95 "2022-02-21 08:18:35" 36.5 44.5 13.5 4.2 NA
96 "2022-02-21 08:18:45" 36.5 44.5 13.5 4.2 NA
97 "2022-02-21 08:18:55" 36.5 44.5 13.5 4.2 NA
98 "2022-02-21 08:19:05" 36.5 44.5 13.5 4.2 NA
99 "2022-02-21 08:19:15" 36.5 44.5 13.5 4.2 NA
100 "2022-02-21 08:19:25" 36.5 44.5 13.5 4.2 NA
101 "2022-02-21 08:19:35" 36.5 44.5 13.5 4.2 NA
102 "2022-02-21 08:19:45" 36.5 44.5 13.5 4.2 NA
103 "2022-02-21 08:19:55" 36.5 44.5 13.5 4.2 NA
104 "2022-02-21 08:20:05" 36.5 44.5 13.5 4.2 NA
105 "2022-02-21 08:20:15" 36.5 44.5 13.5 4.2 NA
106 "2022-02-21 08:20:25" 36.5 44.5 13.5 4.2 NA
107 "2022-02-21 08:20:35" 36.5 44.5 13.5 4.2 NA
108 "2022-02-21 08:20:45" 36.5 44.5 13.5 4.2 NA
109 "2022-02-21 08:20:55" 36 44.5 13.5 3.8 NA
110 "2022-02-21 08:21:05" 36 44.5 13.5 3.8 NA
111 "2022-02-21 08:21:15" 36 44.5 13.5 3.8 NA
112 "2022-02-21 08:21:25" 36 44.5 13.5 3.8 NA
113 "2022-02-21 08:21:35" 36 44.5 13.5 3.8 NA
114 "2022-02-21 08:21:45" 36 44.5 13.5 3.8 NA
115 "2022-02-21 08:21:55" 36 44.5 13.5 3.8 NA
116 "2022-02-21 08:22:05" 36 44.5 13.5 3.8 NA
117 "2022-02-21 08:22:15" 36 44.5 14 4.3 NA
118 "2022-02-21 08:22:25" 36 44.5 14 4.3 NA
119 "2022-02-21 08:22:35" 36 44.5 14 4.3 NA
120 "2022-02-21 08:22:45" 36 44.5 14 4.3 NA
121 "2022-02-21 08:22:55" 35.5 44.5 14 3.9 NA
122 "2022-02-21 08:23:05" 35.5 44.5 14 3.9 NA
123 "2022-02-21 08:23:15" 35.5 44.5 14 3.9 NA
124 "2022-02-21 08:23:25" 35.5 44.5 14 3.9 NA
125 "2022-02-21 08:23:35" 35.5 44.5 14 3.9 NA
126 "2022-02-21 08:23:45" 35.5 44.5 14 3.9 NA
127 "2022-02-21 08:23:55" 35.5 44.5 14 3.9 NA
128 "2022-02-21 08:24:05" 35.5 44.5 14 3.9 NA
129 "2022-02-21 08:24:15" 35.5 44.5 14 3.9 NA
130 "2022-02-21 08:24:25" 35.5 44.5 14 3.9 NA
131 "2022-02-21 08:24:35" 35.5 44.5 14 3.9 NA
132 "2022-02-21 08:24:45" 35.5 44.5 14 3.9 NA
133 "2022-02-21 08:24:55" 35.5 44.5 14 3.9 NA
134 "2022-02-21 08:25:05" 35 44.5 14 3.5 NA
135 "2022-02-21 08:25:15" 35 44.5 14 3.5 NA
136 "2022-02-21 08:25:25" 35 44.5 14.5 4 NA
137 "2022-02-21 08:25:35" 35 44.5 14.5 4 NA
138 "2022-02-21 08:25:45" 35 44.5 14.5 4 NA
139 "2022-02-21 08:25:55" 35 44.5 14.5 4 NA
140 "2022-02-21 08:26:05" 35 44.5 14.5 4 NA
141 "2022-02-21 08:26:15" 35 44.5 14.5 4 NA
142 "2022-02-21 08:26:25" 35 44.5 14.5 4 NA
143 "2022-02-21 08:26:35" 35 44.5 14.5 4 NA
144 "2022-02-21 08:26:45" 35 44.5 14.5 4 NA
145 "2022-02-21 08:26:55" 35 44.5 14.5 4 NA
146 "2022-02-21 08:27:05" 35 44.5 14.5 4 NA
147 "2022-02-21 08:27:15" 35 44.5 14.5 4 NA
148 "2022-02-21 08:27:25" 35 44.5 14.5 4 NA
149 "2022-02-21 08:27:35" 35 44.5 14.5 4 NA
150 "2022-02-21 08:27:45" 34.5 44.5 14.5 3.6 NA
151 "2022-02-21 08:27:55" 34.5 44.5 14.5 3.6 NA
152 "2022-02-21 08:28:05" 34.5 44.5 14.5 3.6 NA
153 "2022-02-21 08:28:15" 34.5 44.5 14.5 3.6 NA
154 "2022-02-21 08:28:25" 34.5 44.5 14.5 3.6 NA
155 "2022-02-21 08:28:35" 34.5 44.5 14.5 3.6 NA
156 "2022-02-21 08:28:45" 34.5 44.5 14.5 3.6 NA
157 "2022-02-21 08:28:55" 34.5 44.5 14.5 3.6 NA
158 "2022-02-21 08:29:05" 34.5 44.5 14.5 3.6 NA
159 "2022-02-21 08:29:15" 34.5 44.5 14.5 3.6 NA
160 "2022-02-21 08:29:25" 34.5 44.5 14.5 3.6 NA
161 "2022-02-21 08:29:35" 34.5 44.5 14.5 3.6 NA
162 "2022-02-21 08:29:45" 34.5 44.5 14.5 3.6 NA
163 "2022-02-21 08:29:55" 34.5 44.5 14.5 3.6 NA
164 "2022-02-21 08:30:05" 34.5 44.5 14.5 3.6 NA
165 "2022-02-21 08:30:15" 34.5 44.5 14.5 3.6 NA
166 "2022-02-21 08:30:25" 34.5 44.5 14.5 3.6 NA
167 "2022-02-21 08:30:35" 34.5 44.5 14.5 3.6 NA
168 "2022-02-21 08:30:45" 34.5 44.5 14.5 3.6 NA
169 "2022-02-21 08:30:55" 34.5 44.5 14.5 3.6 NA
170 "2022-02-21 08:31:05" 34.5 44.5 14.5 3.6 NA
171 "2022-02-21 08:31:15" 34.5 44.5 14.5 3.6 NA
172 "2022-02-21 08:31:25" 34.5 44.5 14.5 3.6 NA
173 "2022-02-21 08:31:35" 34.5 44.5 14.5 3.6 NA
174 "2022-02-21 08:31:45" 34.5 44.5 14.5 3.6 NA
175 "2022-02-21 08:31:55" 34.5 44.5 14.5 3.6 NA
176 "2022-02-21 08:32:05" 34.5 44.5 14.5 3.6 NA
177 "2022-02-21 08:32:15" 34.5 44.5 14.5 3.6 NA
178 "2022-02-21 08:32:25" 34.5 44.5 14.5 3.6 NA
179 "2022-02-21 08:32:35" 34.5 44.5 14.5 3.6 NA
180 "2022-02-21 08:32:45" 34.5 44.5 14.5 3.6 NA
181 "2022-02-21 08:32:55" 34.5 44.5 14.5 3.6 NA
182 "2022-02-21 08:33:05" 34.5 44.5 14.5 3.6 NA
183 "2022-02-21 08:33:15" 34.5 44.5 14.5 3.6 NA
184 "2022-02-21 08:33:25" 34.5 44.5 14.5 3.6 NA
185 "2022-02-21 08:33:35" 34.5 44.5 14.5 3.6 NA
186 "2022-02-21 08:33:45" 34.5 44.5 14.5 3.6 NA
187 "2022-02-21 08:33:55" 34.5 44.5 14.5 3.6 NA
188 "2022-02-21 08:34:05" 34.5 44.5 14.5 3.6 NA
189 "2022-02-21 08:34:15" 34.5 44.5 14.5 3.6 NA
190 "2022-02-21 08:34:25" 34.5 44.5 14.5 3.6 NA
191 "2022-02-21 08:34:35" 34.5 44.5 14.5 3.6 NA
192 "2022-02-21 08:34:45" 34.5 44.5 14.5 3.6 NA
193 "2022-02-21 08:34:55" 34.5 44.5 14.5 3.6 NA
194 "2022-02-21 08:35:05" 34.5 44.5 14.5 3.6 NA
195 "2022-02-21 08:35:15" 34.5 44.5 14.5 3.6 NA
196 "2022-02-21 08:35:25" 34.5 44.5 14.5 3.6 NA
197 "2022-02-21 08:35:35" 34.5 44.5 14.5 3.6 NA
198 "2022-02-21 08:35:45" 34.5 44.5 14.5 3.6 NA
199 "2022-02-21 08:35:55" 34.5 44.5 14.5 3.6 NA
200 "2022-02-21 08:36:05" 34.5 44.5 14.5 3.6 NA
201 "2022-02-21 08:36:15" 34.5 44.5 14.5 3.6 NA
202 "2022-02-21 08:36:25" 34.5 44.5 14.5 3.6 NA
203 "2022-02-21 08:36:35" 34.5 44.5 14.5 3.6 NA
204 "2022-02-21 08:36:45" 34.5 44.5 14.5 3.6 NA
205 "2022-02-21 08:36:55" 34.5 44.5 14.5 3.6 NA
206 "2022-02-21 08:37:05" 34.5 44.5 14.5 3.6 NA
207 "2022-02-21 08:37:15" 34.5 44.5 14.5 3.6 NA
208 "2022-02-21 08:37:25" 34.5 44.5 14.5 3.6 NA
209 "2022-02-21 08:37:35" 34.5 44.5 14.5 3.6 NA
210 "2022-02-21 08:37:45" 34.5 44.5 14.5 3.6 NA
211 "2022-02-21 08:37:55" 35 44.5 14.5 4 NA
212 "2022-02-21 08:38:05" 35 44.5 14.5 4 NA
213 "2022-02-21 08:38:15" 35 44.5 14.5 4 NA
214 "2022-02-21 08:38:25" 35 44.5 14.5 4 NA
215 "2022-02-21 08:38:35" 35 44.5 14.5 4 NA
216 "2022-02-21 08:38:45" 35 44.5 14.5 4 NA
217 "2022-02-21 08:38:55" 35 44.5 14.5 4 NA
218 "2022-02-21 08:39:05" 35 44.5 14.5 4 NA
219 "2022-02-21 08:39:15" 35 44.5 14.5 4 NA
220 "2022-02-21 08:39:25" 35 44.5 14.5 4 NA
221 "2022-02-21 08:39:35" 35 44.5 14.5 4 NA
222 "2022-02-21 08:39:45" 35 44.5 14.5 4 NA
223 "2022-02-21 08:39:55" 35 44.5 14.5 4 NA
224 "2022-02-21 08:40:05" 35 44.5 14.5 4 NA
225 "2022-02-21 08:40:15" 35 44.5 14.5 4 NA
226 "2022-02-21 08:40:25" 35 44.5 14.5 4 NA
227 "2022-02-21 08:40:35" 35 44.5 14.5 4 NA
228 "2022-02-21 08:40:45" 35 44.5 14 3.5 NA
229 "2022-02-21 08:40:55" 35 44.5 14 3.5 NA
230 "2022-02-21 08:41:05" 35 44.5 14 3.5 NA
231 "2022-02-21 08:41:15" 35 44.5 14 3.5 NA
232 "2022-02-21 08:41:25" 35 44.5 14.5 4 NA
233 "2022-02-21 08:41:35" 35 44.5 14 3.5 NA
234 "2022-02-21 08:41:45" 35 44.5 14 3.5 NA
235 "2022-02-21 08:41:55" 35 44.5 14 3.5 NA
236 "2022-02-21 08:42:05" 35 44.5 14 3.5 NA
237 "2022-02-21 08:42:15" 35 44.5 14 3.5 NA
238 "2022-02-21 08:42:25" 35 44.5 14 3.5 NA
239 "2022-02-21 08:42:35" 35 44.5 14 3.5 NA
240 "2022-02-21 08:42:45" 35 44.5 14 3.5 NA
241 "2022-02-21 08:42:55" 35 44.5 14 3.5 NA
242 "2022-02-21 08:43:05" 35 44.5 14 3.5 NA
243 "2022-02-21 08:43:15" 35 44.5 14 3.5 NA
244 "2022-02-21 08:43:25" 35 44.5 14 3.5 NA
245 "2022-02-21 08:43:35" 35 44.5 14 3.5 NA
246 "2022-02-21 08:43:45" 35 44.5 14 3.5 NA
247 "2022-02-21 08:43:55" 35 44.5 14 3.5 NA
248 "2022-02-21 08:44:05" 35 44.5 14 3.5 NA
249 "2022-02-21 08:44:15" 35 44.5 14 3.5 NA
250 "2022-02-21 08:44:25" 35 44.5 14 3.5 NA
251 "2022-02-21 08:44:35" 35 44.5 14 3.5 NA
252 "2022-02-21 08:44:45" 35 44.5 14 3.5 NA
253 "2022-02-21 08:44:55" 35 44.5 14 3.5 NA
254 "2022-02-21 08:45:05" 35 44.5 14 3.5 NA
255 "2022-02-21 08:45:15" 35 44.5 14 3.5 NA
256 "2022-02-21 08:45:25" 35 44.5 14 3.5 NA
257 "2022-02-21 08:45:35" 35 44.5 14 3.5 NA
258 "2022-02-21 08:45:45" 35 44.5 14 3.5 NA
259 "2022-02-21 08:45:55" 35 44.5 14 3.5 NA
260 "2022-02-21 08:46:05" 35 44.5 14 3.5 NA
261 "2022-02-21 08:46:15" 35 44.5 14 3.5 NA
262 "2022-02-21 08:46:25" 35 44.5 14 3.5 NA
263 "2022-02-21 08:46:35" 35 44.5 14 3.5 NA
264 "2022-02-21 08:46:45" 35 44.5 14 3.5 NA
265 "2022-02-21 08:46:55" 35 44.5 14 3.5 NA
266 "2022-02-21 08:47:05" 35 44.5 14 3.5 NA
267 "2022-02-21 08:47:15" 35 44.5 14 3.5 NA
268 "2022-02-21 08:47:25" 35 44.5 14 3.5 NA
269 "2022-02-21 08:47:35" 35 44.5 14 3.5 NA
270 "2022-02-21 08:47:45" 35 44.5 14 3.5 NA
271 "2022-02-21 08:47:55" 35 44.5 14 3.5 NA
272 "2022-02-21 08:48:05" 35 44.5 14 3.5 NA
273 "2022-02-21 08:48:15" 35 44.5 14 3.5 NA
274 "2022-02-21 08:48:25" 35 44.5 14 3.5 NA
275 "2022-02-21 08:48:35" 35 44.5 14 3.5 NA
276 "2022-02-21 08:48:45" 35 44.5 14 3.5 NA
277 "2022-02-21 08:48:55" 35 44.5 14 3.5 NA
278 "2022-02-21 08:49:05" 35 44.5 14 3.5 NA
279 "2022-02-21 08:49:15" 35 44.5 14 3.5 NA
280 "2022-02-21 08:49:25" 35 44.5 14 3.5 NA
281 "2022-02-21 08:49:35" 35 44.5 14 3.5 NA
282 "2022-02-21 08:49:45" 35 44.5 14 3.5 NA
283 "2022-02-21 08:49:55" 35 44.5 14 3.5 NA
284 "2022-02-21 08:50:05" 35 44.5 14 3.5 NA
285 "2022-02-21 08:50:15" 35 44.5 14 3.5 NA
286 "2022-02-21 08:50:25" 35 44.5 14 3.5 NA
287 "2022-02-21 08:50:35" 35 44.5 14 3.5 NA
288 "2022-02-21 08:50:45" 35 44.5 14 3.5 NA
289 "2022-02-21 08:50:55" 35 44.5 14 3.5 NA
290 "2022-02-21 08:51:05" 35 44.5 14 3.5 NA
291 "2022-02-21 08:51:15" 35 44.5 14 3.5 NA
292 "2022-02-21 08:51:25" 35 44.5 14 3.5 NA
293 "2022-02-21 08:51:35" 35 44.5 14 3.5 NA
294 "2022-02-21 08:51:45" 35 44.5 14 3.5 NA
295 "2022-02-21 08:51:55" 35 44.5 14 3.5 NA
296 "2022-02-21 08:52:05" 35 44.5 14 3.5 NA
297 "2022-02-21 08:52:15" 35 44.5 14 3.5 NA
298 "2022-02-21 08:52:25" 35 44.5 14 3.5 NA
299 "2022-02-21 08:52:35" 35 44.5 14 3.5 NA
300 "2022-02-21 08:52:45" 35 44.5 14 3.5 NA
301 "2022-02-21 08:52:55" 35 44.5 14 3.5 NA
302 "2022-02-21 08:53:05" 35 44.5 14 3.5 NA
303 "2022-02-21 08:53:15" 35 44.5 14 3.5 NA
304 "2022-02-21 08:53:25" 35 44.5 14 3.5 NA
305 "2022-02-21 08:53:35" 35 44.5 14 3.5 NA
306 "2022-02-21 08:53:45" 35 44.5 14 3.5 NA
307 "2022-02-21 08:53:55" 35 44.5 14 3.5 NA
308 "2022-02-21 08:54:05" 35 44.5 14 3.5 NA
309 "2022-02-21 08:54:15" 35 44.5 14 3.5 NA
310 "2022-02-21 08:54:25" 35 44.5 14 3.5 NA
311 "2022-02-21 08:54:35" 35 44.5 14 3.5 NA
312 "2022-02-21 08:54:45" 35 44.5 14 3.5 NA
313 "2022-02-21 08:54:55" 35 44.5 14 3.5 NA
314 "2022-02-21 08:55:05" 35 44.5 14 3.5 NA
315 "2022-02-21 08:55:15" 35 44.5 14 3.5 NA
316 "2022-02-21 08:55:25" 35 44.5 14 3.5 NA
317 "2022-02-21 08:55:35" 35 44.5 14 3.5 NA
318 "2022-02-21 08:55:45" 35 44.5 14 3.5 NA
319 "2022-02-21 08:55:55" 35 44.5 14 3.5 NA
320 "2022-02-21 08:56:05" 35 44.5 14 3.5 NA
321 "2022-02-21 08:56:15" 35 44.5 14 3.5 NA
322 "2022-02-21 08:56:25" 35 44.5 14 3.5 NA
323 "2022-02-21 08:56:35" 35 44.5 14 3.5 NA
324 "2022-02-21 08:56:45" 35 44.5 14 3.5 NA
325 "2022-02-21 08:56:55" 35 44.5 14 3.5 NA
326 "2022-02-21 08:57:05" 35 44.5 14 3.5 NA
327 "2022-02-21 08:57:15" 35 44.5 14 3.5 NA
328 "2022-02-21 08:57:25" 35 44.5 14 3.5 NA
329 "2022-02-21 08:57:35" 35 44.5 14 3.5 NA
330 "2022-02-21 08:57:45" 35 44.5 14 3.5 NA
331 "2022-02-21 08:57:55" 35 44.5 14 3.5 NA
332 "2022-02-21 08:58:05" 35 44.5 14 3.5 NA
333 "2022-02-21 08:58:15" 35 44.5 14 3.5 NA
334 "2022-02-21 08:58:25" 35 44.5 14 3.5 NA
335 "2022-02-21 08:58:35" 35 44.5 14 3.5 NA
336 "2022-02-21 08:58:45" 35 44.5 14 3.5 NA
337 "2022-02-21 08:58:55" 35 44.5 14 3.5 NA
338 "2022-02-21 08:59:05" 35 44.5 14 3.5 NA
339 "2022-02-21 08:59:15" 35 44.5 14 3.5 NA
340 "2022-02-21 08:59:25" 35 44.5 14 3.5 NA
341 "2022-02-21 08:59:35" 35 44.5 14 3.5 NA
342 "2022-02-21 08:59:45" 35 44.5 14 3.5 NA
343 "2022-02-21 08:59:55" 35 44.5 14 3.5 NA
344 "2022-02-21 09:00:05" 35 44.5 14 3.5 NA
345 "2022-02-21 09:00:15" 35 44.5 14 3.5 NA
346 "2022-02-21 09:00:25" 35 44.5 14 3.5 NA
347 "2022-02-21 09:00:35" 35 44.5 14 3.5 NA
348 "2022-02-21 09:00:45" 35 44.5 14 3.5 NA
349 "2022-02-21 09:00:55" 35 44.5 14 3.5 NA
350 "2022-02-21 09:01:05" 35 44.5 14 3.5 NA
351 "2022-02-21 09:01:15" 35 44.5 14 3.5 NA
352 "2022-02-21 09:01:25" 35 44.5 14 3.5 NA
353 "2022-02-21 09:01:35" 35 44.5 14 3.5 NA
354 "2022-02-21 09:01:45" 35 44.5 14 3.5 NA
355 "2022-02-21 09:01:55" 35 44.5 14 3.5 NA
356 "2022-02-21 09:02:05" 35 44.5 14 3.5 NA
357 "2022-02-21 09:02:15" 35 44.5 14 3.5 NA
358 "2022-02-21 09:02:25" 35 44.5 14 3.5 NA
359 "2022-02-21 09:02:35" 35 44.5 14 3.5 NA
360 "2022-02-21 09:02:45" 35 44.5 14 3.5 NA
361 "2022-02-21 09:02:55" 35 44.5 14 3.5 NA
362 "2022-02-21 09:03:05" 35 44.5 14 3.5 NA
363 "2022-02-21 09:03:15" 35 44.5 14 3.5 NA
364 "2022-02-21 09:03:25" 35 44.5 14 3.5 NA
365 "2022-02-21 09:03:35" 35 44.5 14 3.5 NA
366 "2022-02-21 09:03:45" 35 44.5 14 3.5 NA
367 "2022-02-21 09:03:55" 35 44.5 14 3.5 NA
368 "2022-02-21 09:04:05" 35 44.5 14 3.5 NA
369 "2022-02-21 09:04:15" 35 44.5 14 3.5 NA
370 "2022-02-21 09:04:25" 35 44.5 14 3.5 NA
371 "2022-02-21 09:04:35" 35 44.5 14 3.5 NA
372 "2022-02-21 09:04:45" 35 44.5 14 3.5 NA
373 "2022-02-21 09:04:55" 35 44.5 14 3.5 NA
374 "2022-02-21 09:05:05" 35 44.5 14 3.5 NA
375 "2022-02-21 09:05:15" 35 44.5 14 3.5 NA
376 "2022-02-21 09:05:25" 35 44.5 14 3.5 NA
377 "2022-02-21 09:05:35" 35 44.5 14 3.5 NA
378 "2022-02-21 09:05:45" 35 44.5 14 3.5 NA
379 "2022-02-21 09:05:55" 35 44.5 14 3.5 NA
380 "2022-02-21 09:06:05" 35 44.5 14 3.5 NA
381 "2022-02-21 09:06:15" 35 44.5 14 3.5 NA
382 "2022-02-21 09:06:25" 35 44.5 14 3.5 NA
383 "2022-02-21 09:06:35" 35 44.5 14 3.5 NA
384 "2022-02-21 09:06:45" 35 44.5 14 3.5 NA
385 "2022-02-21 09:06:55" 35 44.5 14 3.5 NA
386 "2022-02-21 09:07:05" 35 44.5 14 3.5 NA
387 "2022-02-21 09:07:15" 35 44.5 14 3.5 NA
388 "2022-02-21 09:07:25" 35 44.5 14 3.5 NA
389 "2022-02-21 09:07:35" 35 44.5 14 3.5 NA
390 "2022-02-21 09:07:45" 35 44.5 14 3.5 NA
391 "2022-02-21 09:07:55" 35 44.5 14 3.5 NA
392 "2022-02-21 09:08:05" 35 44.5 14 3.5 NA
393 "2022-02-21 09:08:15" 35 44.5 14 3.5 NA
394 "2022-02-21 09:08:25" 35 44.5 14 3.5 NA
395 "2022-02-21 09:08:35" 35 44.5 14 3.5 NA
396 "2022-02-21 09:08:45" 35 44.5 14 3.5 NA
397 "2022-02-21 09:08:55" 35 44.5 14 3.5 NA
398 "2022-02-21 09:09:05" 35 44.5 14 3.5 NA
399 "2022-02-21 09:09:15" 35 44.5 14 3.5 NA
400 "2022-02-21 09:09:25" 35 44.5 14 3.5 NA
401 "2022-02-21 09:09:35" 35 44.5 14 3.5 NA
402 "2022-02-21 09:09:45" 35 44.5 14 3.5 NA
403 "2022-02-21 09:09:55" 35 44.5 14 3.5 NA
404 "2022-02-21 09:10:05" 35 44.5 14 3.5 NA
405 "2022-02-21 09:10:15" 35 44.5 14 3.5 NA
406 "2022-02-21 09:10:25" 35 44.5 14 3.5 NA
407 "2022-02-21 09:10:35" 35 44.5 14 3.5 NA
408 "2022-02-21 09:10:45" 35 44.5 14 3.5 NA
409 "2022-02-21 09:10:55" 35 44.5 14 3.5 NA
410 "2022-02-21 09:11:05" 35 44.5 14 3.5 NA
411 "2022-02-21 09:11:15" 35 44.5 14 3.5 NA
412 "2022-02-21 09:11:25" 35 44.5 14 3.5 NA
413 "2022-02-21 09:11:35" 35 44.5 14 3.5 NA
414 "2022-02-21 09:11:45" 35 44.5 14 3.5 NA
415 "2022-02-21 09:11:55" 34.5 44.5 14 3.1 NA
416 "2022-02-21 09:12:05" 34.5 44.5 14 3.1 NA
417 "2022-02-21 09:12:15" 34.5 44.5 14 3.1 NA
418 "2022-02-21 09:12:25" 34.5 44.5 14 3.1 NA
419 "2022-02-21 09:12:35" 34.5 44.5 14 3.1 NA
420 "2022-02-21 09:12:45" 34.5 44.5 14 3.1 NA
421 "2022-02-21 09:12:55" 34.5 44.5 14.5 3.6 NA
422 "2022-02-21 09:13:05" 34.5 44.5 14.5 3.6 NA
423 "2022-02-21 09:13:15" 34.5 44.5 14 3.1 NA
424 "2022-02-21 09:13:25" 34 44.5 14 2.8 NA
425 "2022-02-21 09:13:35" 34 44.5 14 2.8 NA
426 "2022-02-21 09:13:45" 34 44.5 14 2.8 NA
427 "2022-02-21 09:13:55" 34 44.5 14.5 3.2 NA
428 "2022-02-21 09:14:05" 34 44.5 14.5 3.2 NA
429 "2022-02-21 09:14:15" 34 44.5 14.5 3.2 NA
430 "2022-02-21 09:14:25" 34 44.5 14.5 3.2 NA
431 "2022-02-21 09:14:35" 33.5 44.5 14.5 2.9 NA
432 "2022-02-21 09:14:45" 33.5 44.5 14.5 2.9 NA
433 "2022-02-21 09:14:55" 33.5 44.5 14.5 2.9 NA
434 "2022-02-21 09:15:05" 33.5 44.5 14.5 2.9 NA
435 "2022-02-21 09:15:15" 33.5 44.5 14.5 2.9 NA
436 "2022-02-21 09:15:25" 33.5 44.5 14.5 2.9 NA
437 "2022-02-21 09:15:35" 33.5 44.5 14.5 2.9 NA
438 "2022-02-21 09:15:45" 33.5 44.5 14.5 2.9 NA
439 "2022-02-21 09:15:55" 33 44.5 14.5 2.5 NA
440 "2022-02-21 09:16:05" 33 44.5 15 2.9 NA
441 "2022-02-21 09:16:15" 33 44.5 15 2.9 NA
442 "2022-02-21 09:16:25" 33 44.5 15 2.9 NA
443 "2022-02-21 09:16:35" 33 44.5 15 2.9 NA
444 "2022-02-21 09:16:45" 33 44.5 15 2.9 NA
445 "2022-02-21 09:16:55" 33 44.5 15 2.9 NA
446 "2022-02-21 09:17:05" 32.5 44.5 15 2.5 NA
447 "2022-02-21 09:17:15" 32.5 44.5 17.5 4.7 NA
448 "2022-02-21 09:17:25" 32.5 44.5 16 3.5 NA
449 "2022-02-21 09:17:35" 32.5 44.5 15.5 3 NA
450 "2022-02-21 09:17:45" 32.5 44.5 17.5 4.7 NA
451 "2022-02-21 09:17:55" 32.5 44.5 17.5 4.7 NA
