"V1" "V2" "V3" "V4" "V5" "V6" "V7"
1 "2022-02-09 08:05:30" 22.5 44.5 24.5 1.2 10126936
2 "2022-02-09 08:05:40" 22.5 44.5 24 0.9 NA
3 "2022-02-09 08:05:50" 22.5 44.5 26.5 2.3 NA
4 "2022-02-09 08:06:00" 22.5 44.5 24.5 1.2 NA
5 "2022-02-09 08:06:10" 22.5 44.5 24 0.9 NA
6 "2022-02-09 08:06:20" 23 44.5 23.5 1.1 NA
7 "2022-02-09 08:06:30" 23 44.5 23 0.8 NA
8 "2022-02-09 08:06:40" 23 44.5 23 0.8 NA
9 "2022-02-09 08:06:50" 23 44.5 25 1.9 NA
10 "2022-02-09 08:07:00" 23 44.5 25 1.9 NA
11 "2022-02-09 08:07:10" 23 44.5 23.5 1.1 NA
12 "2022-02-09 08:07:20" 23 44.5 23 0.8 NA
13 "2022-02-09 08:07:30" 23 44.5 23 0.8 NA
14 "2022-02-09 08:07:40" 23.5 44.5 22.5 0.9 NA
15 "2022-02-09 08:07:50" 23.5 44.5 22.5 0.9 NA
16 "2022-02-09 08:08:00" 23.5 44.5 22 0.6 NA
17 "2022-02-09 08:08:10" 23.5 44.5 22 0.6 NA
18 "2022-02-09 08:08:20" 23.5 44.5 22.5 0.9 NA
19 "2022-02-09 08:08:30" 23.5 44.5 22 0.6 NA
20 "2022-02-09 08:08:40" 23.5 44.5 22.5 0.9 NA
21 "2022-02-09 08:08:50" 23.5 44.5 22.5 0.9 NA
22 "2022-02-09 08:09:00" 23.5 44.5 22.5 0.9 NA
23 "2022-02-09 08:09:10" 23.5 44.5 22 0.6 NA
24 "2022-02-09 08:09:20" 23.5 44.5 22 0.6 NA
25 "2022-02-09 08:09:30" 23.5 44.5 22 0.6 NA
26 "2022-02-09 08:09:40" 23.5 44.5 22 0.6 NA
27 "2022-02-09 08:09:50" 23.5 44.5 22 0.6 NA
28 "2022-02-09 08:10:00" 24 44.5 22 1 NA
29 "2022-02-09 08:10:10" 24 44.5 21.5 0.7 NA
30 "2022-02-09 08:10:20" 24 44.5 21.5 0.7 NA
31 "2022-02-09 08:10:30" 24 44.5 21.5 0.7 NA
32 "2022-02-09 08:10:40" 24 44.5 21.5 0.7 NA
33 "2022-02-09 08:10:50" 24 44.5 21.5 0.7 NA
34 "2022-02-09 08:11:00" 24 44.5 21.5 0.7 NA
35 "2022-02-09 08:11:10" 24.5 44.5 21.5 1.1 NA
36 "2022-02-09 08:11:20" 24.5 44.5 21 0.8 NA
37 "2022-02-09 08:11:30" 24.5 44.5 21 0.8 NA
38 "2022-02-09 08:11:40" 24.5 44.5 21 0.8 NA
39 "2022-02-09 08:11:50" 24.5 44.5 21 0.8 NA
40 "2022-02-09 08:12:00" 24.5 44.5 21 0.8 NA
41 "2022-02-09 08:12:10" 24.5 44.5 21 0.8 NA
42 "2022-02-09 08:12:20" 24.5 44.5 21 0.8 NA
43 "2022-02-09 08:12:30" 24.5 44.5 21 0.8 NA
44 "2022-02-09 08:12:40" 24.5 44.5 20.5 0.4 NA
45 "2022-02-09 08:12:50" 24.5 44.5 20.5 0.4 NA
46 "2022-02-09 08:13:00" 25 44.5 20.5 0.8 NA
47 "2022-02-09 08:13:10" 25 44.5 20.5 0.8 NA
48 "2022-02-09 08:13:20" 25 44.5 20.5 0.8 NA
49 "2022-02-09 08:13:30" 25 44.5 20.5 0.8 NA
50 "2022-02-09 08:13:40" 25 44.5 20.5 0.8 NA
51 "2022-02-09 08:13:50" 25 44.5 20.5 0.8 NA
52 "2022-02-09 08:14:00" 25 44.5 20.5 0.8 NA
53 "2022-02-09 08:14:10" 25 44.5 20.5 0.8 NA
54 "2022-02-09 08:14:20" 25 44.5 20.5 0.8 NA
55 "2022-02-09 08:14:30" 25 44.5 20.5 0.8 NA
56 "2022-02-09 08:14:40" 25 44.5 20.5 0.8 NA
57 "2022-02-09 08:14:50" 25 44.5 20.5 0.8 NA
58 "2022-02-09 08:15:00" 25 44.5 20.5 0.8 NA
59 "2022-02-09 08:15:10" 25 44.5 20.5 0.8 NA
60 "2022-02-09 08:15:20" 25 44.5 20.5 0.8 NA
61 "2022-02-09 08:15:30" 25 44.5 20.5 0.8 NA
62 "2022-02-09 08:15:40" 25 44.5 20.5 0.8 NA
63 "2022-02-09 08:15:50" 25 44.5 20.5 0.8 NA
64 "2022-02-09 08:16:00" 25 44.5 20.5 0.8 NA
65 "2022-02-09 08:16:10" 25 44.5 20.5 0.8 NA
66 "2022-02-09 08:16:20" 25 44.5 20.5 0.8 NA
67 "2022-02-09 08:16:30" 25 44.5 20.5 0.8 NA
68 "2022-02-09 08:16:40" 25 44.5 20.5 0.8 NA
69 "2022-02-09 08:16:50" 25 44.5 20.5 0.8 NA
70 "2022-02-09 08:17:00" 25 44.5 20.5 0.8 NA
71 "2022-02-09 08:17:10" 25 44.5 20.5 0.8 NA
72 "2022-02-09 08:17:20" 25 44.5 20.5 0.8 NA
73 "2022-02-09 08:17:30" 25 44.5 20.5 0.8 NA
74 "2022-02-09 08:17:40" 25 44.5 20.5 0.8 NA
75 "2022-02-09 08:17:50" 25 44.5 20.5 0.8 NA
76 "2022-02-09 08:18:00" 25 44.5 20.5 0.8 NA
77 "2022-02-09 08:18:10" 25.5 44.5 20.5 1.3 NA
78 "2022-02-09 08:18:20" 25.5 44.5 20.5 1.3 NA
79 "2022-02-09 08:18:30" 25.5 44.5 20.5 1.3 NA
80 "2022-02-09 08:18:40" 25.5 44.5 20.5 1.3 NA
81 "2022-02-09 08:18:50" 25.5 44.5 20.5 1.3 NA
82 "2022-02-09 08:19:00" 25.5 44.5 20.5 1.3 NA
83 "2022-02-09 08:19:10" 25.5 44.5 20.5 1.3 NA
84 "2022-02-09 08:19:20" 25.5 44.5 20.5 1.3 NA
85 "2022-02-09 08:19:30" 25.5 44.5 20.5 1.3 NA
86 "2022-02-09 08:19:40" 25.5 44.5 20.5 1.3 NA
87 "2022-02-09 08:19:50" 25.5 44.5 20.5 1.3 NA
88 "2022-02-09 08:20:00" 25.5 44.5 20.5 1.3 NA
89 "2022-02-09 08:20:10" 25.5 44.5 20.5 1.3 NA
90 "2022-02-09 08:20:20" 25.5 44.5 20 0.9 NA
91 "2022-02-09 08:20:30" 25.5 44.5 20 0.9 NA
92 "2022-02-09 08:20:40" 25.5 44.5 20 0.9 NA
93 "2022-02-09 08:20:50" 25.5 44.5 20.5 1.3 NA
94 "2022-02-09 08:21:00" 25.5 44.5 20.5 1.3 NA
95 "2022-02-09 08:21:10" 25.5 44.5 20.5 1.3 NA
96 "2022-02-09 08:21:20" 25.5 44.5 20 0.9 NA
97 "2022-02-09 08:21:30" 25.5 44.5 20 0.9 NA
98 "2022-02-09 08:21:40" 25.5 44.5 20 0.9 NA
99 "2022-02-09 08:21:50" 25.5 44.5 20 0.9 NA
100 "2022-02-09 08:22:00" 25.5 44.5 20 0.9 NA
101 "2022-02-09 08:22:10" 25.5 44.5 20 0.9 NA
102 "2022-02-09 08:22:20" 25.5 44.5 20 0.9 NA
103 "2022-02-09 08:22:30" 25.5 44.5 20 0.9 NA
104 "2022-02-09 08:22:40" 25.5 44.5 20 0.9 NA
105 "2022-02-09 08:22:50" 25.5 44.5 20 0.9 NA
106 "2022-02-09 08:23:00" 25.5 44.5 20 0.9 NA
107 "2022-02-09 08:23:10" 25.5 44.5 20 0.9 NA
108 "2022-02-09 08:23:20" 25.5 44.5 20 0.9 NA
109 "2022-02-09 08:23:30" 25.5 44.5 20 0.9 NA
110 "2022-02-09 08:23:40" 25.5 44.5 20 0.9 NA
111 "2022-02-09 08:23:50" 25.5 44.5 20 0.9 NA
112 "2022-02-09 08:24:00" 25.5 44.5 20 0.9 NA
113 "2022-02-09 08:24:10" 25.5 44.5 20 0.9 NA
114 "2022-02-09 08:24:20" 26 44.5 20 1.3 NA
115 "2022-02-09 08:24:30" 26 44.5 20 1.3 NA
116 "2022-02-09 08:24:40" 26 44.5 20 1.3 NA
117 "2022-02-09 08:24:50" 26 44.5 20 1.3 NA
118 "2022-02-09 08:25:00" 26 44.5 20 1.3 NA
119 "2022-02-09 08:25:10" 26 44.5 20 1.3 NA
120 "2022-02-09 08:25:20" 26 44.5 20 1.3 NA
121 "2022-02-09 08:25:30" 26 44.5 20 1.3 NA
122 "2022-02-09 08:25:40" 26 44.5 20 1.3 NA
123 "2022-02-09 08:25:50" 26 44.5 20 1.3 NA
124 "2022-02-09 08:26:00" 26 44.5 20 1.3 NA
125 "2022-02-09 08:26:10" 26 44.5 20 1.3 NA
126 "2022-02-09 08:26:20" 26 44.5 19.5 1 NA
127 "2022-02-09 08:26:30" 26 44.5 19.5 1 NA
128 "2022-02-09 08:26:40" 26 44.5 19.5 1 NA
129 "2022-02-09 08:26:50" 26 44.5 19.5 1 NA
130 "2022-02-09 08:27:00" 26 44.5 19.5 1 NA
131 "2022-02-09 08:27:10" 26 44.5 19.5 1 NA
132 "2022-02-09 08:27:20" 26 44.5 19.5 1 NA
133 "2022-02-09 08:27:30" 26 44.5 19.5 1 NA
134 "2022-02-09 08:27:40" 26 44.5 19.5 1 NA
135 "2022-02-09 08:27:50" 26 44.5 19.5 1 NA
136 "2022-02-09 08:28:00" 26 44.5 19.5 1 NA
137 "2022-02-09 08:28:10" 26 44.5 19.5 1 NA
138 "2022-02-09 08:28:20" 26 44.5 19.5 1 NA
139 "2022-02-09 08:28:30" 26 44.5 19.5 1 NA
140 "2022-02-09 08:28:40" 26 44.5 19.5 1 NA
141 "2022-02-09 08:28:50" 26 44.5 19.5 1 NA
142 "2022-02-09 08:29:00" 26.5 44.5 19.5 1.4 NA
143 "2022-02-09 08:29:10" 26.5 44.5 19.5 1.4 NA
144 "2022-02-09 08:29:20" 26.5 44.5 19.5 1.4 NA
145 "2022-02-09 08:29:30" 26.5 44.5 19.5 1.4 NA
146 "2022-02-09 08:29:40" 26.5 44.5 19.5 1.4 NA
147 "2022-02-09 08:29:50" 26.5 44.5 19.5 1.4 NA
148 "2022-02-09 08:30:00" 26.5 44.5 19.5 1.4 NA
149 "2022-02-09 08:30:10" 26.5 44.5 19.5 1.4 NA
150 "2022-02-09 08:30:20" 26.5 44.5 19.5 1.4 NA
151 "2022-02-09 08:30:30" 26.5 44.5 19.5 1.4 NA
152 "2022-02-09 08:30:40" 26.5 44.5 19.5 1.4 NA
153 "2022-02-09 08:30:50" 26.5 44.5 19.5 1.4 NA
154 "2022-02-09 08:31:00" 26.5 44.5 19.5 1.4 NA
155 "2022-02-09 08:31:10" 26.5 44.5 19.5 1.4 NA
156 "2022-02-09 08:31:20" 26.5 44.5 19.5 1.4 NA
157 "2022-02-09 08:31:30" 26.5 44.5 19.5 1.4 NA
158 "2022-02-09 08:31:40" 26.5 44.5 19.5 1.4 NA
159 "2022-02-09 08:31:50" 26.5 44.5 19.5 1.4 NA
160 "2022-02-09 08:32:00" 26.5 44.5 19.5 1.4 NA
161 "2022-02-09 08:32:10" 26.5 44.5 19.5 1.4 NA
162 "2022-02-09 08:32:20" 26.5 44.5 19.5 1.4 NA
163 "2022-02-09 08:32:30" 26.5 44.5 19.5 1.4 NA
164 "2022-02-09 08:32:40" 26.5 44.5 19.5 1.4 NA
165 "2022-02-09 08:32:50" 26.5 44.5 19.5 1.4 NA
166 "2022-02-09 08:33:00" 26.5 44.5 19.5 1.4 NA
167 "2022-02-09 08:33:10" 26.5 44.5 19.5 1.4 NA
168 "2022-02-09 08:33:20" 26.5 44.5 19.5 1.4 NA
169 "2022-02-09 08:33:30" 26.5 44.5 19.5 1.4 NA
170 "2022-02-09 08:33:40" 26.5 44.5 19 1 NA
171 "2022-02-09 08:33:50" 26.5 44.5 19 1 NA
172 "2022-02-09 08:34:00" 26.5 44.5 19 1 NA
173 "2022-02-09 08:34:10" 26.5 44.5 19 1 NA
174 "2022-02-09 08:34:20" 26.5 44.5 19 1 NA
175 "2022-02-09 08:34:30" 26.5 44.5 19.5 1.4 NA
176 "2022-02-09 08:34:40" 26.5 44.5 19.5 1.4 NA
177 "2022-02-09 08:34:50" 26.5 44.5 19.5 1.4 NA
178 "2022-02-09 08:35:00" 26.5 44.5 19.5 1.4 NA
179 "2022-02-09 08:35:10" 26.5 44.5 19.5 1.4 NA
180 "2022-02-09 08:35:20" 26.5 44.5 19 1 NA
181 "2022-02-09 08:35:30" 26.5 44.5 19 1 NA
182 "2022-02-09 08:35:40" 26.5 44.5 19.5 1.4 NA
183 "2022-02-09 08:35:50" 26.5 44.5 19 1 NA
184 "2022-02-09 08:36:00" 26.5 44.5 19 1 NA
185 "2022-02-09 08:36:10" 26.5 44.5 19 1 NA
186 "2022-02-09 08:36:20" 26.5 44.5 19 1 NA
187 "2022-02-09 08:36:30" 26.5 44.5 19 1 NA
188 "2022-02-09 08:36:40" 26.5 44.5 19.5 1.4 NA
189 "2022-02-09 08:36:50" 26.5 44.5 19.5 1.4 NA
190 "2022-02-09 08:37:00" 26.5 44.5 19.5 1.4 NA
191 "2022-02-09 08:37:10" 26.5 44.5 19.5 1.4 NA
192 "2022-02-09 08:37:20" 26.5 44.5 19.5 1.4 NA
193 "2022-02-09 08:37:30" 26.5 44.5 19.5 1.4 NA
194 "2022-02-09 08:37:40" 26.5 44.5 19.5 1.4 NA
195 "2022-02-09 08:37:50" 26.5 44.5 19.5 1.4 NA
196 "2022-02-09 08:38:00" 26.5 44.5 19.5 1.4 NA
197 "2022-02-09 08:38:10" 26.5 44.5 19.5 1.4 NA
198 "2022-02-09 08:38:20" 26.5 44.5 19.5 1.4 NA
199 "2022-02-09 08:38:30" 26.5 44.5 19.5 1.4 NA
200 "2022-02-09 08:38:40" 26.5 44.5 19.5 1.4 NA
201 "2022-02-09 08:38:50" 26.5 44.5 19.5 1.4 NA
202 "2022-02-09 08:39:00" 26.5 44.5 19.5 1.4 NA
203 "2022-02-09 08:39:10" 26.5 44.5 19.5 1.4 NA
204 "2022-02-09 08:39:20" 26.5 44.5 19.5 1.4 NA
205 "2022-02-09 08:39:30" 26.5 44.5 19.5 1.4 NA
206 "2022-02-09 08:39:40" 26.5 44.5 19.5 1.4 NA
207 "2022-02-09 08:39:50" 26.5 44.5 19.5 1.4 NA
208 "2022-02-09 08:40:00" 26.5 44.5 19.5 1.4 NA
209 "2022-02-09 08:40:10" 26.5 44.5 19.5 1.4 NA
210 "2022-02-09 08:40:20" 26.5 44.5 19.5 1.4 NA
211 "2022-02-09 08:40:30" 26.5 44.5 19.5 1.4 NA
212 "2022-02-09 08:40:40" 26.5 44.5 19.5 1.4 NA
213 "2022-02-09 08:40:50" 26.5 44.5 19.5 1.4 NA
214 "2022-02-09 08:41:00" 26.5 44.5 19.5 1.4 NA
215 "2022-02-09 08:41:10" 26.5 44.5 19.5 1.4 NA
216 "2022-02-09 08:41:20" 26.5 44.5 19.5 1.4 NA
217 "2022-02-09 08:41:30" 26.5 44.5 19.5 1.4 NA
218 "2022-02-09 08:41:40" 26.5 44.5 19.5 1.4 NA
219 "2022-02-09 08:41:50" 26.5 44.5 19.5 1.4 NA
220 "2022-02-09 08:42:00" 26.5 44.5 19.5 1.4 NA
221 "2022-02-09 08:42:10" 26.5 44.5 19.5 1.4 NA
222 "2022-02-09 08:42:20" 26.5 44.5 19.5 1.4 NA
223 "2022-02-09 08:42:30" 26.5 44.5 19.5 1.4 NA
224 "2022-02-09 08:42:40" 26.5 44.5 19.5 1.4 NA
225 "2022-02-09 08:42:50" 26.5 44.5 19.5 1.4 NA
226 "2022-02-09 08:43:00" 26.5 44.5 19.5 1.4 NA
227 "2022-02-09 08:43:10" 26.5 44.5 19.5 1.4 NA
228 "2022-02-09 08:43:20" 26.5 44.5 19.5 1.4 NA
229 "2022-02-09 08:43:30" 26.5 44.5 19.5 1.4 NA
230 "2022-02-09 08:43:40" 26.5 44.5 19.5 1.4 NA
231 "2022-02-09 08:43:50" 26.5 44.5 19.5 1.4 NA
232 "2022-02-09 08:44:00" 26.5 44.5 19.5 1.4 NA
233 "2022-02-09 08:44:10" 26.5 44.5 19.5 1.4 NA
234 "2022-02-09 08:44:20" 26.5 44.5 19.5 1.4 NA
235 "2022-02-09 08:44:30" 26.5 44.5 19.5 1.4 NA
236 "2022-02-09 08:44:40" 26.5 44.5 19.5 1.4 NA
237 "2022-02-09 08:44:50" 26.5 44.5 19.5 1.4 NA
238 "2022-02-09 08:45:00" 26.5 44.5 19.5 1.4 NA
239 "2022-02-09 08:45:10" 26.5 44.5 19.5 1.4 NA
240 "2022-02-09 08:45:20" 26.5 44.5 19.5 1.4 NA
241 "2022-02-09 08:45:30" 26.5 44.5 19.5 1.4 NA
242 "2022-02-09 08:45:40" 26.5 44.5 19.5 1.4 NA
243 "2022-02-09 08:45:50" 26.5 44.5 19.5 1.4 NA
244 "2022-02-09 08:46:00" 26.5 44.5 19.5 1.4 NA
245 "2022-02-09 08:46:10" 26.5 44.5 19.5 1.4 NA
246 "2022-02-09 08:46:20" 26.5 44.5 19.5 1.4 NA
247 "2022-02-09 08:46:30" 26.5 44.5 19.5 1.4 NA
248 "2022-02-09 08:46:40" 26.5 44.5 19.5 1.4 NA
249 "2022-02-09 08:46:50" 26.5 44.5 19.5 1.4 NA
250 "2022-02-09 08:47:00" 26.5 44.5 19.5 1.4 NA
251 "2022-02-09 08:47:10" 26.5 44.5 19.5 1.4 NA
252 "2022-02-09 08:47:20" 26.5 44.5 19.5 1.4 NA
253 "2022-02-09 08:47:30" 26.5 44.5 19.5 1.4 NA
254 "2022-02-09 08:47:40" 26.5 44.5 19.5 1.4 NA
255 "2022-02-09 08:47:50" 26.5 44.5 19.5 1.4 NA
256 "2022-02-09 08:48:00" 26.5 44.5 19.5 1.4 NA
257 "2022-02-09 08:48:10" 26.5 44.5 19.5 1.4 NA
258 "2022-02-09 08:48:20" 26.5 44.5 19.5 1.4 NA
259 "2022-02-09 08:48:30" 26.5 44.5 19.5 1.4 NA
260 "2022-02-09 08:48:40" 26.5 44.5 19.5 1.4 NA
261 "2022-02-09 08:48:50" 26.5 44.5 19.5 1.4 NA
262 "2022-02-09 08:49:00" 26.5 44.5 19.5 1.4 NA
263 "2022-02-09 08:49:10" 26.5 44.5 19.5 1.4 NA
264 "2022-02-09 08:49:20" 26.5 44.5 19.5 1.4 NA
265 "2022-02-09 08:49:30" 26.5 44.5 19.5 1.4 NA
266 "2022-02-09 08:49:40" 26.5 44.5 19.5 1.4 NA
267 "2022-02-09 08:49:50" 26.5 44.5 19.5 1.4 NA
268 "2022-02-09 08:50:00" 26.5 44.5 19.5 1.4 NA
269 "2022-02-09 08:50:10" 26.5 44.5 19.5 1.4 NA
270 "2022-02-09 08:50:20" 26.5 44.5 19.5 1.4 NA
271 "2022-02-09 08:50:30" 26.5 44.5 19.5 1.4 NA
272 "2022-02-09 08:50:40" 26.5 44.5 19.5 1.4 NA
273 "2022-02-09 08:50:50" 26.5 44.5 19.5 1.4 NA
274 "2022-02-09 08:51:00" 26.5 44.5 19.5 1.4 NA
275 "2022-02-09 08:51:10" 26.5 44.5 19.5 1.4 NA
276 "2022-02-09 08:51:20" 26.5 44.5 19.5 1.4 NA
277 "2022-02-09 08:51:30" 26.5 44.5 19.5 1.4 NA
278 "2022-02-09 08:51:40" 26.5 44.5 19.5 1.4 NA
279 "2022-02-09 08:51:50" 26.5 44.5 19.5 1.4 NA
280 "2022-02-09 08:52:00" 26.5 44.5 19.5 1.4 NA
281 "2022-02-09 08:52:10" 26.5 44.5 19.5 1.4 NA
282 "2022-02-09 08:52:20" 26.5 44.5 19.5 1.4 NA
283 "2022-02-09 08:52:30" 26.5 44.5 19.5 1.4 NA
284 "2022-02-09 08:52:40" 26.5 44.5 19.5 1.4 NA
285 "2022-02-09 08:52:50" 26.5 44.5 19.5 1.4 NA
286 "2022-02-09 08:53:00" 26.5 44.5 19.5 1.4 NA
287 "2022-02-09 08:53:10" 26.5 44.5 19.5 1.4 NA
288 "2022-02-09 08:53:20" 26.5 44.5 19.5 1.4 NA
289 "2022-02-09 08:53:30" 26.5 44.5 19.5 1.4 NA
290 "2022-02-09 08:53:40" 26.5 44.5 19.5 1.4 NA
291 "2022-02-09 08:53:50" 26.5 44.5 19.5 1.4 NA
292 "2022-02-09 08:54:00" 26.5 44.5 19.5 1.4 NA
293 "2022-02-09 08:54:10" 26.5 44.5 19.5 1.4 NA
294 "2022-02-09 08:54:20" 26.5 44.5 19.5 1.4 NA
295 "2022-02-09 08:54:30" 26.5 44.5 19.5 1.4 NA
296 "2022-02-09 08:54:40" 26.5 44.5 19.5 1.4 NA
297 "2022-02-09 08:54:50" 26.5 44.5 19.5 1.4 NA
298 "2022-02-09 08:55:00" 26.5 44.5 19.5 1.4 NA
299 "2022-02-09 08:55:10" 26.5 44.5 19.5 1.4 NA
300 "2022-02-09 08:55:20" 26.5 44.5 19.5 1.4 NA
301 "2022-02-09 08:55:30" 26.5 44.5 19.5 1.4 NA
302 "2022-02-09 08:55:40" 26.5 44.5 19.5 1.4 NA
303 "2022-02-09 08:55:50" 26.5 44.5 19.5 1.4 NA
304 "2022-02-09 08:56:00" 26.5 44.5 19.5 1.4 NA
305 "2022-02-09 08:56:10" 26.5 44.5 19.5 1.4 NA
306 "2022-02-09 08:56:20" 26.5 44.5 19.5 1.4 NA
307 "2022-02-09 08:56:30" 26.5 44.5 19.5 1.4 NA
308 "2022-02-09 08:56:40" 26.5 44.5 19.5 1.4 NA
309 "2022-02-09 08:56:50" 26.5 44.5 19.5 1.4 NA
310 "2022-02-09 08:57:00" 26.5 44.5 19.5 1.4 NA
311 "2022-02-09 08:57:10" 26.5 44.5 19.5 1.4 NA
312 "2022-02-09 08:57:20" 26.5 44.5 19.5 1.4 NA
313 "2022-02-09 08:57:30" 26.5 44.5 19.5 1.4 NA
314 "2022-02-09 08:57:40" 26.5 44.5 19.5 1.4 NA
315 "2022-02-09 08:57:50" 26.5 44.5 19.5 1.4 NA
316 "2022-02-09 08:58:00" 26.5 44.5 19.5 1.4 NA
317 "2022-02-09 08:58:10" 26.5 44.5 19.5 1.4 NA
318 "2022-02-09 08:58:20" 26.5 44.5 19.5 1.4 NA
319 "2022-02-09 08:58:30" 26.5 44.5 19.5 1.4 NA
320 "2022-02-09 08:58:40" 26.5 44.5 19.5 1.4 NA
321 "2022-02-09 08:58:50" 26.5 44.5 19.5 1.4 NA
322 "2022-02-09 08:59:00" 26.5 44.5 19.5 1.4 NA
323 "2022-02-09 08:59:10" 26.5 44.5 19.5 1.4 NA
324 "2022-02-09 08:59:20" 26.5 44.5 19.5 1.4 NA
325 "2022-02-09 08:59:30" 26.5 44.5 19.5 1.4 NA
326 "2022-02-09 08:59:40" 26.5 44.5 19.5 1.4 NA
327 "2022-02-09 08:59:50" 26.5 44.5 19.5 1.4 NA
328 "2022-02-09 09:00:00" 26.5 44.5 19.5 1.4 NA
329 "2022-02-09 09:00:10" 26.5 44.5 19.5 1.4 NA
330 "2022-02-09 09:00:20" 26.5 44.5 19.5 1.4 NA
331 "2022-02-09 09:00:30" 26.5 44.5 19.5 1.4 NA
332 "2022-02-09 09:00:40" 26.5 44.5 19.5 1.4 NA
333 "2022-02-09 09:00:50" 26.5 44.5 19.5 1.4 NA
334 "2022-02-09 09:01:00" 26.5 44.5 19.5 1.4 NA
335 "2022-02-09 09:01:10" 26.5 44.5 19.5 1.4 NA
336 "2022-02-09 09:01:20" 26.5 44.5 19.5 1.4 NA
337 "2022-02-09 09:01:30" 26.5 44.5 19.5 1.4 NA
338 "2022-02-09 09:01:40" 26.5 44.5 19.5 1.4 NA
339 "2022-02-09 09:01:50" 26.5 44.5 19.5 1.4 NA
340 "2022-02-09 09:02:00" 26.5 44.5 19.5 1.4 NA
341 "2022-02-09 09:02:10" 26.5 44.5 19.5 1.4 NA
342 "2022-02-09 09:02:20" 26.5 44.5 19.5 1.4 NA
343 "2022-02-09 09:02:30" 26.5 44.5 19.5 1.4 NA
344 "2022-02-09 09:02:40" 26.5 44.5 19.5 1.4 NA
345 "2022-02-09 09:02:50" 26.5 44.5 19.5 1.4 NA
346 "2022-02-09 09:03:00" 26.5 44.5 19.5 1.4 NA
347 "2022-02-09 09:03:10" 26.5 44.5 19.5 1.4 NA
348 "2022-02-09 09:03:20" 26.5 44.5 19.5 1.4 NA
349 "2022-02-09 09:03:30" 26.5 44.5 19.5 1.4 NA
350 "2022-02-09 09:03:40" 26.5 44.5 19.5 1.4 NA
351 "2022-02-09 09:03:50" 26.5 44.5 19.5 1.4 NA
352 "2022-02-09 09:04:00" 26.5 44.5 19.5 1.4 NA
353 "2022-02-09 09:04:10" 26.5 44.5 19.5 1.4 NA
354 "2022-02-09 09:04:20" 26.5 44.5 19.5 1.4 NA
355 "2022-02-09 09:04:30" 26.5 44.5 19.5 1.4 NA
356 "2022-02-09 09:04:40" 26.5 44.5 19.5 1.4 NA
357 "2022-02-09 09:04:50" 26.5 44.5 19.5 1.4 NA
358 "2022-02-09 09:05:00" 26.5 44.5 19.5 1.4 NA
359 "2022-02-09 09:05:10" 26.5 44.5 19.5 1.4 NA
360 "2022-02-09 09:05:20" 26.5 44.5 19.5 1.4 NA
361 "2022-02-09 09:05:30" 26.5 44.5 19.5 1.4 NA
362 "2022-02-09 09:05:40" 26.5 44.5 19.5 1.4 NA
363 "2022-02-09 09:05:50" 26.5 44.5 19.5 1.4 NA
364 "2022-02-09 09:06:00" 26.5 44.5 19.5 1.4 NA
365 "2022-02-09 09:06:10" 26.5 44.5 19.5 1.4 NA
366 "2022-02-09 09:06:20" 26.5 44.5 19.5 1.4 NA
367 "2022-02-09 09:06:30" 26.5 44.5 19.5 1.4 NA
368 "2022-02-09 09:06:40" 26.5 44.5 19.5 1.4 NA
369 "2022-02-09 09:06:50" 26.5 44.5 19.5 1.4 NA
370 "2022-02-09 09:07:00" 26.5 44.5 19.5 1.4 NA
371 "2022-02-09 09:07:10" 26.5 44.5 19.5 1.4 NA
372 "2022-02-09 09:07:20" 26.5 44.5 19.5 1.4 NA
373 "2022-02-09 09:07:30" 26.5 44.5 19.5 1.4 NA
374 "2022-02-09 09:07:40" 26.5 44.5 19.5 1.4 NA
375 "2022-02-09 09:07:50" 26.5 44.5 19.5 1.4 NA
376 "2022-02-09 09:08:00" 26.5 44.5 19.5 1.4 NA
377 "2022-02-09 09:08:10" 26.5 44.5 19.5 1.4 NA
378 "2022-02-09 09:08:20" 26.5 44.5 19.5 1.4 NA
379 "2022-02-09 09:08:30" 26.5 44.5 19.5 1.4 NA
380 "2022-02-09 09:08:40" 26.5 44.5 19.5 1.4 NA
381 "2022-02-09 09:08:50" 26.5 44.5 19.5 1.4 NA
382 "2022-02-09 09:09:00" 26.5 44.5 19.5 1.4 NA
383 "2022-02-09 09:09:10" 26.5 44.5 19.5 1.4 NA
384 "2022-02-09 09:09:20" 26.5 44.5 19.5 1.4 NA
385 "2022-02-09 09:09:30" 26.5 44.5 19.5 1.4 NA
386 "2022-02-09 09:09:40" 26.5 44.5 19.5 1.4 NA
387 "2022-02-09 09:09:50" 26.5 44.5 19.5 1.4 NA
388 "2022-02-09 09:10:00" 26.5 44.5 19.5 1.4 NA
389 "2022-02-09 09:10:10" 26.5 44.5 19.5 1.4 NA
390 "2022-02-09 09:10:20" 26.5 44.5 19.5 1.4 NA
391 "2022-02-09 09:10:30" 26.5 44.5 19.5 1.4 NA
392 "2022-02-09 09:10:40" 26.5 44.5 19.5 1.4 NA
393 "2022-02-09 09:10:50" 26.5 44.5 19.5 1.4 NA
394 "2022-02-09 09:11:00" 26.5 44.5 19.5 1.4 NA
395 "2022-02-09 09:11:10" 26.5 44.5 19.5 1.4 NA
396 "2022-02-09 09:11:20" 26.5 44.5 19.5 1.4 NA
397 "2022-02-09 09:11:30" 26.5 44.5 19.5 1.4 NA
398 "2022-02-09 09:11:40" 26.5 44.5 19.5 1.4 NA
399 "2022-02-09 09:11:50" 26.5 44.5 19.5 1.4 NA
400 "2022-02-09 09:12:00" 26.5 44.5 19.5 1.4 NA
401 "2022-02-09 09:12:10" 26 44.5 19.5 1 NA
402 "2022-02-09 09:12:20" 26 44.5 19.5 1 NA
403 "2022-02-09 09:12:30" 26 44.5 19.5 1 NA
404 "2022-02-09 09:12:40" 26 44.5 19.5 1 NA
405 "2022-02-09 09:12:50" 26 44.5 19.5 1 NA
406 "2022-02-09 09:13:00" 26 44.5 19.5 1 NA
407 "2022-02-09 09:13:10" 26 44.5 19.5 1 NA
408 "2022-02-09 09:13:20" 26 44.5 19.5 1 NA
409 "2022-02-09 09:13:30" 26 44.5 19.5 1 NA
410 "2022-02-09 09:13:40" 26 44.5 19.5 1 NA
411 "2022-02-09 09:13:50" 26 44.5 19.5 1 NA
412 "2022-02-09 09:14:00" 26 44.5 19.5 1 NA
413 "2022-02-09 09:14:10" 26 44.5 19.5 1 NA
414 "2022-02-09 09:14:20" 26 44.5 19.5 1 NA
415 "2022-02-09 09:14:30" 26 44.5 19.5 1 NA
416 "2022-02-09 09:14:40" 26 44.5 19.5 1 NA
417 "2022-02-09 09:14:50" 26 44.5 19.5 1 NA
418 "2022-02-09 09:15:00" 26 44.5 19.5 1 NA
419 "2022-02-09 09:15:10" 26 44.5 19.5 1 NA
420 "2022-02-09 09:15:20" 26 44.5 20 1.3 NA
421 "2022-02-09 09:15:30" 26 44.5 20 1.3 NA
422 "2022-02-09 09:15:40" 26 44.5 20 1.3 NA
423 "2022-02-09 09:15:50" 26 44.5 20 1.3 NA
424 "2022-02-09 09:16:00" 26 44.5 20 1.3 NA
425 "2022-02-09 09:16:10" 26 44.5 20 1.3 NA
426 "2022-02-09 09:16:20" 26 44.5 20 1.3 NA
427 "2022-02-09 09:16:30" 26 44.5 20 1.3 NA
428 "2022-02-09 09:16:40" 26 44.5 20 1.3 NA
429 "2022-02-09 09:16:50" 26 44.5 20 1.3 NA
430 "2022-02-09 09:17:00" 26 44.5 20 1.3 NA
431 "2022-02-09 09:17:10" 26 44.5 20 1.3 NA
432 "2022-02-09 09:17:20" 26 44.5 20 1.3 NA
433 "2022-02-09 09:17:30" 26 44.5 20 1.3 NA
434 "2022-02-09 09:17:40" 26 44.5 20 1.3 NA
435 "2022-02-09 09:17:50" 26 44.5 20 1.3 NA
436 "2022-02-09 09:18:00" 26 44.5 20 1.3 NA
437 "2022-02-09 09:18:10" 26 44.5 20 1.3 NA
438 "2022-02-09 09:18:20" 26 44.5 20 1.3 NA
439 "2022-02-09 09:18:30" 26 44.5 20 1.3 NA
440 "2022-02-09 09:18:40" 26 44.5 20 1.3 NA
441 "2022-02-09 09:18:50" 26 44.5 20 1.3 NA
442 "2022-02-09 09:19:00" 25.5 44.5 20 0.9 NA
443 "2022-02-09 09:19:10" 25.5 44.5 20 0.9 NA
444 "2022-02-09 09:19:20" 25.5 44.5 20 0.9 NA
445 "2022-02-09 09:19:30" 25.5 44.5 20 0.9 NA
446 "2022-02-09 09:19:40" 25.5 44.5 20 0.9 NA
447 "2022-02-09 09:19:50" 25.5 44.5 20 0.9 NA
448 "2022-02-09 09:20:00" 25.5 44.5 20 0.9 NA
449 "2022-02-09 09:20:10" 25.5 44.5 20 0.9 NA
450 "2022-02-09 09:20:20" 25.5 44.5 20 0.9 NA
451 "2022-02-09 09:20:30" 25.5 44.5 20 0.9 NA
452 "2022-02-09 09:20:40" 25.5 44.5 20 0.9 NA
453 "2022-02-09 09:20:50" 25.5 44.5 20 0.9 NA
454 "2022-02-09 09:21:00" 25.5 44.5 20 0.9 NA
455 "2022-02-09 09:21:10" 25.5 44.5 20 0.9 NA
456 "2022-02-09 09:21:20" 25.5 44.5 20 0.9 NA
457 "2022-02-09 09:21:30" 25.5 44.5 20 0.9 NA
458 "2022-02-09 09:21:40" 25.5 44.5 20 0.9 NA
459 "2022-02-09 09:21:50" 25.5 44.5 20 0.9 NA
460 "2022-02-09 09:22:00" 25.5 44.5 20 0.9 NA
461 "2022-02-09 09:22:10" 25.5 44.5 20 0.9 NA
462 "2022-02-09 09:22:20" 25.5 44.5 20 0.9 NA
463 "2022-02-09 09:22:30" 25.5 44.5 20 0.9 NA
464 "2022-02-09 09:22:40" 25.5 44.5 20 0.9 NA
465 "2022-02-09 09:22:50" 25.5 44.5 20 0.9 NA
466 "2022-02-09 09:23:00" 25.5 44.5 20 0.9 NA
467 "2022-02-09 09:23:10" 25.5 44.5 20 0.9 NA
468 "2022-02-09 09:23:20" 25.5 44.5 20 0.9 NA
469 "2022-02-09 09:23:30" 25.5 44.5 20 0.9 NA
470 "2022-02-09 09:23:40" 25.5 44.5 20 0.9 NA
471 "2022-02-09 09:23:50" 25.5 44.5 20 0.9 NA
472 "2022-02-09 09:24:00" 25.5 44.5 20 0.9 NA
473 "2022-02-09 09:24:10" 25.5 44.5 20 0.9 NA
474 "2022-02-09 09:24:20" 25.5 44.5 20 0.9 NA
475 "2022-02-09 09:24:30" 25.5 44.5 20 0.9 NA
476 "2022-02-09 09:24:40" 25.5 44.5 20 0.9 NA
477 "2022-02-09 09:24:50" 25.5 44.5 20 0.9 NA
478 "2022-02-09 09:25:00" 25.5 44.5 20 0.9 NA
479 "2022-02-09 09:25:10" 25.5 44.5 20 0.9 NA
480 "2022-02-09 09:25:20" 25.5 44.5 20 0.9 NA
481 "2022-02-09 09:25:30" 25.5 44.5 20 0.9 NA
482 "2022-02-09 09:25:40" 25.5 44.5 20 0.9 NA
483 "2022-02-09 09:25:50" 25.5 44.5 20 0.9 NA
484 "2022-02-09 09:26:00" 25.5 44.5 20 0.9 NA
485 "2022-02-09 09:26:10" 25.5 44.5 20 0.9 NA
486 "2022-02-09 09:26:20" 25.5 44.5 20 0.9 NA
487 "2022-02-09 09:26:30" 25.5 44.5 20 0.9 NA
488 "2022-02-09 09:26:40" 25.5 44.5 20 0.9 NA
489 "2022-02-09 09:26:50" 25.5 44.5 20 0.9 NA
490 "2022-02-09 09:27:00" 25.5 44.5 20 0.9 NA
491 "2022-02-09 09:27:10" 25.5 44.5 20 0.9 NA
492 "2022-02-09 09:27:20" 25.5 44.5 20 0.9 NA
493 "2022-02-09 09:27:30" 25.5 44.5 20 0.9 NA
494 "2022-02-09 09:27:40" 25.5 44.5 20 0.9 NA
495 "2022-02-09 09:27:50" 25.5 44.5 20 0.9 NA
496 "2022-02-09 09:28:00" 25.5 44.5 20 0.9 NA
497 "2022-02-09 09:28:10" 25.5 44.5 20 0.9 NA
498 "2022-02-09 09:28:20" 25.5 44.5 20 0.9 NA
499 "2022-02-09 09:28:30" 25.5 44.5 20 0.9 NA
500 "2022-02-09 09:28:40" 25.5 44.5 20 0.9 NA
501 "2022-02-09 09:28:50" 25.5 44.5 20.5 1.3 NA
502 "2022-02-09 09:29:00" 25.5 44.5 20.5 1.3 NA
503 "2022-02-09 09:29:10" 25.5 44.5 20.5 1.3 NA
504 "2022-02-09 09:29:20" 25.5 44.5 20.5 1.3 NA
505 "2022-02-09 09:29:30" 25.5 44.5 20.5 1.3 NA
506 "2022-02-09 09:29:40" 25.5 44.5 20.5 1.3 NA
507 "2022-02-09 09:29:50" 25.5 44.5 20.5 1.3 NA
508 "2022-02-09 09:30:00" 25.5 44.5 20.5 1.3 NA
509 "2022-02-09 09:30:10" 25.5 44.5 20.5 1.3 NA
510 "2022-02-09 09:30:20" 25.5 44.5 20.5 1.3 NA
511 "2022-02-09 09:30:30" 25.5 44.5 20.5 1.3 NA
512 "2022-02-09 09:30:40" 25.5 44.5 20.5 1.3 NA
513 "2022-02-09 09:30:50" 25.5 44.5 20.5 1.3 NA
514 "2022-02-09 09:31:00" 25.5 44.5 20.5 1.3 NA
515 "2022-02-09 09:31:10" 25.5 44.5 20.5 1.3 NA
516 "2022-02-09 09:31:20" 25.5 44.5 20.5 1.3 NA
517 "2022-02-09 09:31:30" 25.5 44.5 20.5 1.3 NA
518 "2022-02-09 09:31:40" 25.5 44.5 20.5 1.3 NA
519 "2022-02-09 09:31:50" 25.5 44.5 20.5 1.3 NA
520 "2022-02-09 09:32:00" 25 44.5 20.5 0.8 NA
521 "2022-02-09 09:32:10" 25 44.5 20.5 0.8 NA
522 "2022-02-09 09:32:20" 25 44.5 20.5 0.8 NA
523 "2022-02-09 09:32:30" 25 44.5 20.5 0.8 NA
524 "2022-02-09 09:32:40" 25 44.5 20.5 0.8 NA
525 "2022-02-09 09:32:50" 25 44.5 20.5 0.8 NA
526 "2022-02-09 09:33:00" 25 44.5 20.5 0.8 NA
527 "2022-02-09 09:33:10" 25 44.5 20.5 0.8 NA
528 "2022-02-09 09:33:20" 25 44.5 20.5 0.8 NA
529 "2022-02-09 09:33:30" 25 44.5 20.5 0.8 NA
530 "2022-02-09 09:33:40" 25 44.5 20.5 0.8 NA
531 "2022-02-09 09:33:50" 25 44.5 20.5 0.8 NA
532 "2022-02-09 09:34:00" 25 44.5 20.5 0.8 NA
533 "2022-02-09 09:34:10" 25 44.5 20.5 0.8 NA
534 "2022-02-09 09:34:20" 25 44.5 20.5 0.8 NA
535 "2022-02-09 09:34:30" 25 44.5 20.5 0.8 NA
536 "2022-02-09 09:34:40" 25 44.5 20.5 0.8 NA
537 "2022-02-09 09:34:50" 25 44.5 20.5 0.8 NA
538 "2022-02-09 09:35:00" 25 44.5 20.5 0.8 NA
539 "2022-02-09 09:35:10" 25 44.5 20.5 0.8 NA
540 "2022-02-09 09:35:20" 25 44.5 20.5 0.8 NA
541 "2022-02-09 09:35:30" 25 44.5 20.5 0.8 NA
542 "2022-02-09 09:35:40" 25 44.5 20.5 0.8 NA
543 "2022-02-09 09:35:50" 25 44.5 20.5 0.8 NA
544 "2022-02-09 09:36:00" 25 44.5 20.5 0.8 NA
545 "2022-02-09 09:36:10" 25 44.5 20.5 0.8 NA
546 "2022-02-09 09:36:20" 25 44.5 20.5 0.8 NA
547 "2022-02-09 09:36:30" 25 44.5 20.5 0.8 NA
548 "2022-02-09 09:36:40" 25 44.5 20.5 0.8 NA
549 "2022-02-09 09:36:50" 25 44.5 20.5 0.8 NA
550 "2022-02-09 09:37:00" 25 44.5 20.5 0.8 NA
551 "2022-02-09 09:37:10" 25 44.5 20.5 0.8 NA
552 "2022-02-09 09:37:20" 25 44.5 20.5 0.8 NA
553 "2022-02-09 09:37:30" 25 44.5 20.5 0.8 NA
554 "2022-02-09 09:37:40" 25 44.5 20.5 0.8 NA
555 "2022-02-09 09:37:50" 25 44.5 20.5 0.8 NA
556 "2022-02-09 09:38:00" 25 44.5 20.5 0.8 NA
557 "2022-02-09 09:38:10" 25 44.5 20.5 0.8 NA
558 "2022-02-09 09:38:20" 25 44.5 20.5 0.8 NA
559 "2022-02-09 09:38:30" 25 44.5 20.5 0.8 NA
560 "2022-02-09 09:38:40" 25 44.5 20.5 0.8 NA
561 "2022-02-09 09:38:50" 25 44.5 20.5 0.8 NA
562 "2022-02-09 09:39:00" 25 44.5 20.5 0.8 NA
563 "2022-02-09 09:39:10" 25 44.5 20.5 0.8 NA
564 "2022-02-09 09:39:20" 25 44.5 20.5 0.8 NA
565 "2022-02-09 09:39:30" 25 44.5 21 1.2 NA
566 "2022-02-09 09:39:40" 25 44.5 27 4.7 NA
