"V1" "V2" "V3" "V4" "V5" "V6" "V7"
1 "2022-02-17 07:48:21" 24.5 45 35 8 10045488
2 "2022-02-17 07:48:31" 24.5 45 35.5 8.3 NA
3 "2022-02-17 07:48:41" 25 45 37 9.3 NA
4 "2022-02-17 07:48:51" 25 45 35.5 8.7 NA
5 "2022-02-17 07:49:01" 25 45 34.5 8.3 NA
6 "2022-02-17 07:49:11" 25 45 34.5 8.3 NA
7 "2022-02-17 07:49:21" 25 45 34 8.1 NA
8 "2022-02-17 07:49:31" 25 45 34 8.1 NA
9 "2022-02-17 07:49:41" 25 45 33.5 7.8 NA
10 "2022-02-17 07:49:51" 25.5 45 33.5 8.3 NA
11 "2022-02-17 07:50:01" 25.5 45 34 8.5 NA
12 "2022-02-17 07:50:11" 25.5 45 33.5 8.3 NA
13 "2022-02-17 07:50:21" 25.5 45 33.5 8.3 NA
14 "2022-02-17 07:50:31" 25.5 45 33.5 8.3 NA
15 "2022-02-17 07:50:41" 25.5 45 33.5 8.3 NA
16 "2022-02-17 07:50:51" 25.5 45 33 8.1 NA
17 "2022-02-17 07:51:01" 25.5 45 33 8.1 NA
18 "2022-02-17 07:51:11" 25.5 45 33 8.1 NA
19 "2022-02-17 07:51:21" 25.5 45 34 8.5 NA
20 "2022-02-17 07:51:31" 25.5 45 34 8.5 NA
21 "2022-02-17 07:51:41" 25.5 45 34.5 8.7 NA
22 "2022-02-17 07:51:51" 25.5 45 34 8.5 NA
23 "2022-02-17 07:52:01" 25.5 45 34 8.5 NA
24 "2022-02-17 07:52:11" 26 45 34 8.9 NA
25 "2022-02-17 07:52:21" 26 45 34 8.9 NA
26 "2022-02-17 07:52:31" 26 45 33.5 8.7 NA
27 "2022-02-17 07:52:41" 26.5 45 33.5 9.2 NA
28 "2022-02-17 07:52:51" 26.5 45 33 8.9 NA
29 "2022-02-17 07:53:01" 26.5 45 33 8.9 NA
30 "2022-02-17 07:53:11" 27 45 32.5 9.1 NA
31 "2022-02-17 07:53:21" 27 45 32 8.9 NA
32 "2022-02-17 07:53:31" 27.5 45 32 9.3 NA
33 "2022-02-17 07:53:41" 27.5 45 32 9.3 NA
34 "2022-02-17 07:53:51" 27.5 45 31.5 9.1 NA
35 "2022-02-17 07:54:01" 28 45 31 9.3 NA
36 "2022-02-17 07:54:11" 28 45 31 9.3 NA
37 "2022-02-17 07:54:21" 28.5 45 30 9.2 NA
38 "2022-02-17 07:54:31" 28.5 45 30 9.2 NA
39 "2022-02-17 07:54:41" 29 45 29.5 9.4 NA
40 "2022-02-17 07:54:51" 29 45 29.5 9.4 NA
41 "2022-02-17 07:55:01" 29.5 45 29 9.6 NA
42 "2022-02-17 07:55:11" 29.5 45 29 9.6 NA
43 "2022-02-17 07:55:21" 29.5 45 28.5 9.3 NA
44 "2022-02-17 07:55:31" 30 45 28 9.5 NA
45 "2022-02-17 07:55:41" 30 45 28 9.5 NA
46 "2022-02-17 07:55:51" 30.5 45 27.5 9.7 NA
47 "2022-02-17 07:56:01" 30.5 45 27.5 9.7 NA
48 "2022-02-17 07:56:11" 30.5 45 27.5 9.7 NA
49 "2022-02-17 07:56:21" 31 45 27 9.8 NA
50 "2022-02-17 07:56:31" 31 45 26.5 9.5 NA
51 "2022-02-17 07:56:41" 31.5 45 26.5 10 NA
52 "2022-02-17 07:56:51" 31.5 45 26.5 10 NA
53 "2022-02-17 07:57:01" 31.5 45 26.5 10 NA
54 "2022-02-17 07:57:11" 32 45 26.5 10.4 NA
55 "2022-02-17 07:57:21" 32 45 26 10.1 NA
56 "2022-02-17 07:57:31" 32 45 25.5 9.8 NA
57 "2022-02-17 07:57:41" 32.5 45 25.5 10.2 NA
58 "2022-02-17 07:57:51" 32.5 45 25.5 10.2 NA
59 "2022-02-17 07:58:01" 32.5 45 25 9.9 NA
60 "2022-02-17 07:58:11" 33 45 25 10.4 NA
61 "2022-02-17 07:58:21" 33 45 24.5 10.1 NA
62 "2022-02-17 07:58:31" 33 45 24.5 10.1 NA
63 "2022-02-17 07:58:41" 33.5 45 24 10.2 NA
64 "2022-02-17 07:58:51" 33.5 45 24.5 10.5 NA
65 "2022-02-17 07:59:01" 33.5 45 24 10.2 NA
66 "2022-02-17 07:59:11" 33.5 45 24 10.2 NA
67 "2022-02-17 07:59:21" 34 45 23.5 10.3 NA
68 "2022-02-17 07:59:31" 34 45 23.5 10.3 NA
69 "2022-02-17 07:59:41" 34 45 23.5 10.3 NA
70 "2022-02-17 07:59:51" 34.5 45 23 10.4 NA
71 "2022-02-17 08:00:01" 34.5 45 23 10.4 NA
72 "2022-02-17 08:00:11" 34.5 45 23 10.4 NA
73 "2022-02-17 08:00:21" 34.5 45 22.5 10 NA
74 "2022-02-17 08:00:31" 35 45 22.5 10.4 NA
75 "2022-02-17 08:00:41" 35 45 22.5 10.4 NA
76 "2022-02-17 08:00:51" 35 45 22.5 10.4 NA
77 "2022-02-17 08:01:01" 35 45 22.5 10.4 NA
78 "2022-02-17 08:01:11" 35.5 45 22 10.5 NA
79 "2022-02-17 08:01:21" 35.5 45 22 10.5 NA
80 "2022-02-17 08:01:31" 35.5 45 22.5 10.9 NA
81 "2022-02-17 08:01:41" 35.5 45 22 10.5 NA
82 "2022-02-17 08:01:51" 35.5 45 22 10.5 NA
83 "2022-02-17 08:02:01" 36 45 21.5 10.6 NA
84 "2022-02-17 08:02:11" 36 45 21.5 10.6 NA
85 "2022-02-17 08:02:21" 36 45 21.5 10.6 NA
86 "2022-02-17 08:02:31" 36 45 21 10.2 NA
87 "2022-02-17 08:02:41" 36 45 21 10.2 NA
88 "2022-02-17 08:02:51" 36.5 45 21 10.6 NA
89 "2022-02-17 08:03:01" 36.5 45 21 10.6 NA
90 "2022-02-17 08:03:11" 36.5 45 21 10.6 NA
91 "2022-02-17 08:03:21" 36.5 45 21 10.6 NA
92 "2022-02-17 08:03:31" 36.5 45 21 10.6 NA
93 "2022-02-17 08:03:41" 37 45 21 11.1 NA
94 "2022-02-17 08:03:51" 37 45 20.5 10.7 NA
95 "2022-02-17 08:04:01" 37 45 20.5 10.7 NA
96 "2022-02-17 08:04:11" 37 45 20.5 10.7 NA
97 "2022-02-17 08:04:21" 37 45 20.5 10.7 NA
98 "2022-02-17 08:04:31" 37 45 20.5 10.7 NA
99 "2022-02-17 08:04:41" 37.5 45 20.5 11.1 NA
100 "2022-02-17 08:04:51" 37.5 45 20 10.7 NA
101 "2022-02-17 08:05:01" 37.5 45 20 10.7 NA
102 "2022-02-17 08:05:11" 37.5 45 20 10.7 NA
103 "2022-02-17 08:05:21" 37.5 45 20 10.7 NA
104 "2022-02-17 08:05:31" 37.5 45 20 10.7 NA
105 "2022-02-17 08:05:41" 37.5 45 20 10.7 NA
106 "2022-02-17 08:05:51" 38 45 20 11.1 NA
107 "2022-02-17 08:06:01" 38 45 20 11.1 NA
108 "2022-02-17 08:06:11" 38 45 20 11.1 NA
109 "2022-02-17 08:06:21" 38 45 20 11.1 NA
110 "2022-02-17 08:06:31" 38 45 20 11.1 NA
111 "2022-02-17 08:06:41" 38 45 19.5 10.8 NA
112 "2022-02-17 08:06:51" 38 45 19.5 10.8 NA
113 "2022-02-17 08:07:01" 38 45 19.5 10.8 NA
114 "2022-02-17 08:07:11" 38.5 45 19.5 11.2 NA
115 "2022-02-17 08:07:21" 38.5 45 19.5 11.2 NA
116 "2022-02-17 08:07:31" 38.5 45 19.5 11.2 NA
117 "2022-02-17 08:07:41" 38.5 45 19.5 11.2 NA
118 "2022-02-17 08:07:51" 38.5 45 19 10.8 NA
119 "2022-02-17 08:08:01" 38.5 45 19 10.8 NA
120 "2022-02-17 08:08:11" 38.5 45 19 10.8 NA
121 "2022-02-17 08:08:21" 38.5 45 19 10.8 NA
122 "2022-02-17 08:08:31" 38.5 45 19 10.8 NA
123 "2022-02-17 08:08:41" 38.5 45 19 10.8 NA
124 "2022-02-17 08:08:51" 39 45 19 11.2 NA
125 "2022-02-17 08:09:01" 39 45 19 11.2 NA
126 "2022-02-17 08:09:11" 39 45 19 11.2 NA
127 "2022-02-17 08:09:21" 39 45 19 11.2 NA
128 "2022-02-17 08:09:31" 39 45 19 11.2 NA
129 "2022-02-17 08:09:41" 39 45 19 11.2 NA
130 "2022-02-17 08:09:51" 39 45 19 11.2 NA
131 "2022-02-17 08:10:01" 39 45 19 11.2 NA
132 "2022-02-17 08:10:11" 39 45 19 11.2 NA
133 "2022-02-17 08:10:21" 39 45 19 11.2 NA
134 "2022-02-17 08:10:31" 39 45 18.5 10.8 NA
135 "2022-02-17 08:10:41" 39 45 19 11.2 NA
136 "2022-02-17 08:10:51" 39.5 45 18.5 11.2 NA
137 "2022-02-17 08:11:01" 39.5 45 18.5 11.2 NA
138 "2022-02-17 08:11:11" 39.5 45 18.5 11.2 NA
139 "2022-02-17 08:11:21" 39.5 45 18.5 11.2 NA
140 "2022-02-17 08:11:31" 39.5 45 18.5 11.2 NA
141 "2022-02-17 08:11:41" 39.5 45 18.5 11.2 NA
142 "2022-02-17 08:11:51" 39.5 45 18.5 11.2 NA
143 "2022-02-17 08:12:01" 39.5 45 18.5 11.2 NA
144 "2022-02-17 08:12:11" 39.5 45 18.5 11.2 NA
145 "2022-02-17 08:12:21" 39.5 45 18.5 11.2 NA
146 "2022-02-17 08:12:31" 39.5 45 18.5 11.2 NA
147 "2022-02-17 08:12:41" 39.5 45 18.5 11.2 NA
148 "2022-02-17 08:12:51" 39.5 45 18.5 11.2 NA
149 "2022-02-17 08:13:01" 39.5 45 18.5 11.2 NA
150 "2022-02-17 08:13:11" 39.5 45 18.5 11.2 NA
151 "2022-02-17 08:13:21" 39.5 45 18.5 11.2 NA
152 "2022-02-17 08:13:31" 40 45 18.5 11.6 NA
153 "2022-02-17 08:13:41" 40 45 18 11.2 NA
154 "2022-02-17 08:13:51" 40 45 18.5 11.6 NA
155 "2022-02-17 08:14:01" 40 45 18 11.2 NA
156 "2022-02-17 08:14:11" 40 45 18 11.2 NA
157 "2022-02-17 08:14:21" 40 45 18 11.2 NA
158 "2022-02-17 08:14:31" 40 45 18 11.2 NA
159 "2022-02-17 08:14:41" 40 45 18 11.2 NA
160 "2022-02-17 08:14:51" 40 45 18 11.2 NA
161 "2022-02-17 08:15:01" 40 45 18 11.2 NA
162 "2022-02-17 08:15:11" 40 45 18 11.2 NA
163 "2022-02-17 08:15:21" 40 45 18 11.2 NA
164 "2022-02-17 08:15:31" 40 45 18 11.2 NA
165 "2022-02-17 08:15:41" 40 45 18 11.2 NA
166 "2022-02-17 08:15:51" 40 45 18 11.2 NA
167 "2022-02-17 08:16:01" 40 45 18 11.2 NA
168 "2022-02-17 08:16:11" 40 45 18 11.2 NA
169 "2022-02-17 08:16:21" 40 45 18 11.2 NA
170 "2022-02-17 08:16:31" 40 45 18 11.2 NA
171 "2022-02-17 08:16:41" 40 45 18 11.2 NA
172 "2022-02-17 08:16:51" 40 45 18 11.2 NA
173 "2022-02-17 08:17:01" 40 45 18 11.2 NA
174 "2022-02-17 08:17:11" 40 45 18 11.2 NA
175 "2022-02-17 08:17:21" 40.5 45 18 11.6 NA
176 "2022-02-17 08:17:31" 40.5 45 18 11.6 NA
177 "2022-02-17 08:17:41" 40.5 45 18 11.6 NA
178 "2022-02-17 08:17:51" 40.5 45 18 11.6 NA
179 "2022-02-17 08:18:01" 40.5 45 18 11.6 NA
180 "2022-02-17 08:18:11" 40.5 45 17.5 11.1 NA
181 "2022-02-17 08:18:21" 40.5 45 17.5 11.1 NA
182 "2022-02-17 08:18:31" 40.5 45 17.5 11.1 NA
183 "2022-02-17 08:18:41" 40.5 45 18 11.6 NA
184 "2022-02-17 08:18:51" 40.5 45 18 11.6 NA
185 "2022-02-17 08:19:01" 40.5 45 18 11.6 NA
186 "2022-02-17 08:19:11" 40.5 45 18 11.6 NA
187 "2022-02-17 08:19:21" 40.5 45 18 11.6 NA
188 "2022-02-17 08:19:31" 40.5 45 18 11.6 NA
189 "2022-02-17 08:19:41" 40.5 45 17.5 11.1 NA
190 "2022-02-17 08:19:51" 40.5 45 17.5 11.1 NA
191 "2022-02-17 08:20:01" 40.5 45 17.5 11.1 NA
192 "2022-02-17 08:20:11" 40.5 45 17.5 11.1 NA
193 "2022-02-17 08:20:21" 40.5 45 17.5 11.1 NA
194 "2022-02-17 08:20:31" 40.5 45 17.5 11.1 NA
195 "2022-02-17 08:20:41" 40.5 45 17.5 11.1 NA
196 "2022-02-17 08:20:51" 40.5 45 18 11.6 NA
197 "2022-02-17 08:21:01" 40.5 45 18.5 12 NA
198 "2022-02-17 08:21:11" 40.5 45 18 11.6 NA
199 "2022-02-17 08:21:21" 40.5 45 18 11.6 NA
200 "2022-02-17 08:21:31" 40.5 45 18.5 12 NA
201 "2022-02-17 08:21:41" 40.5 45 17.5 11.1 NA
202 "2022-02-17 08:21:51" 40.5 45 17.5 11.1 NA
203 "2022-02-17 08:22:01" 40.5 45 18 11.6 NA
204 "2022-02-17 08:22:11" 40.5 45 18 11.6 NA
205 "2022-02-17 08:22:21" 40.5 45 18 11.6 NA
206 "2022-02-17 08:22:31" 40.5 45 18 11.6 NA
207 "2022-02-17 08:22:41" 40.5 45 18 11.6 NA
208 "2022-02-17 08:22:51" 40.5 45 18 11.6 NA
209 "2022-02-17 08:23:01" 40.5 45 17.5 11.1 NA
210 "2022-02-17 08:23:11" 40.5 45 18 11.6 NA
211 "2022-02-17 08:23:21" 40.5 45 18 11.6 NA
212 "2022-02-17 08:23:31" 40.5 45 18.5 12 NA
213 "2022-02-17 08:23:41" 40.5 45 18 11.6 NA
214 "2022-02-17 08:23:51" 40.5 45 18.5 12 NA
215 "2022-02-17 08:24:01" 40.5 45 18.5 12 NA
216 "2022-02-17 08:24:11" 40.5 45 17.5 11.1 NA
217 "2022-02-17 08:24:21" 40.5 45 17.5 11.1 NA
218 "2022-02-17 08:24:31" 40.5 45 18 11.6 NA
219 "2022-02-17 08:24:41" 40.5 45 17.5 11.1 NA
220 "2022-02-17 08:24:51" 40.5 45 18 11.6 NA
221 "2022-02-17 08:25:01" 40.5 45 18.5 12 NA
222 "2022-02-17 08:25:11" 40.5 45 17.5 11.1 NA
223 "2022-02-17 08:25:21" 40.5 45 17.5 11.1 NA
224 "2022-02-17 08:25:31" 40.5 45 17.5 11.1 NA
225 "2022-02-17 08:25:41" 40.5 45 17.5 11.1 NA
226 "2022-02-17 08:25:51" 40.5 45 17.5 11.1 NA
227 "2022-02-17 08:26:01" 40.5 45 17.5 11.1 NA
228 "2022-02-17 08:26:11" 40.5 45 17.5 11.1 NA
229 "2022-02-17 08:26:21" 40.5 45 17.5 11.1 NA
230 "2022-02-17 08:26:31" 40.5 45 17.5 11.1 NA
231 "2022-02-17 08:26:41" 40.5 45 18 11.6 NA
232 "2022-02-17 08:26:51" 40.5 45 17.5 11.1 NA
233 "2022-02-17 08:27:01" 41 45 17.5 11.5 NA
234 "2022-02-17 08:27:11" 41 45 18 12 NA
235 "2022-02-17 08:27:21" 41 45 17.5 11.5 NA
236 "2022-02-17 08:27:31" 41 45 17.5 11.5 NA
237 "2022-02-17 08:27:41" 41 45 17.5 11.5 NA
238 "2022-02-17 08:27:51" 41 45 17.5 11.5 NA
239 "2022-02-17 08:28:01" 41 45 17.5 11.5 NA
240 "2022-02-17 08:28:11" 41 45 17.5 11.5 NA
241 "2022-02-17 08:28:21" 41 45 17.5 11.5 NA
242 "2022-02-17 08:28:31" 41 45 17.5 11.5 NA
243 "2022-02-17 08:28:41" 41 45 17.5 11.5 NA
244 "2022-02-17 08:28:51" 41 45 17 11.1 NA
245 "2022-02-17 08:29:01" 41 45 17.5 11.5 NA
246 "2022-02-17 08:29:11" 41 45 17.5 11.5 NA
247 "2022-02-17 08:29:21" 41 45 17.5 11.5 NA
248 "2022-02-17 08:29:31" 41 45 17.5 11.5 NA
249 "2022-02-17 08:29:41" 41 45 17.5 11.5 NA
250 "2022-02-17 08:29:51" 41 45 17.5 11.5 NA
251 "2022-02-17 08:30:01" 41 45 17 11.1 NA
252 "2022-02-17 08:30:11" 41 45 17 11.1 NA
253 "2022-02-17 08:30:21" 41 45 17 11.1 NA
254 "2022-02-17 08:30:31" 41 45 17.5 11.5 NA
255 "2022-02-17 08:30:41" 41 45 17 11.1 NA
256 "2022-02-17 08:30:51" 41 45 17 11.1 NA
257 "2022-02-17 08:31:01" 41 45 17.5 11.5 NA
258 "2022-02-17 08:31:11" 41 45 17 11.1 NA
259 "2022-02-17 08:31:21" 41 45 17 11.1 NA
260 "2022-02-17 08:31:31" 41 45 17 11.1 NA
261 "2022-02-17 08:31:41" 41 45 17 11.1 NA
262 "2022-02-17 08:31:51" 41 45 17 11.1 NA
263 "2022-02-17 08:32:01" 41 45 17.5 11.5 NA
264 "2022-02-17 08:32:11" 41 45 17 11.1 NA
265 "2022-02-17 08:32:21" 41 45 17 11.1 NA
266 "2022-02-17 08:32:31" 41 45 17 11.1 NA
267 "2022-02-17 08:32:41" 41 45 17 11.1 NA
268 "2022-02-17 08:32:51" 41 45 17 11.1 NA
269 "2022-02-17 08:33:01" 41 45 17 11.1 NA
270 "2022-02-17 08:33:11" 41 45 17 11.1 NA
271 "2022-02-17 08:33:21" 41 45 17 11.1 NA
272 "2022-02-17 08:33:31" 41 45 17 11.1 NA
273 "2022-02-17 08:33:41" 41 45 17 11.1 NA
274 "2022-02-17 08:33:51" 41 45 17 11.1 NA
275 "2022-02-17 08:34:01" 41 45 17 11.1 NA
276 "2022-02-17 08:34:11" 41 45 17 11.1 NA
277 "2022-02-17 08:34:21" 41 45 17 11.1 NA
278 "2022-02-17 08:34:31" 41 45 17 11.1 NA
279 "2022-02-17 08:34:41" 41 45 17 11.1 NA
280 "2022-02-17 08:34:51" 41 45 17 11.1 NA
281 "2022-02-17 08:35:01" 41 45 17 11.1 NA
282 "2022-02-17 08:35:11" 41 45 17 11.1 NA
283 "2022-02-17 08:35:21" 41 45 17 11.1 NA
284 "2022-02-17 08:35:31" 41 45 17 11.1 NA
285 "2022-02-17 08:35:41" 41 45 17 11.1 NA
286 "2022-02-17 08:35:51" 41.5 45 17 11.5 NA
287 "2022-02-17 08:36:01" 41.5 45 17 11.5 NA
288 "2022-02-17 08:36:11" 41.5 45 17 11.5 NA
289 "2022-02-17 08:36:21" 41.5 45 17 11.5 NA
290 "2022-02-17 08:36:31" 41.5 45 16.5 11.1 NA
291 "2022-02-17 08:36:41" 41.5 45 16.5 11.1 NA
292 "2022-02-17 08:36:51" 41.5 45 17 11.5 NA
293 "2022-02-17 08:37:01" 41.5 45 16.5 11.1 NA
294 "2022-02-17 08:37:11" 41.5 45 16.5 11.1 NA
295 "2022-02-17 08:37:21" 41.5 45 17 11.5 NA
296 "2022-02-17 08:37:31" 41.5 45 17 11.5 NA
297 "2022-02-17 08:37:41" 41.5 45 16.5 11.1 NA
298 "2022-02-17 08:37:51" 41.5 45 17 11.5 NA
299 "2022-02-17 08:38:01" 41.5 45 16.5 11.1 NA
300 "2022-02-17 08:38:11" 41.5 45 17 11.5 NA
301 "2022-02-17 08:38:21" 41.5 45 16.5 11.1 NA
302 "2022-02-17 08:38:31" 41.5 45 16.5 11.1 NA
303 "2022-02-17 08:38:41" 41.5 45 17 11.5 NA
304 "2022-02-17 08:38:51" 41.5 45 16.5 11.1 NA
305 "2022-02-17 08:39:01" 41.5 45 16.5 11.1 NA
306 "2022-02-17 08:39:11" 41.5 45 16.5 11.1 NA
307 "2022-02-17 08:39:21" 41.5 45 16.5 11.1 NA
308 "2022-02-17 08:39:31" 41.5 45 16.5 11.1 NA
309 "2022-02-17 08:39:41" 41.5 45 16.5 11.1 NA
310 "2022-02-17 08:39:51" 41.5 45 16.5 11.1 NA
311 "2022-02-17 08:40:01" 41.5 45 16.5 11.1 NA
312 "2022-02-17 08:40:11" 41.5 45 16.5 11.1 NA
313 "2022-02-17 08:40:21" 41.5 45 16.5 11.1 NA
314 "2022-02-17 08:40:31" 41.5 45 16.5 11.1 NA
315 "2022-02-17 08:40:41" 41.5 45 16.5 11.1 NA
316 "2022-02-17 08:40:51" 41.5 45 16.5 11.1 NA
317 "2022-02-17 08:41:01" 41.5 45 16.5 11.1 NA
318 "2022-02-17 08:41:11" 41.5 45 16.5 11.1 NA
319 "2022-02-17 08:41:21" 41.5 45 16.5 11.1 NA
320 "2022-02-17 08:41:31" 41.5 45 16.5 11.1 NA
321 "2022-02-17 08:41:41" 41.5 45 16.5 11.1 NA
322 "2022-02-17 08:41:51" 41.5 45 16.5 11.1 NA
323 "2022-02-17 08:42:01" 41.5 45 16.5 11.1 NA
324 "2022-02-17 08:42:11" 41.5 45 16.5 11.1 NA
325 "2022-02-17 08:42:21" 41.5 45 16.5 11.1 NA
326 "2022-02-17 08:42:31" 41.5 45 16.5 11.1 NA
327 "2022-02-17 08:42:41" 41.5 45 16.5 11.1 NA
328 "2022-02-17 08:42:51" 41.5 45 16.5 11.1 NA
329 "2022-02-17 08:43:01" 41.5 45 16.5 11.1 NA
330 "2022-02-17 08:43:11" 41.5 45 16.5 11.1 NA
331 "2022-02-17 08:43:21" 41.5 45 16.5 11.1 NA
332 "2022-02-17 08:43:31" 41.5 45 16.5 11.1 NA
333 "2022-02-17 08:43:41" 41.5 45 16.5 11.1 NA
334 "2022-02-17 08:43:51" 41.5 45 16.5 11.1 NA
335 "2022-02-17 08:44:01" 41.5 45 16.5 11.1 NA
336 "2022-02-17 08:44:11" 41.5 45 16.5 11.1 NA
337 "2022-02-17 08:44:21" 41.5 45 16.5 11.1 NA
338 "2022-02-17 08:44:31" 41.5 45 16.5 11.1 NA
339 "2022-02-17 08:44:41" 41.5 45 16.5 11.1 NA
340 "2022-02-17 08:44:51" 41.5 45 16.5 11.1 NA
341 "2022-02-17 08:45:01" 41.5 45 16.5 11.1 NA
342 "2022-02-17 08:45:11" 41.5 45 16.5 11.1 NA
343 "2022-02-17 08:45:21" 41.5 45 16.5 11.1 NA
344 "2022-02-17 08:45:31" 41.5 45 16.5 11.1 NA
345 "2022-02-17 08:45:41" 41.5 45 16.5 11.1 NA
346 "2022-02-17 08:45:51" 41.5 45 16.5 11.1 NA
347 "2022-02-17 08:46:01" 41.5 45 16.5 11.1 NA
348 "2022-02-17 08:46:11" 41.5 45 16.5 11.1 NA
349 "2022-02-17 08:46:21" 41.5 45 16.5 11.1 NA
350 "2022-02-17 08:46:31" 41.5 45 16.5 11.1 NA
351 "2022-02-17 08:46:41" 41.5 45 16.5 11.1 NA
352 "2022-02-17 08:46:51" 41.5 45 16.5 11.1 NA
353 "2022-02-17 08:47:01" 41 45 16.5 10.7 NA
354 "2022-02-17 08:47:11" 41 45 16.5 10.7 NA
355 "2022-02-17 08:47:21" 41 45 16.5 10.7 NA
356 "2022-02-17 08:47:31" 41 45 16.5 10.7 NA
357 "2022-02-17 08:47:41" 41 45 16.5 10.7 NA
358 "2022-02-17 08:47:51" 41 45 16.5 10.7 NA
359 "2022-02-17 08:48:01" 41 45 16.5 10.7 NA
360 "2022-02-17 08:48:11" 41 45 16.5 10.7 NA
361 "2022-02-17 08:48:21" 41 45 16.5 10.7 NA
362 "2022-02-17 08:48:31" 41 45 16.5 10.7 NA
363 "2022-02-17 08:48:41" 41 45 16.5 10.7 NA
364 "2022-02-17 08:48:51" 41 45 16.5 10.7 NA
365 "2022-02-17 08:49:01" 41 45 17 11.1 NA
366 "2022-02-17 08:49:11" 41 45 16.5 10.7 NA
367 "2022-02-17 08:49:21" 41 45 16.5 10.7 NA
368 "2022-02-17 08:49:31" 41 45 16.5 10.7 NA
369 "2022-02-17 08:49:41" 41 45 16.5 10.7 NA
370 "2022-02-17 08:49:51" 41 45 16.5 10.7 NA
371 "2022-02-17 08:50:01" 41 45 16.5 10.7 NA
372 "2022-02-17 08:50:11" 41 45 16.5 10.7 NA
373 "2022-02-17 08:50:21" 41 45 16.5 10.7 NA
374 "2022-02-17 08:50:31" 41 45 16.5 10.7 NA
375 "2022-02-17 08:50:41" 41 45 16.5 10.7 NA
376 "2022-02-17 08:50:51" 41 45 16.5 10.7 NA
377 "2022-02-17 08:51:01" 41 45 17 11.1 NA
378 "2022-02-17 08:51:11" 41 45 17 11.1 NA
379 "2022-02-17 08:51:21" 41 45 16.5 10.7 NA
380 "2022-02-17 08:51:31" 41 45 17 11.1 NA
381 "2022-02-17 08:51:41" 41 45 17 11.1 NA
382 "2022-02-17 08:51:51" 41 45 16.5 10.7 NA
383 "2022-02-17 08:52:01" 41 45 16.5 10.7 NA
384 "2022-02-17 08:52:11" 41 45 16.5 10.7 NA
385 "2022-02-17 08:52:21" 41 45 16.5 10.7 NA
386 "2022-02-17 08:52:31" 41 45 16.5 10.7 NA
387 "2022-02-17 08:52:41" 41 45 16.5 10.7 NA
388 "2022-02-17 08:52:51" 41 45 16.5 10.7 NA
389 "2022-02-17 08:53:01" 41 45 16.5 10.7 NA
390 "2022-02-17 08:53:11" 41 45 16.5 10.7 NA
391 "2022-02-17 08:53:21" 41 45 16.5 10.7 NA
392 "2022-02-17 08:53:31" 41 45 16.5 10.7 NA
393 "2022-02-17 08:53:41" 41 45 17 11.1 NA
394 "2022-02-17 08:53:51" 41 45 16.5 10.7 NA
395 "2022-02-17 08:54:01" 41 45 16.5 10.7 NA
396 "2022-02-17 08:54:11" 41 45 16.5 10.7 NA
397 "2022-02-17 08:54:21" 41 45 16.5 10.7 NA
398 "2022-02-17 08:54:31" 41 45 16.5 10.7 NA
399 "2022-02-17 08:54:41" 41 45 16.5 10.7 NA
400 "2022-02-17 08:54:51" 41 45 16.5 10.7 NA
401 "2022-02-17 08:55:01" 41 45 16.5 10.7 NA
402 "2022-02-17 08:55:11" 41 45 16.5 10.7 NA
403 "2022-02-17 08:55:21" 41 45 17 11.1 NA
404 "2022-02-17 08:55:31" 41 45 17 11.1 NA
405 "2022-02-17 08:55:41" 41 45 16.5 10.7 NA
406 "2022-02-17 08:55:51" 41 45 16.5 10.7 NA
407 "2022-02-17 08:56:01" 41 45 16.5 10.7 NA
408 "2022-02-17 08:56:11" 41 45 17 11.1 NA
409 "2022-02-17 08:56:21" 41 45 17 11.1 NA
410 "2022-02-17 08:56:31" 41 45 16.5 10.7 NA
411 "2022-02-17 08:56:41" 41 45 16.5 10.7 NA
412 "2022-02-17 08:56:51" 41 45 17 11.1 NA
413 "2022-02-17 08:57:01" 41 45 16.5 10.7 NA
414 "2022-02-17 08:57:11" 41 45 17 11.1 NA
415 "2022-02-17 08:57:21" 41 45 16.5 10.7 NA
416 "2022-02-17 08:57:31" 41 45 16.5 10.7 NA
417 "2022-02-17 08:57:41" 41 45 16.5 10.7 NA
418 "2022-02-17 08:57:51" 41 45 16.5 10.7 NA
419 "2022-02-17 08:58:01" 41 45 16.5 10.7 NA
420 "2022-02-17 08:58:11" 41 45 16.5 10.7 NA
421 "2022-02-17 08:58:21" 41 45 16.5 10.7 NA
422 "2022-02-17 08:58:31" 41 45 16.5 10.7 NA
423 "2022-02-17 08:58:41" 41 45 16.5 10.7 NA
424 "2022-02-17 08:58:51" 41 45 16.5 10.7 NA
425 "2022-02-17 08:59:01" 41 45 16.5 10.7 NA
426 "2022-02-17 08:59:11" 41 45 16.5 10.7 NA
427 "2022-02-17 08:59:21" 41 45 16.5 10.7 NA
428 "2022-02-17 08:59:31" 41 45 16.5 10.7 NA
429 "2022-02-17 08:59:41" 41 45 16.5 10.7 NA
430 "2022-02-17 08:59:51" 41 45 16.5 10.7 NA
431 "2022-02-17 09:00:01" 41 45 16.5 10.7 NA
432 "2022-02-17 09:00:11" 41 45 16.5 10.7 NA
433 "2022-02-17 09:00:21" 41 45 16.5 10.7 NA
434 "2022-02-17 09:00:31" 41 45 16.5 10.7 NA
435 "2022-02-17 09:00:41" 41 45 16.5 10.7 NA
436 "2022-02-17 09:00:51" 41 45 16.5 10.7 NA
437 "2022-02-17 09:01:01" 41 45 16.5 10.7 NA
438 "2022-02-17 09:01:11" 41 45 16.5 10.7 NA
439 "2022-02-17 09:01:21" 41 45 16.5 10.7 NA
440 "2022-02-17 09:01:31" 41 45 16.5 10.7 NA
441 "2022-02-17 09:01:41" 41 45 16.5 10.7 NA
442 "2022-02-17 09:01:51" 41 45 16.5 10.7 NA
443 "2022-02-17 09:02:01" 41 45 16.5 10.7 NA
444 "2022-02-17 09:02:11" 41 45 16.5 10.7 NA
445 "2022-02-17 09:02:21" 41 45 16.5 10.7 NA
446 "2022-02-17 09:02:31" 41 45 16.5 10.7 NA
447 "2022-02-17 09:02:41" 41 45 16.5 10.7 NA
448 "2022-02-17 09:02:51" 41 45 16.5 10.7 NA
449 "2022-02-17 09:03:01" 41 45 16.5 10.7 NA
450 "2022-02-17 09:03:11" 41 45 16.5 10.7 NA
451 "2022-02-17 09:03:21" 41 45 16.5 10.7 NA
452 "2022-02-17 09:03:31" 41 45 16.5 10.7 NA
453 "2022-02-17 09:03:41" 41 45 16.5 10.7 NA
454 "2022-02-17 09:03:51" 41 45 16.5 10.7 NA
455 "2022-02-17 09:04:01" 41 45 16.5 10.7 NA
456 "2022-02-17 09:04:11" 41 45 16.5 10.7 NA
457 "2022-02-17 09:04:21" 41 45 16.5 10.7 NA
458 "2022-02-17 09:04:31" 41 45 16.5 10.7 NA
459 "2022-02-17 09:04:41" 41 45 16.5 10.7 NA
460 "2022-02-17 09:04:51" 41 45 16.5 10.7 NA
461 "2022-02-17 09:05:01" 41 45 16.5 10.7 NA
462 "2022-02-17 09:05:11" 41 45 16.5 10.7 NA
463 "2022-02-17 09:05:21" 41 45 16.5 10.7 NA
464 "2022-02-17 09:05:31" 41 45 16.5 10.7 NA
465 "2022-02-17 09:05:41" 41 45 16.5 10.7 NA
466 "2022-02-17 09:05:51" 41 45 16.5 10.7 NA
467 "2022-02-17 09:06:01" 41 45 16.5 10.7 NA
468 "2022-02-17 09:06:11" 41 45 16.5 10.7 NA
469 "2022-02-17 09:06:21" 41 45 16.5 10.7 NA
470 "2022-02-17 09:06:31" 41 45 16.5 10.7 NA
471 "2022-02-17 09:06:41" 41 45 16.5 10.7 NA
472 "2022-02-17 09:06:51" 41 45 16.5 10.7 NA
473 "2022-02-17 09:07:01" 41 45 16.5 10.7 NA
474 "2022-02-17 09:07:11" 41 45 16.5 10.7 NA
475 "2022-02-17 09:07:21" 41 45 16.5 10.7 NA
476 "2022-02-17 09:07:31" 41 45 16.5 10.7 NA
477 "2022-02-17 09:07:41" 41 45 16.5 10.7 NA
478 "2022-02-17 09:07:51" 41 45 16.5 10.7 NA
479 "2022-02-17 09:08:01" 41 45 16.5 10.7 NA
480 "2022-02-17 09:08:11" 41 45 16.5 10.7 NA
481 "2022-02-17 09:08:21" 41 45 16.5 10.7 NA
482 "2022-02-17 09:08:31" 41 45 16.5 10.7 NA
483 "2022-02-17 09:08:41" 41 45 16.5 10.7 NA
484 "2022-02-17 09:08:51" 41 45 16.5 10.7 NA
485 "2022-02-17 09:09:01" 41 45 17 11.1 NA
486 "2022-02-17 09:09:11" 41 45 16.5 10.7 NA
487 "2022-02-17 09:09:21" 41 45 16.5 10.7 NA
488 "2022-02-17 09:09:31" 41 45 17 11.1 NA
489 "2022-02-17 09:09:41" 41 45 16.5 10.7 NA
490 "2022-02-17 09:09:51" 41 45 16.5 10.7 NA
491 "2022-02-17 09:10:01" 41 45 17 11.1 NA
492 "2022-02-17 09:10:11" 41 45 17 11.1 NA
493 "2022-02-17 09:10:21" 41 45 17 11.1 NA
494 "2022-02-17 09:10:31" 41 45 17 11.1 NA
495 "2022-02-17 09:10:41" 41 45 17 11.1 NA
496 "2022-02-17 09:10:51" 41 45 16.5 10.7 NA
497 "2022-02-17 09:11:01" 41 45 16.5 10.7 NA
498 "2022-02-17 09:11:11" 41 45 17 11.1 NA
499 "2022-02-17 09:11:21" 41 45 17 11.1 NA
500 "2022-02-17 09:11:31" 41 45 17 11.1 NA
501 "2022-02-17 09:11:41" 41 45 16.5 10.7 NA
502 "2022-02-17 09:11:51" 41 45 17 11.1 NA
503 "2022-02-17 09:12:01" 41 45 17 11.1 NA
504 "2022-02-17 09:12:11" 41 45 17 11.1 NA
505 "2022-02-17 09:12:21" 41 45 17 11.1 NA
506 "2022-02-17 09:12:31" 41 45 17 11.1 NA
507 "2022-02-17 09:12:41" 41 45 16.5 10.7 NA
508 "2022-02-17 09:12:51" 41 45 17 11.1 NA
509 "2022-02-17 09:13:01" 41 45 17 11.1 NA
510 "2022-02-17 09:13:11" 41 45 17 11.1 NA
511 "2022-02-17 09:13:21" 41 45 17 11.1 NA
512 "2022-02-17 09:13:31" 41 45 17 11.1 NA
513 "2022-02-17 09:13:41" 41 45 17 11.1 NA
514 "2022-02-17 09:13:51" 41 45 17 11.1 NA
515 "2022-02-17 09:14:01" 41 45 17 11.1 NA
516 "2022-02-17 09:14:11" 41 45 17 11.1 NA
517 "2022-02-17 09:14:21" 41 45 17 11.1 NA
518 "2022-02-17 09:14:31" 41 45 17 11.1 NA
519 "2022-02-17 09:14:41" 41 45 17 11.1 NA
520 "2022-02-17 09:14:51" 41 45 17 11.1 NA
521 "2022-02-17 09:15:01" 41 45 17 11.1 NA
522 "2022-02-17 09:15:11" 41 45 17 11.1 NA
523 "2022-02-17 09:15:21" 41 45 17 11.1 NA
524 "2022-02-17 09:15:31" 41 45 17 11.1 NA
525 "2022-02-17 09:15:41" 40.5 45 17 10.7 NA
526 "2022-02-17 09:15:51" 40.5 45 17 10.7 NA
527 "2022-02-17 09:16:01" 40.5 45 17 10.7 NA
528 "2022-02-17 09:16:11" 40.5 45 17 10.7 NA
529 "2022-02-17 09:16:21" 40.5 45 17 10.7 NA
530 "2022-02-17 09:16:31" 40.5 45 17 10.7 NA
531 "2022-02-17 09:16:41" 40.5 45 17 10.7 NA
532 "2022-02-17 09:16:51" 40.5 45 17 10.7 NA
533 "2022-02-17 09:17:01" 40.5 45 17 10.7 NA
534 "2022-02-17 09:17:11" 40.5 45 17 10.7 NA
535 "2022-02-17 09:17:21" 40.5 45 17 10.7 NA
536 "2022-02-17 09:17:31" 40.5 45 17 10.7 NA
537 "2022-02-17 09:17:41" 40.5 45 17 10.7 NA
538 "2022-02-17 09:17:51" 40 45 17 10.3 NA
539 "2022-02-17 09:18:01" 40 45 17 10.3 NA
540 "2022-02-17 09:18:11" 40 45 17 10.3 NA
541 "2022-02-17 09:18:21" 40 45 17 10.3 NA
542 "2022-02-17 09:18:31" 40 45 17.5 10.7 NA
543 "2022-02-17 09:18:41" 40 45 17.5 10.7 NA
544 "2022-02-17 09:18:51" 40 45 17.5 10.7 NA
545 "2022-02-17 09:19:01" 40 45 17.5 10.7 NA
546 "2022-02-17 09:19:11" 40 45 17.5 10.7 NA
547 "2022-02-17 09:19:21" 40 45 17.5 10.7 NA
548 "2022-02-17 09:19:31" 39.5 45 17.5 10.3 NA
549 "2022-02-17 09:19:41" 39.5 45 17.5 10.3 NA
550 "2022-02-17 09:19:51" 39.5 45 17.5 10.3 NA
551 "2022-02-17 09:20:01" 39.5 45 17.5 10.3 NA
552 "2022-02-17 09:20:11" 39.5 45 17.5 10.3 NA
553 "2022-02-17 09:20:21" 39.5 45 17.5 10.3 NA
554 "2022-02-17 09:20:31" 39.5 45 17.5 10.3 NA
555 "2022-02-17 09:20:41" 39.5 45 18 10.8 NA
556 "2022-02-17 09:20:51" 39 45 18 10.4 NA
557 "2022-02-17 09:21:01" 39 45 18 10.4 NA
558 "2022-02-17 09:21:11" 39 45 18 10.4 NA
559 "2022-02-17 09:21:21" 39 45 18 10.4 NA
560 "2022-02-17 09:21:31" 39 45 18 10.4 NA
561 "2022-02-17 09:21:41" 39 45 18 10.4 NA
562 "2022-02-17 09:21:51" 39 45 18 10.4 NA
563 "2022-02-17 09:22:01" 38.5 45 18 10 NA
564 "2022-02-17 09:22:11" 38.5 45 18 10 NA
565 "2022-02-17 09:22:21" 38.5 45 18.5 10.4 NA
566 "2022-02-17 09:22:31" 38.5 45 18.5 10.4 NA
567 "2022-02-17 09:22:41" 38.5 45 18.5 10.4 NA
568 "2022-02-17 09:22:51" 38.5 45 18.5 10.4 NA
569 "2022-02-17 09:23:01" 38.5 45 18.5 10.4 NA
570 "2022-02-17 09:23:11" 38.5 45 18.5 10.4 NA
571 "2022-02-17 09:23:21" 38 45 18.5 10 NA
572 "2022-02-17 09:23:31" 38 45 18.5 10 NA
573 "2022-02-17 09:23:41" 38 45 18.5 10 NA
574 "2022-02-17 09:23:51" 38 45 18.5 10 NA
575 "2022-02-17 09:24:01" 38 45 18.5 10 NA
576 "2022-02-17 09:24:11" 38 45 19 10.4 NA
577 "2022-02-17 09:24:21" 38 45 19 10.4 NA
578 "2022-02-17 09:24:31" 38 45 19 10.4 NA
579 "2022-02-17 09:24:41" 37.5 45 19 10 NA
580 "2022-02-17 09:24:51" 37.5 45 19 10 NA
581 "2022-02-17 09:25:01" 37.5 45 19 10 NA
582 "2022-02-17 09:25:11" 37.5 45 19 10 NA
583 "2022-02-17 09:25:21" 37.5 45 19 10 NA
584 "2022-02-17 09:25:31" 37.5 45 19.5 10.4 NA
585 "2022-02-17 09:25:41" 37.5 45 19.5 10.4 NA
586 "2022-02-17 09:25:51" 37.5 45 19.5 10.4 NA
587 "2022-02-17 09:26:01" 37 45 19.5 9.9 NA
588 "2022-02-17 09:26:11" 37 45 19.5 9.9 NA
589 "2022-02-17 09:26:21" 37 45 19.5 9.9 NA
590 "2022-02-17 09:26:31" 37 45 19.5 9.9 NA
591 "2022-02-17 09:26:41" 37 45 19.5 9.9 NA
592 "2022-02-17 09:26:51" 37 45 19.5 9.9 NA
593 "2022-02-17 09:27:01" 37 45 19.5 9.9 NA
594 "2022-02-17 09:27:11" 37 45 19.5 9.9 NA
595 "2022-02-17 09:27:21" 36.5 45 19.5 9.5 NA
596 "2022-02-17 09:27:31" 36.5 45 20 9.9 NA
597 "2022-02-17 09:27:41" 36.5 45 20 9.9 NA
598 "2022-02-17 09:27:51" 36.5 45 20 9.9 NA
599 "2022-02-17 09:28:01" 36.5 45 20 9.9 NA
600 "2022-02-17 09:28:11" 36.5 45 20 9.9 NA
601 "2022-02-17 09:28:21" 36.5 45 20 9.9 NA
602 "2022-02-17 09:28:31" 36.5 45 20 9.9 NA
603 "2022-02-17 09:28:41" 36 45 20 9.5 NA
604 "2022-02-17 09:28:51" 36 45 20 9.5 NA
605 "2022-02-17 09:29:01" 36 45 20 9.5 NA
606 "2022-02-17 09:29:11" 36 45 20.5 9.9 NA
607 "2022-02-17 09:29:21" 36 45 20.5 9.9 NA
608 "2022-02-17 09:29:31" 36 45 20.5 9.9 NA
609 "2022-02-17 09:29:41" 36 45 20.5 9.9 NA
610 "2022-02-17 09:29:51" 36 45 20.5 9.9 NA
611 "2022-02-17 09:30:01" 36 45 20.5 9.9 NA
612 "2022-02-17 09:30:11" 36 45 20.5 9.9 NA
613 "2022-02-17 09:30:21" 35.5 45 20.5 9.5 NA
614 "2022-02-17 09:30:31" 35.5 45 20.5 9.5 NA
615 "2022-02-17 09:30:41" 35.5 45 20.5 9.5 NA
616 "2022-02-17 09:30:51" 35.5 45 20.5 9.5 NA
617 "2022-02-17 09:31:01" 35.5 45 20.5 9.5 NA
618 "2022-02-17 09:31:11" 35.5 45 21 9.8 NA
619 "2022-02-17 09:31:21" 35.5 45 21 9.8 NA
620 "2022-02-17 09:31:31" 35.5 45 21 9.8 NA
621 "2022-02-17 09:31:41" 35.5 45 21 9.8 NA
622 "2022-02-17 09:31:51" 35.5 45 21 9.8 NA
623 "2022-02-17 09:32:01" 35 45 21 9.4 NA
624 "2022-02-17 09:32:11" 35 45 21 9.4 NA
625 "2022-02-17 09:32:21" 35 45 21 9.4 NA
626 "2022-02-17 09:32:31" 35 45 21 9.4 NA
627 "2022-02-17 09:32:41" 35 45 21 9.4 NA
628 "2022-02-17 09:32:51" 35 45 21 9.4 NA
629 "2022-02-17 09:33:01" 35 45 21.5 9.8 NA
630 "2022-02-17 09:33:11" 35 45 21.5 9.8 NA
631 "2022-02-17 09:33:21" 35 45 25.5 12.3 NA
632 "2022-02-17 09:33:31" 35 45 33 16.3 NA
633 "2022-02-17 09:33:41" 34.5 45 23.5 10.7 NA
634 "2022-02-17 09:33:51" 34.5 45 22.5 10 NA
