"V1" "V2" "V3" "V4" "V5" "V6" "V7"
1 "2022-02-01 07:52:19" 22 45 18 -3.4 10045488
2 "2022-02-01 07:52:29" 22.5 45 18 -3 NA
3 "2022-02-01 07:52:39" 22.5 45 21 -0.9 NA
4 "2022-02-01 07:52:49" 22.5 45 21.5 -0.6 NA
5 "2022-02-01 07:52:59" 22.5 45 19 -2.2 NA
6 "2022-02-01 07:53:09" 22.5 45 19 -2.2 NA
7 "2022-02-01 07:53:19" 23 45 18.5 -2.2 NA
8 "2022-02-01 07:53:29" 23 45 18 -2.6 NA
9 "2022-02-01 07:53:39" 23 45 18 -2.6 NA
10 "2022-02-01 07:53:49" 23 45 18 -2.6 NA
11 "2022-02-01 07:53:59" 23 45 18 -2.6 NA
12 "2022-02-01 07:54:09" 23.5 45 18 -2.2 NA
13 "2022-02-01 07:54:19" 23.5 45 17.5 -2.5 NA
14 "2022-02-01 07:54:29" 23.5 45 17.5 -2.5 NA
15 "2022-02-01 07:54:39" 23.5 45 17.5 -2.5 NA
16 "2022-02-01 07:54:49" 23.5 45 17.5 -2.5 NA
17 "2022-02-01 07:54:59" 23.5 45 18 -2.2 NA
18 "2022-02-01 07:55:09" 23.5 45 18 -2.2 NA
19 "2022-02-01 07:55:19" 23.5 45 18 -2.2 NA
20 "2022-02-01 07:55:29" 23.5 45 17.5 -2.5 NA
21 "2022-02-01 07:55:39" 23.5 45 17.5 -2.5 NA
22 "2022-02-01 07:55:49" 23.5 45 21 -0.1 NA
23 "2022-02-01 07:55:59" 23.5 45 19 -1.4 NA
24 "2022-02-01 07:56:09" 23.5 45 18 -2.2 NA
25 "2022-02-01 07:56:19" 23.5 45 17.5 -2.5 NA
26 "2022-02-01 07:56:29" 23.5 45 17.5 -2.5 NA
27 "2022-02-01 07:56:39" 23.5 45 18.5 -1.8 NA
28 "2022-02-01 07:56:49" 23.5 45 18 -2.2 NA
29 "2022-02-01 07:56:59" 23.5 45 18 -2.2 NA
30 "2022-02-01 07:57:09" 23.5 45 18 -2.2 NA
31 "2022-02-01 07:57:19" 23.5 45 18 -2.2 NA
32 "2022-02-01 07:57:29" 24 45 18 -1.8 NA
33 "2022-02-01 07:57:39" 24 45 18 -1.8 NA
34 "2022-02-01 07:57:49" 24 45 18.5 -1.4 NA
35 "2022-02-01 07:57:59" 24 45 18.5 -1.4 NA
36 "2022-02-01 07:58:09" 24.5 45 18 -1.3 NA
37 "2022-02-01 07:58:19" 24.5 45 17.5 -1.7 NA
38 "2022-02-01 07:58:29" 24.5 45 17.5 -1.7 NA
39 "2022-02-01 07:58:39" 25 45 18.5 -0.6 NA
40 "2022-02-01 07:58:49" 25 45 18.5 -0.6 NA
41 "2022-02-01 07:58:59" 25 45 18.5 -0.6 NA
42 "2022-02-01 07:59:09" 25.5 45 18 -0.5 NA
43 "2022-02-01 07:59:19" 25.5 45 17.5 -0.9 NA
44 "2022-02-01 07:59:29" 25.5 45 17 -1.3 NA
45 "2022-02-01 07:59:39" 26 45 17.5 -0.5 NA
46 "2022-02-01 07:59:49" 26 45 16.5 -1.3 NA
47 "2022-02-01 07:59:59" 26 45 16.5 -1.3 NA
48 "2022-02-01 08:00:09" 26.5 45 16 -1.3 NA
49 "2022-02-01 08:00:19" 26.5 45 16 -1.3 NA
50 "2022-02-01 08:00:29" 26.5 45 16 -1.3 NA
51 "2022-02-01 08:00:39" 27 45 16 -0.9 NA
52 "2022-02-01 08:00:49" 27 45 16 -0.9 NA
53 "2022-02-01 08:00:59" 27 45 16 -0.9 NA
54 "2022-02-01 08:01:09" 27.5 45 15.5 -1 NA
55 "2022-02-01 08:01:19" 27.5 45 15.5 -1 NA
56 "2022-02-01 08:01:29" 27.5 45 15.5 -1 NA
57 "2022-02-01 08:01:39" 28 45 15.5 -0.6 NA
58 "2022-02-01 08:01:49" 28 45 15.5 -0.6 NA
59 "2022-02-01 08:01:59" 28 45 15 -1 NA
60 "2022-02-01 08:02:09" 28.5 45 15 -0.6 NA
61 "2022-02-01 08:02:19" 28.5 45 16 0.3 NA
62 "2022-02-01 08:02:29" 28.5 45 15.5 -0.2 NA
63 "2022-02-01 08:02:39" 29 45 16 0.7 NA
64 "2022-02-01 08:02:49" 29 45 15.5 0.2 NA
65 "2022-02-01 08:02:59" 29 45 15.5 0.2 NA
66 "2022-02-01 08:03:09" 29 45 15.5 0.2 NA
67 "2022-02-01 08:03:19" 29.5 45 14.5 -0.3 NA
68 "2022-02-01 08:03:29" 29.5 45 14.5 -0.3 NA
69 "2022-02-01 08:03:39" 29.5 45 14.5 -0.3 NA
70 "2022-02-01 08:03:49" 30 45 14.5 0.1 NA
71 "2022-02-01 08:03:59" 30 45 14 -0.4 NA
72 "2022-02-01 08:04:09" 30 45 14 -0.4 NA
73 "2022-02-01 08:04:19" 30 45 14 -0.4 NA
74 "2022-02-01 08:04:29" 30.5 45 14 0 NA
75 "2022-02-01 08:04:39" 30.5 45 14 0 NA
76 "2022-02-01 08:04:49" 30.5 45 15 1 NA
77 "2022-02-01 08:04:59" 30.5 45 14.5 0.5 NA
78 "2022-02-01 08:05:09" 31 45 15 1.4 NA
79 "2022-02-01 08:05:19" 31 45 15 1.4 NA
80 "2022-02-01 08:05:29" 31 45 14.5 0.9 NA
81 "2022-02-01 08:05:39" 31.5 45 13.5 0.3 NA
82 "2022-02-01 08:05:49" 31.5 45 13.5 0.3 NA
83 "2022-02-01 08:05:59" 31.5 45 14 0.8 NA
84 "2022-02-01 08:06:09" 31.5 45 13.5 0.3 NA
85 "2022-02-01 08:06:19" 31.5 45 13.5 0.3 NA
86 "2022-02-01 08:06:29" 32 45 13.5 0.7 NA
87 "2022-02-01 08:06:39" 32 45 13.5 0.7 NA
88 "2022-02-01 08:06:49" 32 45 13.5 0.7 NA
89 "2022-02-01 08:06:59" 32 45 13.5 0.7 NA
90 "2022-02-01 08:07:09" 32.5 45 13.5 1.1 NA
91 "2022-02-01 08:07:19" 32.5 45 13 0.6 NA
92 "2022-02-01 08:07:29" 32.5 45 13 0.6 NA
93 "2022-02-01 08:07:39" 32.5 45 13 0.6 NA
94 "2022-02-01 08:07:49" 33 45 13 0.9 NA
95 "2022-02-01 08:07:59" 33 45 13 0.9 NA
96 "2022-02-01 08:08:09" 33 45 13 0.9 NA
97 "2022-02-01 08:08:19" 33.5 45 13 1.3 NA
98 "2022-02-01 08:08:29" 33.5 45 13 1.3 NA
99 "2022-02-01 08:08:39" 33.5 45 12.5 0.8 NA
100 "2022-02-01 08:08:49" 33.5 45 12.5 0.8 NA
101 "2022-02-01 08:08:59" 34 45 12.5 1.2 NA
102 "2022-02-01 08:09:09" 34 45 12.5 1.2 NA
103 "2022-02-01 08:09:19" 34 45 12.5 1.2 NA
104 "2022-02-01 08:09:29" 34 45 12.5 1.2 NA
105 "2022-02-01 08:09:39" 34.5 45 12.5 1.6 NA
106 "2022-02-01 08:09:49" 34.5 45 12.5 1.6 NA
107 "2022-02-01 08:09:59" 34.5 45 12.5 1.6 NA
108 "2022-02-01 08:10:09" 34.5 45 12.5 1.6 NA
109 "2022-02-01 08:10:19" 35 45 12 1.4 NA
110 "2022-02-01 08:10:29" 35 45 14.5 4 NA
111 "2022-02-01 08:10:39" 35 45 14 3.5 NA
112 "2022-02-01 08:10:49" 35 45 14.5 4 NA
113 "2022-02-01 08:10:59" 35 45 12.5 1.9 NA
114 "2022-02-01 08:11:09" 35.5 45 13.5 3.4 NA
115 "2022-02-01 08:11:19" 35.5 45 13 2.9 NA
116 "2022-02-01 08:11:29" 35.5 45 13 2.9 NA
117 "2022-02-01 08:11:39" 35.5 45 13 2.9 NA
118 "2022-02-01 08:11:49" 35.5 45 14 3.9 NA
119 "2022-02-01 08:11:59" 35.5 45 12.5 2.3 NA
120 "2022-02-01 08:12:09" 36 45 13.5 3.8 NA
121 "2022-02-01 08:12:19" 36 45 13 3.3 NA
122 "2022-02-01 08:12:29" 36 45 12.5 2.7 NA
123 "2022-02-01 08:12:39" 36 45 13.5 3.8 NA
124 "2022-02-01 08:12:49" 36 45 13 3.3 NA
125 "2022-02-01 08:12:59" 36 45 13.5 3.8 NA
126 "2022-02-01 08:13:09" 36 45 12.5 2.7 NA
127 "2022-02-01 08:13:19" 36 45 13 3.3 NA
128 "2022-02-01 08:13:29" 36.5 45 12.5 3.1 NA
129 "2022-02-01 08:13:39" 36.5 45 11.5 1.9 NA
130 "2022-02-01 08:13:49" 36.5 45 11.5 1.9 NA
131 "2022-02-01 08:13:59" 36.5 45 12 2.5 NA
132 "2022-02-01 08:14:09" 36.5 45 12 2.5 NA
133 "2022-02-01 08:14:19" 36.5 45 11.5 1.9 NA
134 "2022-02-01 08:14:29" 36.5 45 11.5 1.9 NA
135 "2022-02-01 08:14:39" 37 45 11.5 2.3 NA
136 "2022-02-01 08:14:49" 37 45 11.5 2.3 NA
137 "2022-02-01 08:14:59" 37 45 11.5 2.3 NA
138 "2022-02-01 08:15:09" 37 45 11.5 2.3 NA
139 "2022-02-01 08:15:19" 37 45 11.5 2.3 NA
140 "2022-02-01 08:15:29" 37 45 12 2.9 NA
141 "2022-02-01 08:15:39" 37.5 45 11.5 2.7 NA
142 "2022-02-01 08:15:49" 37.5 45 12.5 3.9 NA
143 "2022-02-01 08:15:59" 37.5 45 12 3.3 NA
144 "2022-02-01 08:16:09" 37.5 45 12 3.3 NA
145 "2022-02-01 08:16:19" 37.5 45 11.5 2.7 NA
146 "2022-02-01 08:16:29" 38 45 12.5 4.3 NA
147 "2022-02-01 08:16:39" 38 45 12.5 4.3 NA
148 "2022-02-01 08:16:49" 38 45 13 4.8 NA
149 "2022-02-01 08:16:59" 38 45 12 3.7 NA
150 "2022-02-01 08:17:09" 38 45 14 5.9 NA
151 "2022-02-01 08:17:19" 38 45 13 4.8 NA
152 "2022-02-01 08:17:29" 38 45 13 4.8 NA
153 "2022-02-01 08:17:39" 38 45 12 3.7 NA
154 "2022-02-01 08:17:49" 38 45 12.5 4.3 NA
155 "2022-02-01 08:17:59" 38.5 45 12.5 4.6 NA
156 "2022-02-01 08:18:09" 38.5 45 11 2.8 NA
157 "2022-02-01 08:18:19" 38.5 45 12 4.1 NA
158 "2022-02-01 08:18:29" 38.5 45 13 5.2 NA
159 "2022-02-01 08:18:39" 38.5 45 12.5 4.6 NA
160 "2022-02-01 08:18:49" 38.5 45 12.5 4.6 NA
161 "2022-02-01 08:18:59" 38.5 45 11.5 3.5 NA
162 "2022-02-01 08:19:09" 38.5 45 12.5 4.6 NA
163 "2022-02-01 08:19:19" 38.5 45 11.5 3.5 NA
164 "2022-02-01 08:19:29" 38.5 45 11 2.8 NA
165 "2022-02-01 08:19:39" 38.5 45 10.5 2.2 NA
166 "2022-02-01 08:19:49" 38.5 45 10.5 2.2 NA
167 "2022-02-01 08:19:59" 39 45 10.5 2.6 NA
168 "2022-02-01 08:20:09" 39 45 11 3.2 NA
169 "2022-02-01 08:20:19" 39 45 10.5 2.6 NA
170 "2022-02-01 08:20:29" 39 45 10.5 2.6 NA
171 "2022-02-01 08:20:39" 39 45 11.5 3.8 NA
172 "2022-02-01 08:20:49" 39 45 11 3.2 NA
173 "2022-02-01 08:20:59" 39 45 10.5 2.6 NA
174 "2022-02-01 08:21:09" 39 45 12 4.4 NA
175 "2022-02-01 08:21:19" 39.5 45 11.5 4.2 NA
176 "2022-02-01 08:21:29" 39.5 45 12 4.8 NA
177 "2022-02-01 08:21:39" 39.5 45 11 3.6 NA
178 "2022-02-01 08:21:49" 39.5 45 10.5 2.9 NA
179 "2022-02-01 08:21:59" 39.5 45 10.5 2.9 NA
180 "2022-02-01 08:22:09" 39.5 45 10.5 2.9 NA
181 "2022-02-01 08:22:19" 39.5 45 10.5 2.9 NA
182 "2022-02-01 08:22:29" 39.5 45 10.5 2.9 NA
183 "2022-02-01 08:22:39" 39.5 45 10.5 2.9 NA
184 "2022-02-01 08:22:49" 40 45 10.5 3.3 NA
185 "2022-02-01 08:22:59" 40 45 10.5 3.3 NA
186 "2022-02-01 08:23:09" 40 45 10.5 3.3 NA
187 "2022-02-01 08:23:19" 40 45 10 2.6 NA
188 "2022-02-01 08:23:29" 40 45 10 2.6 NA
189 "2022-02-01 08:23:39" 40 45 10 2.6 NA
190 "2022-02-01 08:23:49" 40 45 10 2.6 NA
191 "2022-02-01 08:23:59" 40 45 10 2.6 NA
192 "2022-02-01 08:24:09" 40 45 10 2.6 NA
193 "2022-02-01 08:24:19" 40 45 10 2.6 NA
194 "2022-02-01 08:24:29" 40 45 10 2.6 NA
195 "2022-02-01 08:24:39" 40.5 45 10 3 NA
196 "2022-02-01 08:24:49" 40.5 45 11.5 5 NA
197 "2022-02-01 08:24:59" 40.5 45 12 5.6 NA
198 "2022-02-01 08:25:09" 40.5 45 11 4.3 NA
199 "2022-02-01 08:25:19" 40.5 45 12 5.6 NA
200 "2022-02-01 08:25:29" 40.5 45 11.5 5 NA
201 "2022-02-01 08:25:39" 40.5 45 12 5.6 NA
202 "2022-02-01 08:25:49" 40.5 45 12 5.6 NA
203 "2022-02-01 08:25:59" 40.5 45 11.5 5 NA
204 "2022-02-01 08:26:09" 40.5 45 11 4.3 NA
205 "2022-02-01 08:26:19" 40.5 45 10.5 3.7 NA
206 "2022-02-01 08:26:29" 40.5 45 11 4.3 NA
207 "2022-02-01 08:26:39" 40.5 45 12 5.6 NA
208 "2022-02-01 08:26:49" 40.5 45 11.5 5 NA
209 "2022-02-01 08:26:59" 40.5 45 10.5 3.7 NA
210 "2022-02-01 08:27:09" 40.5 45 11.5 5 NA
211 "2022-02-01 08:27:19" 40.5 45 12 5.6 NA
212 "2022-02-01 08:27:29" 40.5 45 11 4.3 NA
213 "2022-02-01 08:27:39" 40.5 45 11 4.3 NA
214 "2022-02-01 08:27:49" 40.5 45 10 3 NA
215 "2022-02-01 08:27:59" 40.5 45 10 3 NA
216 "2022-02-01 08:28:09" 40.5 45 10 3 NA
217 "2022-02-01 08:28:19" 40.5 45 10 3 NA
218 "2022-02-01 08:28:29" 40.5 45 10 3 NA
219 "2022-02-01 08:28:39" 40.5 45 10 3 NA
220 "2022-02-01 08:28:49" 40.5 45 9.5 2.3 NA
221 "2022-02-01 08:28:59" 40.5 45 9.5 2.3 NA
222 "2022-02-01 08:29:09" 41 45 9.5 2.6 NA
223 "2022-02-01 08:29:19" 41 45 9.5 2.6 NA
224 "2022-02-01 08:29:29" 41 45 9.5 2.6 NA
225 "2022-02-01 08:29:39" 41 45 9.5 2.6 NA
226 "2022-02-01 08:29:49" 41 45 9.5 2.6 NA
227 "2022-02-01 08:29:59" 41 45 10 3.4 NA
228 "2022-02-01 08:30:09" 41 45 10.5 4.1 NA
229 "2022-02-01 08:30:19" 41 45 10.5 4.1 NA
230 "2022-02-01 08:30:29" 41 45 10 3.4 NA
231 "2022-02-01 08:30:39" 41 45 9.5 2.6 NA
232 "2022-02-01 08:30:49" 41 45 9.5 2.6 NA
233 "2022-02-01 08:30:59" 41 45 11 4.7 NA
234 "2022-02-01 08:31:09" 41 45 11 4.7 NA
235 "2022-02-01 08:31:19" 41 45 11.5 5.4 NA
236 "2022-02-01 08:31:29" 41 45 10 3.4 NA
237 "2022-02-01 08:31:39" 41 45 10 3.4 NA
238 "2022-02-01 08:31:49" 41 45 9.5 2.6 NA
239 "2022-02-01 08:31:59" 41 45 9.5 2.6 NA
240 "2022-02-01 08:32:09" 41 45 9.5 2.6 NA
241 "2022-02-01 08:32:19" 41 45 9.5 2.6 NA
242 "2022-02-01 08:32:29" 41 45 9.5 2.6 NA
243 "2022-02-01 08:32:39" 41 45 9.5 2.6 NA
244 "2022-02-01 08:32:49" 41 45 9.5 2.6 NA
245 "2022-02-01 08:32:59" 41 45 9.5 2.6 NA
246 "2022-02-01 08:33:09" 41 45 9.5 2.6 NA
247 "2022-02-01 08:33:19" 41 45 9.5 2.6 NA
248 "2022-02-01 08:33:29" 41 45 9.5 2.6 NA
249 "2022-02-01 08:33:39" 41 45 9.5 2.6 NA
250 "2022-02-01 08:33:49" 41 45 9.5 2.6 NA
251 "2022-02-01 08:33:59" 41 45 9.5 2.6 NA
252 "2022-02-01 08:34:09" 41 45 9.5 2.6 NA
253 "2022-02-01 08:34:19" 41 45 9.5 2.6 NA
254 "2022-02-01 08:34:29" 41 45 9.5 2.6 NA
255 "2022-02-01 08:34:39" 41 45 9.5 2.6 NA
256 "2022-02-01 08:34:49" 41.5 45 9.5 3 NA
257 "2022-02-01 08:34:59" 41.5 45 9.5 3 NA
258 "2022-02-01 08:35:09" 41.5 45 9.5 3 NA
259 "2022-02-01 08:35:19" 41.5 45 9.5 3 NA
260 "2022-02-01 08:35:29" 41.5 45 9.5 3 NA
261 "2022-02-01 08:35:39" 41.5 45 9.5 3 NA
262 "2022-02-01 08:35:49" 41.5 45 9.5 3 NA
263 "2022-02-01 08:35:59" 41.5 45 9.5 3 NA
264 "2022-02-01 08:36:09" 41.5 45 10.5 4.4 NA
265 "2022-02-01 08:36:19" 41.5 45 10.5 4.4 NA
266 "2022-02-01 08:36:29" 41.5 45 9.5 3 NA
267 "2022-02-01 08:36:39" 41.5 45 10.5 4.4 NA
268 "2022-02-01 08:36:49" 41.5 45 9.5 3 NA
269 "2022-02-01 08:36:59" 41.5 45 10 3.7 NA
270 "2022-02-01 08:37:09" 41.5 45 10 3.7 NA
271 "2022-02-01 08:37:19" 41.5 45 9.5 3 NA
272 "2022-02-01 08:37:29" 41.5 45 9.5 3 NA
273 "2022-02-01 08:37:39" 41.5 45 10.5 4.4 NA
274 "2022-02-01 08:37:49" 41.5 45 10 3.7 NA
275 "2022-02-01 08:37:59" 41.5 45 10.5 4.4 NA
276 "2022-02-01 08:38:09" 41.5 45 10 3.7 NA
277 "2022-02-01 08:38:19" 41.5 45 10 3.7 NA
278 "2022-02-01 08:38:29" 41.5 45 10.5 4.4 NA
279 "2022-02-01 08:38:39" 41.5 45 10 3.7 NA
280 "2022-02-01 08:38:49" 41.5 45 9.5 3 NA
281 "2022-02-01 08:38:59" 41.5 45 9.5 3 NA
282 "2022-02-01 08:39:09" 41.5 45 9.5 3 NA
283 "2022-02-01 08:39:19" 41.5 45 9.5 3 NA
284 "2022-02-01 08:39:29" 41.5 45 9.5 3 NA
285 "2022-02-01 08:39:39" 41.5 45 10.5 4.4 NA
286 "2022-02-01 08:39:49" 41.5 45 10.5 4.4 NA
287 "2022-02-01 08:39:59" 41.5 45 9.5 3 NA
288 "2022-02-01 08:40:09" 41.5 45 9.5 3 NA
289 "2022-02-01 08:40:19" 41.5 45 9.5 3 NA
290 "2022-02-01 08:40:29" 41.5 45 9.5 3 NA
291 "2022-02-01 08:40:39" 41.5 45 9.5 3 NA
292 "2022-02-01 08:40:49" 41.5 45 9.5 3 NA
293 "2022-02-01 08:40:59" 41.5 45 10 3.7 NA
294 "2022-02-01 08:41:09" 41.5 45 9.5 3 NA
295 "2022-02-01 08:41:19" 41.5 45 9.5 3 NA
296 "2022-02-01 08:41:29" 41.5 45 9.5 3 NA
297 "2022-02-01 08:41:39" 41.5 45 9.5 3 NA
298 "2022-02-01 08:41:49" 41.5 45 9.5 3 NA
299 "2022-02-01 08:41:59" 41.5 45 9.5 3 NA
300 "2022-02-01 08:42:09" 41.5 45 9.5 3 NA
301 "2022-02-01 08:42:19" 41.5 45 9.5 3 NA
302 "2022-02-01 08:42:29" 41.5 45 9.5 3 NA
303 "2022-02-01 08:42:39" 41.5 45 9.5 3 NA
304 "2022-02-01 08:42:49" 41.5 45 9.5 3 NA
305 "2022-02-01 08:42:59" 41.5 45 9.5 3 NA
306 "2022-02-01 08:43:09" 41.5 45 9.5 3 NA
307 "2022-02-01 08:43:19" 41.5 45 9.5 3 NA
308 "2022-02-01 08:43:29" 41.5 45 9.5 3 NA
309 "2022-02-01 08:43:39" 41.5 45 9.5 3 NA
310 "2022-02-01 08:43:49" 41.5 45 9.5 3 NA
311 "2022-02-01 08:43:59" 41.5 45 9.5 3 NA
312 "2022-02-01 08:44:09" 41.5 45 9.5 3 NA
313 "2022-02-01 08:44:19" 41.5 45 9.5 3 NA
314 "2022-02-01 08:44:29" 41.5 45 9.5 3 NA
315 "2022-02-01 08:44:39" 41.5 45 9.5 3 NA
316 "2022-02-01 08:44:49" 41.5 45 9.5 3 NA
317 "2022-02-01 08:44:59" 41.5 45 9.5 3 NA
318 "2022-02-01 08:45:09" 41.5 45 9.5 3 NA
319 "2022-02-01 08:45:19" 41.5 45 9.5 3 NA
320 "2022-02-01 08:45:29" 41.5 45 9.5 3 NA
321 "2022-02-01 08:45:39" 41.5 45 9.5 3 NA
322 "2022-02-01 08:45:49" 41.5 45 9.5 3 NA
323 "2022-02-01 08:45:59" 41.5 45 9.5 3 NA
324 "2022-02-01 08:46:09" 41.5 45 9.5 3 NA
325 "2022-02-01 08:46:19" 41.5 45 9.5 3 NA
326 "2022-02-01 08:46:29" 41.5 45 9.5 3 NA
327 "2022-02-01 08:46:39" 41.5 45 9.5 3 NA
328 "2022-02-01 08:46:49" 41.5 45 9.5 3 NA
329 "2022-02-01 08:46:59" 41.5 45 9.5 3 NA
330 "2022-02-01 08:47:09" 41.5 45 9 2.3 NA
331 "2022-02-01 08:47:19" 41.5 45 9.5 3 NA
332 "2022-02-01 08:47:29" 41.5 45 9.5 3 NA
333 "2022-02-01 08:47:39" 41.5 45 10 3.7 NA
334 "2022-02-01 08:47:49" 41.5 45 9.5 3 NA
335 "2022-02-01 08:47:59" 41.5 45 9.5 3 NA
336 "2022-02-01 08:48:09" 41.5 45 9.5 3 NA
337 "2022-02-01 08:48:19" 41.5 45 9.5 3 NA
338 "2022-02-01 08:48:29" 41.5 45 10.5 4.4 NA
339 "2022-02-01 08:48:39" 41.5 45 9.5 3 NA
340 "2022-02-01 08:48:49" 41.5 45 9.5 3 NA
341 "2022-02-01 08:48:59" 41.5 45 9.5 3 NA
342 "2022-02-01 08:49:09" 41.5 45 9.5 3 NA
343 "2022-02-01 08:49:19" 41.5 45 9.5 3 NA
344 "2022-02-01 08:49:29" 41.5 45 9.5 3 NA
345 "2022-02-01 08:49:39" 41.5 45 9 2.3 NA
346 "2022-02-01 08:49:49" 41.5 45 9 2.3 NA
347 "2022-02-01 08:49:59" 41.5 45 9.5 3 NA
348 "2022-02-01 08:50:09" 41.5 45 9.5 3 NA
349 "2022-02-01 08:50:19" 41.5 45 9.5 3 NA
350 "2022-02-01 08:50:29" 41.5 45 9 2.3 NA
351 "2022-02-01 08:50:39" 41.5 45 9.5 3 NA
352 "2022-02-01 08:50:49" 41.5 45 9 2.3 NA
353 "2022-02-01 08:50:59" 41.5 45 9 2.3 NA
354 "2022-02-01 08:51:09" 41.5 45 9.5 3 NA
355 "2022-02-01 08:51:19" 41.5 45 9.5 3 NA
356 "2022-02-01 08:51:29" 41.5 45 9.5 3 NA
357 "2022-02-01 08:51:39" 41.5 45 9.5 3 NA
358 "2022-02-01 08:51:49" 41.5 45 9.5 3 NA
359 "2022-02-01 08:51:59" 41.5 45 9 2.3 NA
360 "2022-02-01 08:52:09" 41.5 45 9 2.3 NA
361 "2022-02-01 08:52:19" 41.5 45 9 2.3 NA
362 "2022-02-01 08:52:29" 41.5 45 9 2.3 NA
363 "2022-02-01 08:52:39" 41.5 45 9 2.3 NA
364 "2022-02-01 08:52:49" 41.5 45 11.5 5.7 NA
365 "2022-02-01 08:52:59" 41.5 45 9.5 3 NA
366 "2022-02-01 08:53:09" 41.5 45 9.5 3 NA
367 "2022-02-01 08:53:19" 41.5 45 9 2.3 NA
368 "2022-02-01 08:53:29" 41.5 45 9 2.3 NA
369 "2022-02-01 08:53:39" 41.5 45 9 2.3 NA
370 "2022-02-01 08:53:49" 41.5 45 9 2.3 NA
371 "2022-02-01 08:53:59" 41.5 45 9 2.3 NA
372 "2022-02-01 08:54:09" 41.5 45 9 2.3 NA
373 "2022-02-01 08:54:19" 41.5 45 9.5 3 NA
374 "2022-02-01 08:54:29" 41.5 45 9 2.3 NA
375 "2022-02-01 08:54:39" 41.5 45 9.5 3 NA
376 "2022-02-01 08:54:49" 41.5 45 9 2.3 NA
377 "2022-02-01 08:54:59" 41.5 45 9.5 3 NA
378 "2022-02-01 08:55:09" 41.5 45 9.5 3 NA
379 "2022-02-01 08:55:19" 41.5 45 9.5 3 NA
380 "2022-02-01 08:55:29" 41.5 45 9 2.3 NA
381 "2022-02-01 08:55:39" 41.5 45 9 2.3 NA
382 "2022-02-01 08:55:49" 41.5 45 9 2.3 NA
383 "2022-02-01 08:55:59" 41.5 45 10 3.7 NA
384 "2022-02-01 08:56:09" 41.5 45 9 2.3 NA
385 "2022-02-01 08:56:19" 41.5 45 9 2.3 NA
386 "2022-02-01 08:56:29" 41.5 45 9 2.3 NA
387 "2022-02-01 08:56:39" 41.5 45 9 2.3 NA
388 "2022-02-01 08:56:49" 41.5 45 9 2.3 NA
389 "2022-02-01 08:56:59" 41.5 45 9 2.3 NA
390 "2022-02-01 08:57:09" 41.5 45 9 2.3 NA
391 "2022-02-01 08:57:19" 41.5 45 9 2.3 NA
392 "2022-02-01 08:57:29" 41.5 45 9.5 3 NA
393 "2022-02-01 08:57:39" 41.5 45 9 2.3 NA
394 "2022-02-01 08:57:49" 41.5 45 9 2.3 NA
395 "2022-02-01 08:57:59" 41.5 45 9 2.3 NA
396 "2022-02-01 08:58:09" 41.5 45 9 2.3 NA
397 "2022-02-01 08:58:19" 41.5 45 9 2.3 NA
398 "2022-02-01 08:58:29" 41.5 45 9 2.3 NA
399 "2022-02-01 08:58:39" 41.5 45 9 2.3 NA
400 "2022-02-01 08:58:49" 41.5 45 9 2.3 NA
401 "2022-02-01 08:58:59" 41.5 45 9 2.3 NA
402 "2022-02-01 08:59:09" 41.5 45 9.5 3 NA
403 "2022-02-01 08:59:19" 41.5 45 9.5 3 NA
404 "2022-02-01 08:59:29" 41.5 45 9.5 3 NA
405 "2022-02-01 08:59:39" 41.5 45 9 2.3 NA
406 "2022-02-01 08:59:49" 41.5 45 9 2.3 NA
407 "2022-02-01 08:59:59" 41.5 45 9 2.3 NA
408 "2022-02-01 09:00:09" 41.5 45 9 2.3 NA
409 "2022-02-01 09:00:19" 41.5 45 9 2.3 NA
410 "2022-02-01 09:00:29" 41.5 45 9 2.3 NA
411 "2022-02-01 09:00:39" 41.5 45 9 2.3 NA
412 "2022-02-01 09:00:49" 41.5 45 9 2.3 NA
413 "2022-02-01 09:00:59" 41.5 45 9 2.3 NA
414 "2022-02-01 09:01:09" 41.5 45 9 2.3 NA
415 "2022-02-01 09:01:19" 41.5 45 9 2.3 NA
416 "2022-02-01 09:01:29" 41.5 45 9 2.3 NA
417 "2022-02-01 09:01:39" 41.5 45 9 2.3 NA
418 "2022-02-01 09:01:49" 41.5 45 9 2.3 NA
419 "2022-02-01 09:01:59" 41.5 45 9 2.3 NA
420 "2022-02-01 09:02:09" 41.5 45 9 2.3 NA
421 "2022-02-01 09:02:19" 41.5 45 9 2.3 NA
422 "2022-02-01 09:02:29" 41.5 45 9 2.3 NA
423 "2022-02-01 09:02:39" 41.5 45 9 2.3 NA
424 "2022-02-01 09:02:49" 41.5 45 9 2.3 NA
425 "2022-02-01 09:02:59" 41.5 45 9 2.3 NA
426 "2022-02-01 09:03:09" 41.5 45 9 2.3 NA
427 "2022-02-01 09:03:19" 41.5 45 9.5 3 NA
428 "2022-02-01 09:03:29" 41.5 45 9 2.3 NA
429 "2022-02-01 09:03:39" 41.5 45 9 2.3 NA
430 "2022-02-01 09:03:49" 41.5 45 9 2.3 NA
431 "2022-02-01 09:03:59" 41.5 45 9 2.3 NA
432 "2022-02-01 09:04:09" 41.5 45 9 2.3 NA
433 "2022-02-01 09:04:19" 41.5 45 9 2.3 NA
434 "2022-02-01 09:04:29" 41.5 45 9 2.3 NA
435 "2022-02-01 09:04:39" 41.5 45 9 2.3 NA
436 "2022-02-01 09:04:49" 41.5 45 9 2.3 NA
437 "2022-02-01 09:04:59" 41.5 45 9 2.3 NA
438 "2022-02-01 09:05:09" 41.5 45 9 2.3 NA
439 "2022-02-01 09:05:19" 41.5 45 9 2.3 NA
440 "2022-02-01 09:05:29" 41.5 45 9.5 3 NA
441 "2022-02-01 09:05:39" 41.5 45 9 2.3 NA
442 "2022-02-01 09:05:49" 41.5 45 9.5 3 NA
443 "2022-02-01 09:05:59" 41.5 45 9 2.3 NA
444 "2022-02-01 09:06:09" 41.5 45 9 2.3 NA
445 "2022-02-01 09:06:19" 41.5 45 9 2.3 NA
446 "2022-02-01 09:06:29" 41.5 45 9 2.3 NA
447 "2022-02-01 09:06:39" 41.5 45 9 2.3 NA
448 "2022-02-01 09:06:49" 41.5 45 9 2.3 NA
449 "2022-02-01 09:06:59" 41.5 45 9 2.3 NA
450 "2022-02-01 09:07:09" 41.5 45 9 2.3 NA
451 "2022-02-01 09:07:19" 41.5 45 9 2.3 NA
452 "2022-02-01 09:07:29" 41.5 45 9 2.3 NA
453 "2022-02-01 09:07:39" 41.5 45 9 2.3 NA
454 "2022-02-01 09:07:49" 41.5 45 9 2.3 NA
455 "2022-02-01 09:07:59" 41.5 45 9 2.3 NA
456 "2022-02-01 09:08:09" 41.5 45 9 2.3 NA
457 "2022-02-01 09:08:19" 41.5 45 9 2.3 NA
458 "2022-02-01 09:08:29" 41.5 45 9 2.3 NA
459 "2022-02-01 09:08:39" 41.5 45 9 2.3 NA
460 "2022-02-01 09:08:49" 41.5 45 9 2.3 NA
461 "2022-02-01 09:08:59" 41.5 45 9 2.3 NA
462 "2022-02-01 09:09:09" 41.5 45 9 2.3 NA
463 "2022-02-01 09:09:19" 41.5 45 9 2.3 NA
464 "2022-02-01 09:09:29" 41.5 45 9 2.3 NA
465 "2022-02-01 09:09:39" 41.5 45 9 2.3 NA
466 "2022-02-01 09:09:49" 41 45 9 1.9 NA
467 "2022-02-01 09:09:59" 41 45 9 1.9 NA
468 "2022-02-01 09:10:09" 41 45 9 1.9 NA
469 "2022-02-01 09:10:19" 41 45 9 1.9 NA
470 "2022-02-01 09:10:29" 41 45 9 1.9 NA
471 "2022-02-01 09:10:39" 41 45 9 1.9 NA
472 "2022-02-01 09:10:49" 41 45 9 1.9 NA
473 "2022-02-01 09:10:59" 41 45 9 1.9 NA
474 "2022-02-01 09:11:09" 40.5 45 9 1.5 NA
475 "2022-02-01 09:11:19" 40.5 45 9 1.5 NA
476 "2022-02-01 09:11:29" 40.5 45 9 1.5 NA
477 "2022-02-01 09:11:39" 40.5 45 9 1.5 NA
478 "2022-02-01 09:11:49" 40.5 45 9 1.5 NA
479 "2022-02-01 09:11:59" 40.5 45 9 1.5 NA
480 "2022-02-01 09:12:09" 40 45 9 1.1 NA
481 "2022-02-01 09:12:19" 40 45 9 1.1 NA
482 "2022-02-01 09:12:29" 40 45 9.5 1.9 NA
483 "2022-02-01 09:12:39" 40 45 9.5 1.9 NA
484 "2022-02-01 09:12:49" 40 45 9.5 1.9 NA
485 "2022-02-01 09:12:59" 40 45 9.5 1.9 NA
486 "2022-02-01 09:13:09" 39.5 45 9.5 1.5 NA
487 "2022-02-01 09:13:19" 39.5 45 9.5 1.5 NA
488 "2022-02-01 09:13:29" 39.5 45 9.5 1.5 NA
489 "2022-02-01 09:13:39" 39.5 45 9.5 1.5 NA
490 "2022-02-01 09:13:49" 39.5 45 9.5 1.5 NA
491 "2022-02-01 09:13:59" 39 45 9.5 1.2 NA
492 "2022-02-01 09:14:09" 39 45 9.5 1.2 NA
493 "2022-02-01 09:14:19" 39 45 9.5 1.2 NA
494 "2022-02-01 09:14:29" 39 45 9.5 1.2 NA
495 "2022-02-01 09:14:39" 38.5 45 9.5 0.8 NA
496 "2022-02-01 09:14:49" 38.5 45 10 1.5 NA
497 "2022-02-01 09:14:59" 38.5 45 10.5 2.2 NA
498 "2022-02-01 09:15:09" 38.5 45 10.5 2.2 NA
