"V1" "V2" "V3" "V4" "V5" "V6" "V7"
1 "2022-01-28 07:59:32" 23.5 45 22.5 0.9 10045488
2 "2022-01-28 07:59:42" 23.5 45 22 0.6 NA
3 "2022-01-28 07:59:52" 23.5 45 23.5 1.5 NA
4 "2022-01-28 08:00:02" 24 45 24.5 2.5 NA
5 "2022-01-28 08:00:12" 24 45 23 1.6 NA
6 "2022-01-28 08:00:22" 24 45 22.5 1.3 NA
7 "2022-01-28 08:00:32" 24 45 21.5 0.7 NA
8 "2022-01-28 08:00:42" 24.5 45 21.5 1.1 NA
9 "2022-01-28 08:00:52" 24.5 45 21 0.8 NA
10 "2022-01-28 08:01:02" 24.5 45 21 0.8 NA
11 "2022-01-28 08:01:12" 24.5 45 21 0.8 NA
12 "2022-01-28 08:01:22" 24.5 45 20.5 0.4 NA
13 "2022-01-28 08:01:32" 24.5 45 21 0.8 NA
14 "2022-01-28 08:01:42" 24.5 45 21.5 1.1 NA
15 "2022-01-28 08:01:52" 24.5 45 20.5 0.4 NA
16 "2022-01-28 08:02:02" 24.5 45 20.5 0.4 NA
17 "2022-01-28 08:02:12" 24.5 45 20.5 0.4 NA
18 "2022-01-28 08:02:22" 24.5 45 20.5 0.4 NA
19 "2022-01-28 08:02:32" 24.5 45 20.5 0.4 NA
20 "2022-01-28 08:02:42" 24.5 45 20.5 0.4 NA
21 "2022-01-28 08:02:52" 24.5 45 20.5 0.4 NA
22 "2022-01-28 08:03:02" 24.5 45 20.5 0.4 NA
23 "2022-01-28 08:03:12" 24.5 45 20.5 0.4 NA
24 "2022-01-28 08:03:22" 24.5 45 20.5 0.4 NA
25 "2022-01-28 08:03:32" 24.5 45 20.5 0.4 NA
26 "2022-01-28 08:03:42" 24.5 45 20.5 0.4 NA
27 "2022-01-28 08:03:52" 24.5 45 20.5 0.4 NA
28 "2022-01-28 08:04:02" 24.5 45 20.5 0.4 NA
29 "2022-01-28 08:04:12" 24.5 45 20.5 0.4 NA
30 "2022-01-28 08:04:22" 24.5 45 20.5 0.4 NA
31 "2022-01-28 08:04:32" 24.5 45 20.5 0.4 NA
32 "2022-01-28 08:04:42" 24.5 45 20.5 0.4 NA
33 "2022-01-28 08:04:52" 24.5 45 20.5 0.4 NA
34 "2022-01-28 08:05:02" 24.5 45 20.5 0.4 NA
35 "2022-01-28 08:05:12" 24.5 45 20.5 0.4 NA
36 "2022-01-28 08:05:22" 24.5 45 20.5 0.4 NA
37 "2022-01-28 08:05:32" 24.5 45 20.5 0.4 NA
38 "2022-01-28 08:05:42" 24.5 45 20.5 0.4 NA
39 "2022-01-28 08:05:52" 24.5 45 20.5 0.4 NA
40 "2022-01-28 08:06:02" 24.5 45 20.5 0.4 NA
41 "2022-01-28 08:06:12" 24.5 45 20.5 0.4 NA
42 "2022-01-28 08:06:22" 24.5 45 21.5 1.1 NA
43 "2022-01-28 08:06:32" 24.5 45 21.5 1.1 NA
44 "2022-01-28 08:06:42" 24.5 45 21 0.8 NA
45 "2022-01-28 08:06:52" 24.5 45 21 0.8 NA
46 "2022-01-28 08:07:02" 24.5 45 21 0.8 NA
47 "2022-01-28 08:07:12" 24.5 45 20.5 0.4 NA
48 "2022-01-28 08:07:22" 24.5 45 20.5 0.4 NA
49 "2022-01-28 08:07:32" 24.5 45 20.5 0.4 NA
50 "2022-01-28 08:07:42" 24.5 45 21 0.8 NA
51 "2022-01-28 08:07:52" 24.5 45 21 0.8 NA
52 "2022-01-28 08:08:02" 24.5 45 21 0.8 NA
53 "2022-01-28 08:08:12" 24.5 45 20.5 0.4 NA
54 "2022-01-28 08:08:22" 24.5 45 20.5 0.4 NA
55 "2022-01-28 08:08:32" 24.5 45 20.5 0.4 NA
56 "2022-01-28 08:08:42" 24.5 45 20.5 0.4 NA
57 "2022-01-28 08:08:52" 24.5 45 20.5 0.4 NA
58 "2022-01-28 08:09:02" 24.5 45 20.5 0.4 NA
59 "2022-01-28 08:09:12" 24.5 45 20.5 0.4 NA
60 "2022-01-28 08:09:22" 24.5 45 20.5 0.4 NA
61 "2022-01-28 08:09:32" 24.5 45 20.5 0.4 NA
62 "2022-01-28 08:09:42" 24.5 45 20.5 0.4 NA
63 "2022-01-28 08:09:52" 24.5 45 20.5 0.4 NA
64 "2022-01-28 08:10:02" 24.5 45 20.5 0.4 NA
65 "2022-01-28 08:10:12" 24.5 45 20.5 0.4 NA
66 "2022-01-28 08:10:22" 24.5 45 20.5 0.4 NA
67 "2022-01-28 08:10:32" 24.5 45 20.5 0.4 NA
68 "2022-01-28 08:10:42" 24.5 45 20.5 0.4 NA
69 "2022-01-28 08:10:52" 24.5 45 20.5 0.4 NA
70 "2022-01-28 08:11:02" 24.5 45 20.5 0.4 NA
71 "2022-01-28 08:11:12" 24.5 45 20.5 0.4 NA
72 "2022-01-28 08:11:22" 24.5 45 20.5 0.4 NA
73 "2022-01-28 08:11:32" 24.5 45 20.5 0.4 NA
74 "2022-01-28 08:11:42" 24.5 45 20.5 0.4 NA
75 "2022-01-28 08:11:52" 24.5 45 20.5 0.4 NA
76 "2022-01-28 08:12:02" 24.5 45 20.5 0.4 NA
77 "2022-01-28 08:12:12" 24.5 45 20.5 0.4 NA
78 "2022-01-28 08:12:22" 24.5 45 20.5 0.4 NA
79 "2022-01-28 08:12:32" 24.5 45 20.5 0.4 NA
80 "2022-01-28 08:12:42" 24.5 45 20.5 0.4 NA
81 "2022-01-28 08:12:52" 24.5 45 20.5 0.4 NA
82 "2022-01-28 08:13:02" 24.5 45 20.5 0.4 NA
83 "2022-01-28 08:13:12" 24.5 45 20.5 0.4 NA
84 "2022-01-28 08:13:22" 24.5 45 20.5 0.4 NA
85 "2022-01-28 08:13:32" 24.5 45 20.5 0.4 NA
86 "2022-01-28 08:13:42" 24.5 45 20.5 0.4 NA
87 "2022-01-28 08:13:52" 24.5 45 20.5 0.4 NA
88 "2022-01-28 08:14:02" 24.5 45 20.5 0.4 NA
89 "2022-01-28 08:14:12" 24.5 45 20.5 0.4 NA
90 "2022-01-28 08:14:22" 24.5 45 20.5 0.4 NA
91 "2022-01-28 08:14:32" 24.5 45 20.5 0.4 NA
92 "2022-01-28 08:14:42" 24.5 45 20.5 0.4 NA
93 "2022-01-28 08:14:52" 24.5 45 20.5 0.4 NA
94 "2022-01-28 08:15:02" 24.5 45 20.5 0.4 NA
95 "2022-01-28 08:15:12" 24.5 45 20.5 0.4 NA
96 "2022-01-28 08:15:22" 24.5 45 20.5 0.4 NA
97 "2022-01-28 08:15:32" 24.5 45 20.5 0.4 NA
98 "2022-01-28 08:15:42" 24.5 45 20.5 0.4 NA
99 "2022-01-28 08:15:52" 24.5 45 20.5 0.4 NA
100 "2022-01-28 08:16:02" 24.5 45 20.5 0.4 NA
101 "2022-01-28 08:16:12" 24.5 45 20.5 0.4 NA
102 "2022-01-28 08:16:22" 24.5 45 20.5 0.4 NA
103 "2022-01-28 08:16:32" 24.5 45 20.5 0.4 NA
104 "2022-01-28 08:16:42" 24.5 45 20.5 0.4 NA
105 "2022-01-28 08:16:52" 24.5 45 20.5 0.4 NA
106 "2022-01-28 08:17:02" 24.5 45 21 0.8 NA
107 "2022-01-28 08:17:12" 24.5 45 21 0.8 NA
108 "2022-01-28 08:17:22" 24.5 45 21 0.8 NA
109 "2022-01-28 08:17:32" 24.5 45 20.5 0.4 NA
110 "2022-01-28 08:17:42" 24.5 45 20.5 0.4 NA
111 "2022-01-28 08:17:52" 24.5 45 20.5 0.4 NA
112 "2022-01-28 08:18:02" 24.5 45 20.5 0.4 NA
113 "2022-01-28 08:18:12" 24.5 45 20.5 0.4 NA
114 "2022-01-28 08:18:22" 24.5 45 20.5 0.4 NA
115 "2022-01-28 08:18:32" 24.5 45 20.5 0.4 NA
116 "2022-01-28 08:18:42" 24.5 45 20.5 0.4 NA
117 "2022-01-28 08:18:52" 24.5 45 20.5 0.4 NA
118 "2022-01-28 08:19:02" 24.5 45 20.5 0.4 NA
119 "2022-01-28 08:19:12" 24.5 45 20.5 0.4 NA
120 "2022-01-28 08:19:22" 24.5 45 20.5 0.4 NA
121 "2022-01-28 08:19:32" 24.5 45 20.5 0.4 NA
122 "2022-01-28 08:19:42" 24.5 45 20.5 0.4 NA
123 "2022-01-28 08:19:52" 24.5 45 20.5 0.4 NA
124 "2022-01-28 08:20:02" 24.5 45 20.5 0.4 NA
125 "2022-01-28 08:20:12" 24.5 45 20.5 0.4 NA
126 "2022-01-28 08:20:22" 24.5 45 20.5 0.4 NA
127 "2022-01-28 08:20:32" 24.5 45 20.5 0.4 NA
128 "2022-01-28 08:20:42" 24.5 45 20.5 0.4 NA
129 "2022-01-28 08:20:52" 24.5 45 20.5 0.4 NA
130 "2022-01-28 08:21:02" 24.5 45 20.5 0.4 NA
131 "2022-01-28 08:21:12" 24.5 45 20.5 0.4 NA
132 "2022-01-28 08:21:22" 24.5 45 20.5 0.4 NA
133 "2022-01-28 08:21:32" 24.5 45 20.5 0.4 NA
134 "2022-01-28 08:21:42" 24.5 45 20.5 0.4 NA
135 "2022-01-28 08:21:52" 24.5 45 20.5 0.4 NA
136 "2022-01-28 08:22:02" 24.5 45 20.5 0.4 NA
137 "2022-01-28 08:22:12" 24.5 45 20.5 0.4 NA
138 "2022-01-28 08:22:22" 24.5 45 20.5 0.4 NA
139 "2022-01-28 08:22:32" 24.5 45 20.5 0.4 NA
140 "2022-01-28 08:22:42" 24.5 45 20.5 0.4 NA
141 "2022-01-28 08:22:52" 24.5 45 20.5 0.4 NA
142 "2022-01-28 08:23:02" 24.5 45 20.5 0.4 NA
143 "2022-01-28 08:23:12" 24.5 45 20.5 0.4 NA
144 "2022-01-28 08:23:22" 24.5 45 20.5 0.4 NA
145 "2022-01-28 08:23:32" 24.5 45 20.5 0.4 NA
146 "2022-01-28 08:23:42" 24.5 45 20.5 0.4 NA
147 "2022-01-28 08:23:52" 24.5 45 20.5 0.4 NA
148 "2022-01-28 08:24:02" 24.5 45 20.5 0.4 NA
149 "2022-01-28 08:24:12" 24.5 45 20.5 0.4 NA
150 "2022-01-28 08:24:22" 24.5 45 20.5 0.4 NA
151 "2022-01-28 08:24:32" 24.5 45 20.5 0.4 NA
152 "2022-01-28 08:24:42" 24.5 45 20.5 0.4 NA
153 "2022-01-28 08:24:52" 24.5 45 20.5 0.4 NA
154 "2022-01-28 08:25:02" 24.5 45 20.5 0.4 NA
155 "2022-01-28 08:25:12" 24.5 45 20.5 0.4 NA
156 "2022-01-28 08:25:22" 24.5 45 20.5 0.4 NA
157 "2022-01-28 08:25:32" 24.5 45 20.5 0.4 NA
158 "2022-01-28 08:25:42" 24.5 45 20.5 0.4 NA
159 "2022-01-28 08:25:52" 24.5 45 20.5 0.4 NA
160 "2022-01-28 08:26:02" 24.5 45 20.5 0.4 NA
161 "2022-01-28 08:26:12" 24.5 45 20.5 0.4 NA
162 "2022-01-28 08:26:22" 24.5 45 20.5 0.4 NA
163 "2022-01-28 08:26:32" 24.5 45 20.5 0.4 NA
164 "2022-01-28 08:26:42" 24.5 45 20.5 0.4 NA
165 "2022-01-28 08:26:52" 24.5 45 20.5 0.4 NA
166 "2022-01-28 08:27:02" 24.5 45 20.5 0.4 NA
167 "2022-01-28 08:27:12" 24.5 45 20.5 0.4 NA
168 "2022-01-28 08:27:22" 24.5 45 20.5 0.4 NA
169 "2022-01-28 08:27:32" 24.5 45 20.5 0.4 NA
170 "2022-01-28 08:27:42" 24.5 45 20.5 0.4 NA
171 "2022-01-28 08:27:52" 24.5 45 20.5 0.4 NA
172 "2022-01-28 08:28:02" 24.5 45 20.5 0.4 NA
173 "2022-01-28 08:28:12" 24.5 45 20.5 0.4 NA
174 "2022-01-28 08:28:22" 24.5 45 20.5 0.4 NA
175 "2022-01-28 08:28:32" 24.5 45 20.5 0.4 NA
176 "2022-01-28 08:28:42" 24.5 45 20.5 0.4 NA
177 "2022-01-28 08:28:52" 24.5 45 20 0.1 NA
178 "2022-01-28 08:29:02" 24.5 45 20.5 0.4 NA
179 "2022-01-28 08:29:12" 24.5 45 20.5 0.4 NA
180 "2022-01-28 08:29:22" 24.5 45 20 0.1 NA
181 "2022-01-28 08:29:32" 24.5 45 20 0.1 NA
182 "2022-01-28 08:29:42" 24.5 45 20 0.1 NA
183 "2022-01-28 08:29:52" 24.5 45 20 0.1 NA
184 "2022-01-28 08:30:02" 24.5 45 20 0.1 NA
185 "2022-01-28 08:30:12" 24.5 45 20 0.1 NA
186 "2022-01-28 08:30:22" 24.5 45 20 0.1 NA
187 "2022-01-28 08:30:32" 24.5 45 20 0.1 NA
188 "2022-01-28 08:30:42" 24.5 45 20 0.1 NA
189 "2022-01-28 08:30:52" 24.5 45 20 0.1 NA
190 "2022-01-28 08:31:02" 24.5 45 20 0.1 NA
191 "2022-01-28 08:31:12" 24.5 45 20 0.1 NA
192 "2022-01-28 08:31:22" 24.5 45 20 0.1 NA
193 "2022-01-28 08:31:32" 24.5 45 20 0.1 NA
194 "2022-01-28 08:31:42" 24.5 45 20 0.1 NA
195 "2022-01-28 08:31:52" 24.5 45 20 0.1 NA
196 "2022-01-28 08:32:02" 24.5 45 20 0.1 NA
197 "2022-01-28 08:32:12" 24.5 45 20 0.1 NA
198 "2022-01-28 08:32:22" 24.5 45 20 0.1 NA
199 "2022-01-28 08:32:32" 24.5 45 20 0.1 NA
200 "2022-01-28 08:32:42" 24.5 45 20 0.1 NA
201 "2022-01-28 08:32:52" 24.5 45 20 0.1 NA
202 "2022-01-28 08:33:02" 24.5 45 20 0.1 NA
203 "2022-01-28 08:33:12" 24.5 45 20 0.1 NA
204 "2022-01-28 08:33:22" 24.5 45 20 0.1 NA
205 "2022-01-28 08:33:32" 24.5 45 20 0.1 NA
206 "2022-01-28 08:33:42" 24.5 45 20 0.1 NA
207 "2022-01-28 08:33:52" 24.5 45 20 0.1 NA
208 "2022-01-28 08:34:02" 24.5 45 20 0.1 NA
209 "2022-01-28 08:34:12" 24.5 45 20 0.1 NA
210 "2022-01-28 08:34:22" 24.5 45 20 0.1 NA
211 "2022-01-28 08:34:32" 24.5 45 20 0.1 NA
212 "2022-01-28 08:34:42" 24.5 45 20 0.1 NA
213 "2022-01-28 08:34:52" 24.5 45 20 0.1 NA
214 "2022-01-28 08:35:02" 24.5 45 20 0.1 NA
215 "2022-01-28 08:35:12" 24.5 45 20 0.1 NA
216 "2022-01-28 08:35:22" 24.5 45 20 0.1 NA
217 "2022-01-28 08:35:32" 24.5 45 20 0.1 NA
218 "2022-01-28 08:35:42" 24.5 45 20 0.1 NA
219 "2022-01-28 08:35:52" 24.5 45 20 0.1 NA
220 "2022-01-28 08:36:02" 24.5 45 20 0.1 NA
221 "2022-01-28 08:36:12" 24.5 45 20 0.1 NA
222 "2022-01-28 08:36:22" 24.5 45 20 0.1 NA
223 "2022-01-28 08:36:32" 24.5 45 20 0.1 NA
224 "2022-01-28 08:36:42" 24.5 45 20 0.1 NA
225 "2022-01-28 08:36:52" 24.5 45 20 0.1 NA
226 "2022-01-28 08:37:02" 24.5 45 20 0.1 NA
227 "2022-01-28 08:37:12" 24.5 45 20 0.1 NA
228 "2022-01-28 08:37:22" 24.5 45 20 0.1 NA
229 "2022-01-28 08:37:32" 24.5 45 20 0.1 NA
230 "2022-01-28 08:37:42" 24.5 45 20 0.1 NA
231 "2022-01-28 08:37:52" 24.5 45 20 0.1 NA
232 "2022-01-28 08:38:02" 24.5 45 20 0.1 NA
233 "2022-01-28 08:38:12" 24.5 45 20 0.1 NA
234 "2022-01-28 08:38:22" 24.5 45 20 0.1 NA
235 "2022-01-28 08:38:32" 24.5 45 20 0.1 NA
236 "2022-01-28 08:38:42" 24.5 45 20 0.1 NA
237 "2022-01-28 08:38:52" 24.5 45 20 0.1 NA
238 "2022-01-28 08:39:02" 24.5 45 20 0.1 NA
239 "2022-01-28 08:39:12" 24.5 45 20 0.1 NA
240 "2022-01-28 08:39:22" 24.5 45 20 0.1 NA
241 "2022-01-28 08:39:32" 24.5 45 20 0.1 NA
242 "2022-01-28 08:39:42" 24.5 45 20 0.1 NA
243 "2022-01-28 08:39:52" 24.5 45 20 0.1 NA
244 "2022-01-28 08:40:02" 24.5 45 20 0.1 NA
245 "2022-01-28 08:40:12" 24.5 45 20 0.1 NA
246 "2022-01-28 08:40:22" 24.5 45 20 0.1 NA
247 "2022-01-28 08:40:32" 24.5 45 20 0.1 NA
248 "2022-01-28 08:40:42" 24.5 45 20 0.1 NA
249 "2022-01-28 08:40:52" 24.5 45 20 0.1 NA
250 "2022-01-28 08:41:02" 24.5 45 20 0.1 NA
251 "2022-01-28 08:41:12" 24.5 45 20 0.1 NA
252 "2022-01-28 08:41:22" 24.5 45 20 0.1 NA
253 "2022-01-28 08:41:32" 24.5 45 20 0.1 NA
254 "2022-01-28 08:41:42" 24.5 45 20 0.1 NA
255 "2022-01-28 08:41:52" 24.5 45 20.5 0.4 NA
256 "2022-01-28 08:42:02" 24.5 45 20.5 0.4 NA
257 "2022-01-28 08:42:12" 24.5 45 20.5 0.4 NA
258 "2022-01-28 08:42:22" 24.5 45 20.5 0.4 NA
259 "2022-01-28 08:42:32" 24.5 45 20 0.1 NA
260 "2022-01-28 08:42:42" 24.5 45 20 0.1 NA
261 "2022-01-28 08:42:52" 24.5 45 20 0.1 NA
262 "2022-01-28 08:43:02" 24.5 45 20.5 0.4 NA
263 "2022-01-28 08:43:12" 24.5 45 20.5 0.4 NA
264 "2022-01-28 08:43:22" 24.5 45 20.5 0.4 NA
265 "2022-01-28 08:43:32" 24.5 45 20.5 0.4 NA
266 "2022-01-28 08:43:42" 24.5 45 20 0.1 NA
267 "2022-01-28 08:43:52" 24.5 45 20 0.1 NA
268 "2022-01-28 08:44:02" 24.5 45 20 0.1 NA
269 "2022-01-28 08:44:12" 24.5 45 20 0.1 NA
270 "2022-01-28 08:44:22" 24.5 45 20 0.1 NA
271 "2022-01-28 08:44:32" 24.5 45 20 0.1 NA
272 "2022-01-28 08:44:42" 24.5 45 20 0.1 NA
273 "2022-01-28 08:44:52" 24.5 45 20 0.1 NA
274 "2022-01-28 08:45:02" 24.5 45 20 0.1 NA
275 "2022-01-28 08:45:12" 24.5 45 20 0.1 NA
276 "2022-01-28 08:45:22" 25 45 20 0.5 NA
277 "2022-01-28 08:45:32" 25 45 20 0.5 NA
278 "2022-01-28 08:45:42" 25 45 20.5 0.8 NA
279 "2022-01-28 08:45:52" 25 45 20 0.5 NA
280 "2022-01-28 08:46:02" 25 45 20 0.5 NA
281 "2022-01-28 08:46:12" 25 45 20 0.5 NA
282 "2022-01-28 08:46:22" 25 45 20 0.5 NA
283 "2022-01-28 08:46:32" 25 45 20 0.5 NA
284 "2022-01-28 08:46:42" 25 45 20 0.5 NA
285 "2022-01-28 08:46:52" 25 45 20 0.5 NA
286 "2022-01-28 08:47:02" 25 45 20 0.5 NA
287 "2022-01-28 08:47:12" 25 45 20 0.5 NA
288 "2022-01-28 08:47:22" 25 45 20 0.5 NA
289 "2022-01-28 08:47:32" 25 45 20 0.5 NA
290 "2022-01-28 08:47:42" 25 45 20 0.5 NA
291 "2022-01-28 08:47:52" 25 45 20 0.5 NA
292 "2022-01-28 08:48:02" 25 45 20 0.5 NA
293 "2022-01-28 08:48:12" 25 45 20 0.5 NA
294 "2022-01-28 08:48:22" 25 45 20 0.5 NA
295 "2022-01-28 08:48:32" 25 45 20 0.5 NA
296 "2022-01-28 08:48:42" 25 45 20 0.5 NA
297 "2022-01-28 08:48:52" 25 45 20 0.5 NA
298 "2022-01-28 08:49:02" 25 45 20 0.5 NA
299 "2022-01-28 08:49:12" 25 45 20 0.5 NA
300 "2022-01-28 08:49:22" 25 45 20 0.5 NA
301 "2022-01-28 08:49:32" 25 45 20 0.5 NA
302 "2022-01-28 08:49:42" 25 45 20 0.5 NA
303 "2022-01-28 08:49:52" 25 45 20 0.5 NA
304 "2022-01-28 08:50:02" 25 45 20 0.5 NA
305 "2022-01-28 08:50:12" 25 45 20 0.5 NA
306 "2022-01-28 08:50:22" 25 45 20 0.5 NA
307 "2022-01-28 08:50:32" 25 45 20 0.5 NA
308 "2022-01-28 08:50:42" 25 45 20 0.5 NA
309 "2022-01-28 08:50:52" 25 45 20 0.5 NA
310 "2022-01-28 08:51:02" 25 45 20 0.5 NA
311 "2022-01-28 08:51:12" 25 45 20 0.5 NA
312 "2022-01-28 08:51:22" 25 45 20 0.5 NA
313 "2022-01-28 08:51:32" 25 45 20 0.5 NA
314 "2022-01-28 08:51:42" 25 45 20 0.5 NA
315 "2022-01-28 08:51:52" 25 45 20 0.5 NA
316 "2022-01-28 08:52:02" 25 45 20 0.5 NA
317 "2022-01-28 08:52:12" 25 45 20 0.5 NA
318 "2022-01-28 08:52:22" 25 45 20 0.5 NA
319 "2022-01-28 08:52:32" 25 45 26.5 4.5 NA
320 "2022-01-28 08:52:42" 25 45 34 8.1 NA
321 "2022-01-28 08:52:52" 25 45 31.5 6.9 NA
322 "2022-01-28 08:53:02" 25 45 25 3.6 NA
323 "2022-01-28 08:53:12" 25 45 22 1.8 NA
324 "2022-01-28 08:53:22" 25.5 45 21 1.6 NA
325 "2022-01-28 08:53:32" 25.5 45 21 1.6 NA
326 "2022-01-28 08:53:42" 26 45 20.5 1.7 NA
327 "2022-01-28 08:53:52" 26 45 20.5 1.7 NA
328 "2022-01-28 08:54:02" 26.5 45 20 1.7 NA
329 "2022-01-28 08:54:12" 26.5 45 20 1.7 NA
330 "2022-01-28 08:54:22" 27 45 19.5 1.8 NA
331 "2022-01-28 08:54:32" 27.5 45 19.5 2.2 NA
332 "2022-01-28 08:54:42" 27.5 45 19 1.8 NA
333 "2022-01-28 08:54:52" 28 45 19 2.2 NA
334 "2022-01-28 08:55:02" 28 45 18.5 1.9 NA
335 "2022-01-28 08:55:12" 28.5 45 18.5 2.3 NA
336 "2022-01-28 08:55:22" 29 45 18 2.3 NA
337 "2022-01-28 08:55:32" 29 45 17.5 1.9 NA
338 "2022-01-28 08:55:42" 29.5 45 17.5 2.3 NA
339 "2022-01-28 08:55:52" 30 45 17.5 2.7 NA
340 "2022-01-28 08:56:02" 30 45 17 2.3 NA
341 "2022-01-28 08:56:12" 30.5 45 17 2.7 NA
342 "2022-01-28 08:56:22" 30.5 45 16.5 2.3 NA
343 "2022-01-28 08:56:32" 31 45 16.5 2.7 NA
344 "2022-01-28 08:56:42" 31.5 45 16.5 3.1 NA
345 "2022-01-28 08:56:52" 31.5 45 17 3.5 NA
346 "2022-01-28 08:57:02" 32 45 17 3.9 NA
347 "2022-01-28 08:57:12" 32 45 16.5 3.5 NA
348 "2022-01-28 08:57:22" 32.5 45 16.5 3.9 NA
349 "2022-01-28 08:57:32" 32.5 45 16.5 3.9 NA
350 "2022-01-28 08:57:42" 33 45 16 3.9 NA
351 "2022-01-28 08:57:52" 33 45 15.5 3.4 NA
352 "2022-01-28 08:58:02" 33.5 45 15 3.3 NA
353 "2022-01-28 08:58:12" 33.5 45 15 3.3 NA
354 "2022-01-28 08:58:22" 33.5 45 15 3.3 NA
355 "2022-01-28 08:58:32" 34 45 14.5 3.2 NA
356 "2022-01-28 08:58:42" 34 45 14.5 3.2 NA
357 "2022-01-28 08:58:52" 34.5 45 14.5 3.6 NA
358 "2022-01-28 08:59:02" 34.5 45 14.5 3.6 NA
359 "2022-01-28 08:59:12" 35 45 14.5 4 NA
360 "2022-01-28 08:59:22" 35 45 14 3.5 NA
361 "2022-01-28 08:59:32" 35 45 14 3.5 NA
362 "2022-01-28 08:59:42" 35.5 45 14 3.9 NA
363 "2022-01-28 08:59:52" 35.5 45 14 3.9 NA
364 "2022-01-28 09:00:02" 36 45 14 4.3 NA
365 "2022-01-28 09:00:12" 36 45 14 4.3 NA
366 "2022-01-28 09:00:22" 36 45 13.5 3.8 NA
367 "2022-01-28 09:00:32" 36.5 45 13.5 4.2 NA
368 "2022-01-28 09:00:42" 36.5 45 13.5 4.2 NA
369 "2022-01-28 09:00:52" 36.5 45 13 3.7 NA
370 "2022-01-28 09:01:02" 37 45 13 4 NA
371 "2022-01-28 09:01:12" 37 45 13 4 NA
372 "2022-01-28 09:01:22" 37 45 13 4 NA
373 "2022-01-28 09:01:32" 37.5 45 13 4.4 NA
374 "2022-01-28 09:01:42" 37.5 45 13 4.4 NA
375 "2022-01-28 09:01:52" 37.5 45 13 4.4 NA
376 "2022-01-28 09:02:02" 38 45 13 4.8 NA
377 "2022-01-28 09:02:12" 38 45 13 4.8 NA
378 "2022-01-28 09:02:22" 38 45 12.5 4.3 NA
379 "2022-01-28 09:02:32" 38.5 45 12.5 4.6 NA
380 "2022-01-28 09:02:42" 38.5 45 12.5 4.6 NA
381 "2022-01-28 09:02:52" 38.5 45 12.5 4.6 NA
382 "2022-01-28 09:03:02" 38.5 45 12.5 4.6 NA
383 "2022-01-28 09:03:12" 39 45 12.5 5 NA
384 "2022-01-28 09:03:22" 39 45 12.5 5 NA
385 "2022-01-28 09:03:32" 39 45 12.5 5 NA
386 "2022-01-28 09:03:42" 39 45 12 4.4 NA
387 "2022-01-28 09:03:52" 39.5 45 12 4.8 NA
388 "2022-01-28 09:04:02" 39.5 45 12 4.8 NA
389 "2022-01-28 09:04:12" 39.5 45 12 4.8 NA
390 "2022-01-28 09:04:22" 39.5 45 12 4.8 NA
391 "2022-01-28 09:04:32" 40 45 12 5.2 NA
392 "2022-01-28 09:04:42" 40 45 12 5.2 NA
393 "2022-01-28 09:04:52" 40 45 12 5.2 NA
394 "2022-01-28 09:05:02" 40 45 12 5.2 NA
395 "2022-01-28 09:05:12" 40 45 12 5.2 NA
396 "2022-01-28 09:05:22" 40.5 45 11.5 5 NA
397 "2022-01-28 09:05:32" 40.5 45 11.5 5 NA
398 "2022-01-28 09:05:42" 40.5 45 11.5 5 NA
399 "2022-01-28 09:05:52" 40.5 45 11.5 5 NA
400 "2022-01-28 09:06:02" 40.5 45 11.5 5 NA
401 "2022-01-28 09:06:12" 41 45 11.5 5.4 NA
402 "2022-01-28 09:06:22" 41 45 11.5 5.4 NA
403 "2022-01-28 09:06:32" 41 45 11.5 5.4 NA
404 "2022-01-28 09:06:42" 41 45 11.5 5.4 NA
405 "2022-01-28 09:06:52" 41 45 11.5 5.4 NA
406 "2022-01-28 09:07:02" 41 45 11.5 5.4 NA
407 "2022-01-28 09:07:12" 41 45 11.5 5.4 NA
408 "2022-01-28 09:07:22" 41.5 45 11.5 5.7 NA
409 "2022-01-28 09:07:32" 41.5 45 11.5 5.7 NA
410 "2022-01-28 09:07:42" 41.5 45 11.5 5.7 NA
411 "2022-01-28 09:07:52" 41.5 45 11.5 5.7 NA
412 "2022-01-28 09:08:02" 41.5 45 11.5 5.7 NA
413 "2022-01-28 09:08:12" 41.5 45 11 5.1 NA
414 "2022-01-28 09:08:22" 41.5 45 11 5.1 NA
415 "2022-01-28 09:08:32" 41.5 45 11 5.1 NA
416 "2022-01-28 09:08:42" 42 45 11 5.5 NA
417 "2022-01-28 09:08:52" 42 45 11 5.5 NA
418 "2022-01-28 09:09:02" 42 45 11 5.5 NA
419 "2022-01-28 09:09:12" 42 45 11 5.5 NA
420 "2022-01-28 09:09:22" 42 45 11 5.5 NA
421 "2022-01-28 09:09:32" 42 45 11 5.5 NA
422 "2022-01-28 09:09:42" 42 45 11 5.5 NA
423 "2022-01-28 09:09:52" 42 45 11 5.5 NA
424 "2022-01-28 09:10:02" 42 45 11 5.5 NA
425 "2022-01-28 09:10:12" 42.5 45 11.5 6.5 NA
426 "2022-01-28 09:10:22" 42.5 45 11 5.9 NA
427 "2022-01-28 09:10:32" 42.5 45 11.5 6.5 NA
428 "2022-01-28 09:10:42" 42.5 45 11.5 6.5 NA
429 "2022-01-28 09:10:52" 42.5 45 11 5.9 NA
430 "2022-01-28 09:11:02" 42.5 45 11.5 6.5 NA
431 "2022-01-28 09:11:12" 42.5 45 11 5.9 NA
432 "2022-01-28 09:11:22" 42.5 45 11 5.9 NA
433 "2022-01-28 09:11:32" 42.5 45 11 5.9 NA
434 "2022-01-28 09:11:42" 42.5 45 11 5.9 NA
435 "2022-01-28 09:11:52" 42.5 45 11 5.9 NA
436 "2022-01-28 09:12:02" 42.5 45 11 5.9 NA
437 "2022-01-28 09:12:12" 42.5 45 11 5.9 NA
438 "2022-01-28 09:12:22" 42.5 45 11 5.9 NA
439 "2022-01-28 09:12:32" 42.5 45 11 5.9 NA
440 "2022-01-28 09:12:42" 42.5 45 11 5.9 NA
441 "2022-01-28 09:12:52" 42.5 45 11 5.9 NA
442 "2022-01-28 09:13:02" 42.5 45 11 5.9 NA
443 "2022-01-28 09:13:12" 43 45 11 6.2 NA
444 "2022-01-28 09:13:22" 43 45 10.5 5.6 NA
445 "2022-01-28 09:13:32" 43 45 11 6.2 NA
446 "2022-01-28 09:13:42" 43 45 11 6.2 NA
447 "2022-01-28 09:13:52" 43 45 11 6.2 NA
448 "2022-01-28 09:14:02" 43 45 11 6.2 NA
449 "2022-01-28 09:14:12" 43 45 11 6.2 NA
450 "2022-01-28 09:14:22" 43 45 10.5 5.6 NA
451 "2022-01-28 09:14:32" 43 45 10.5 5.6 NA
452 "2022-01-28 09:14:42" 43 45 10.5 5.6 NA
453 "2022-01-28 09:14:52" 43 45 10.5 5.6 NA
454 "2022-01-28 09:15:02" 43 45 10.5 5.6 NA
455 "2022-01-28 09:15:12" 43 45 10.5 5.6 NA
456 "2022-01-28 09:15:22" 43 45 11 6.2 NA
457 "2022-01-28 09:15:32" 43 45 11 6.2 NA
458 "2022-01-28 09:15:42" 43 45 10.5 5.6 NA
459 "2022-01-28 09:15:52" 43 45 10.5 5.6 NA
460 "2022-01-28 09:16:02" 43 45 10.5 5.6 NA
461 "2022-01-28 09:16:12" 43 45 10.5 5.6 NA
462 "2022-01-28 09:16:22" 43 45 10.5 5.6 NA
463 "2022-01-28 09:16:32" 43 45 10.5 5.6 NA
464 "2022-01-28 09:16:42" 43 45 10.5 5.6 NA
465 "2022-01-28 09:16:52" 43 45 10.5 5.6 NA
466 "2022-01-28 09:17:02" 43 45 10.5 5.6 NA
467 "2022-01-28 09:17:12" 43 45 10.5 5.6 NA
468 "2022-01-28 09:17:22" 43 45 10.5 5.6 NA
469 "2022-01-28 09:17:32" 43 45 11 6.2 NA
470 "2022-01-28 09:17:42" 43 45 10.5 5.6 NA
471 "2022-01-28 09:17:52" 43 45 10.5 5.6 NA
472 "2022-01-28 09:18:02" 43 45 10.5 5.6 NA
473 "2022-01-28 09:18:12" 43 45 10.5 5.6 NA
474 "2022-01-28 09:18:22" 43 45 10.5 5.6 NA
475 "2022-01-28 09:18:32" 43 45 10.5 5.6 NA
476 "2022-01-28 09:18:42" 43 45 10.5 5.6 NA
477 "2022-01-28 09:18:52" 43 45 10.5 5.6 NA
478 "2022-01-28 09:19:02" 43.5 45 10.5 5.9 NA
479 "2022-01-28 09:19:12" 43.5 45 10.5 5.9 NA
480 "2022-01-28 09:19:22" 43.5 45 10.5 5.9 NA
481 "2022-01-28 09:19:32" 43.5 45 10.5 5.9 NA
482 "2022-01-28 09:19:42" 43.5 45 10.5 5.9 NA
483 "2022-01-28 09:19:52" 43.5 45 10.5 5.9 NA
484 "2022-01-28 09:20:02" 43.5 45 10.5 5.9 NA
485 "2022-01-28 09:20:12" 43.5 45 10.5 5.9 NA
486 "2022-01-28 09:20:22" 43.5 45 10.5 5.9 NA
487 "2022-01-28 09:20:32" 43.5 45 10.5 5.9 NA
488 "2022-01-28 09:20:42" 43.5 45 10.5 5.9 NA
489 "2022-01-28 09:20:52" 43.5 45 10.5 5.9 NA
490 "2022-01-28 09:21:02" 43.5 45 10.5 5.9 NA
491 "2022-01-28 09:21:12" 43.5 45 10.5 5.9 NA
492 "2022-01-28 09:21:22" 43.5 45 10.5 5.9 NA
493 "2022-01-28 09:21:32" 43.5 45 10.5 5.9 NA
494 "2022-01-28 09:21:42" 43.5 45 10.5 5.9 NA
495 "2022-01-28 09:21:52" 43.5 45 10.5 5.9 NA
496 "2022-01-28 09:22:02" 43.5 45 10.5 5.9 NA
497 "2022-01-28 09:22:12" 43.5 45 10.5 5.9 NA
498 "2022-01-28 09:22:22" 43.5 45 10.5 5.9 NA
499 "2022-01-28 09:22:32" 43.5 45 11 6.6 NA
500 "2022-01-28 09:22:42" 43.5 45 10.5 5.9 NA
501 "2022-01-28 09:22:52" 43.5 45 10.5 5.9 NA
502 "2022-01-28 09:23:02" 43.5 45 10.5 5.9 NA
503 "2022-01-28 09:23:12" 43.5 45 11.5 7.3 NA
504 "2022-01-28 09:23:22" 43.5 45 10.5 5.9 NA
505 "2022-01-28 09:23:32" 43.5 45 10.5 5.9 NA
506 "2022-01-28 09:23:42" 43.5 45 10.5 5.9 NA
507 "2022-01-28 09:23:52" 43.5 45 10.5 5.9 NA
508 "2022-01-28 09:24:02" 43.5 45 10.5 5.9 NA
509 "2022-01-28 09:24:12" 43.5 45 10.5 5.9 NA
510 "2022-01-28 09:24:22" 43.5 45 10.5 5.9 NA
511 "2022-01-28 09:24:32" 43.5 45 10.5 5.9 NA
512 "2022-01-28 09:24:42" 43.5 45 10.5 5.9 NA
513 "2022-01-28 09:24:52" 43.5 45 11.5 7.3 NA
514 "2022-01-28 09:25:02" 43.5 45 12 7.9 NA
515 "2022-01-28 09:25:12" 43.5 45 11.5 7.3 NA
516 "2022-01-28 09:25:22" 43.5 45 11.5 7.3 NA
517 "2022-01-28 09:25:32" 43.5 45 11 6.6 NA
518 "2022-01-28 09:25:42" 43.5 45 11 6.6 NA
519 "2022-01-28 09:25:52" 43.5 45 11 6.6 NA
520 "2022-01-28 09:26:02" 43.5 45 11 6.6 NA
521 "2022-01-28 09:26:12" 43.5 45 11.5 7.3 NA
522 "2022-01-28 09:26:22" 43 45 11 6.2 NA
523 "2022-01-28 09:26:32" 43 45 11.5 6.9 NA
524 "2022-01-28 09:26:42" 43 45 11 6.2 NA
525 "2022-01-28 09:26:52" 43 45 11 6.2 NA
526 "2022-01-28 09:27:02" 43 45 11 6.2 NA
527 "2022-01-28 09:27:12" 43 45 11 6.2 NA
528 "2022-01-28 09:27:22" 43 45 11 6.2 NA
529 "2022-01-28 09:27:32" 43 45 11 6.2 NA
530 "2022-01-28 09:27:42" 43 45 11 6.2 NA
531 "2022-01-28 09:27:52" 43 45 10.5 5.6 NA
532 "2022-01-28 09:28:02" 43 45 10.5 5.6 NA
533 "2022-01-28 09:28:12" 43 45 11 6.2 NA
534 "2022-01-28 09:28:22" 43 45 10.5 5.6 NA
535 "2022-01-28 09:28:32" 43 45 11 6.2 NA
536 "2022-01-28 09:28:42" 43 45 11 6.2 NA
537 "2022-01-28 09:28:52" 43 45 11.5 6.9 NA
538 "2022-01-28 09:29:02" 43 45 10.5 5.6 NA
539 "2022-01-28 09:29:12" 43 45 10.5 5.6 NA
540 "2022-01-28 09:29:22" 43 45 10.5 5.6 NA
541 "2022-01-28 09:29:32" 43 45 10.5 5.6 NA
542 "2022-01-28 09:29:42" 43 45 10.5 5.6 NA
543 "2022-01-28 09:29:52" 43 45 11 6.2 NA
544 "2022-01-28 09:30:02" 43 45 10.5 5.6 NA
545 "2022-01-28 09:30:12" 43 45 11 6.2 NA
546 "2022-01-28 09:30:22" 43 45 11 6.2 NA
547 "2022-01-28 09:30:32" 43 45 10.5 5.6 NA
548 "2022-01-28 09:30:42" 43 45 10.5 5.6 NA
549 "2022-01-28 09:30:52" 43 45 10.5 5.6 NA
550 "2022-01-28 09:31:02" 43 45 10.5 5.6 NA
551 "2022-01-28 09:31:12" 43.5 45 10.5 5.9 NA
552 "2022-01-28 09:31:22" 43.5 45 10.5 5.9 NA
553 "2022-01-28 09:31:32" 43.5 45 10.5 5.9 NA
554 "2022-01-28 09:31:42" 43.5 45 10.5 5.9 NA
555 "2022-01-28 09:31:52" 43.5 45 10.5 5.9 NA
556 "2022-01-28 09:32:02" 43.5 45 10.5 5.9 NA
557 "2022-01-28 09:32:12" 43.5 45 10.5 5.9 NA
558 "2022-01-28 09:32:22" 43.5 45 10.5 5.9 NA
559 "2022-01-28 09:32:32" 43.5 45 10.5 5.9 NA
560 "2022-01-28 09:32:42" 43.5 45 10.5 5.9 NA
561 "2022-01-28 09:32:52" 43.5 45 10.5 5.9 NA
562 "2022-01-28 09:33:02" 43.5 45 10.5 5.9 NA
563 "2022-01-28 09:33:12" 43.5 45 10.5 5.9 NA
564 "2022-01-28 09:33:22" 43.5 45 10.5 5.9 NA
565 "2022-01-28 09:33:32" 43.5 45 10.5 5.9 NA
566 "2022-01-28 09:33:42" 43.5 45 10.5 5.9 NA
567 "2022-01-28 09:33:52" 43.5 45 10.5 5.9 NA
568 "2022-01-28 09:34:02" 43.5 45 10.5 5.9 NA
569 "2022-01-28 09:34:12" 43.5 45 10.5 5.9 NA
570 "2022-01-28 09:34:22" 43.5 45 11 6.6 NA
571 "2022-01-28 09:34:32" 43.5 45 10.5 5.9 NA
572 "2022-01-28 09:34:42" 43.5 45 10.5 5.9 NA
573 "2022-01-28 09:34:52" 43.5 45 10.5 5.9 NA
574 "2022-01-28 09:35:02" 43.5 45 10.5 5.9 NA
575 "2022-01-28 09:35:12" 43.5 45 10.5 5.9 NA
576 "2022-01-28 09:35:22" 43.5 45 10.5 5.9 NA
577 "2022-01-28 09:35:32" 43.5 45 10.5 5.9 NA
578 "2022-01-28 09:35:42" 43.5 45 10.5 5.9 NA
579 "2022-01-28 09:35:52" 43.5 45 11 6.6 NA
580 "2022-01-28 09:36:02" 43.5 45 10.5 5.9 NA
581 "2022-01-28 09:36:12" 43.5 45 11 6.6 NA
582 "2022-01-28 09:36:22" 43.5 45 10.5 5.9 NA
583 "2022-01-28 09:36:32" 43.5 45 10.5 5.9 NA
584 "2022-01-28 09:36:42" 43.5 45 10.5 5.9 NA
585 "2022-01-28 09:36:52" 43.5 45 10.5 5.9 NA
586 "2022-01-28 09:37:02" 43.5 45 10.5 5.9 NA
587 "2022-01-28 09:37:12" 43.5 45 11 6.6 NA
588 "2022-01-28 09:37:22" 43.5 45 10.5 5.9 NA
589 "2022-01-28 09:37:32" 43.5 45 10.5 5.9 NA
590 "2022-01-28 09:37:42" 43.5 45 10.5 5.9 NA
591 "2022-01-28 09:37:52" 43.5 45 10.5 5.9 NA
592 "2022-01-28 09:38:02" 43.5 45 10.5 5.9 NA
593 "2022-01-28 09:38:12" 43.5 45 10.5 5.9 NA
594 "2022-01-28 09:38:22" 43.5 45 10.5 5.9 NA
595 "2022-01-28 09:38:32" 43.5 45 10.5 5.9 NA
596 "2022-01-28 09:38:42" 43.5 45 10.5 5.9 NA
597 "2022-01-28 09:38:52" 43.5 45 10.5 5.9 NA
598 "2022-01-28 09:39:02" 43.5 45 10.5 5.9 NA
599 "2022-01-28 09:39:12" 43.5 45 11 6.6 NA
600 "2022-01-28 09:39:22" 43.5 45 10.5 5.9 NA
601 "2022-01-28 09:39:32" 43.5 45 10.5 5.9 NA
602 "2022-01-28 09:39:42" 43.5 45 10.5 5.9 NA
603 "2022-01-28 09:39:52" 43.5 45 10.5 5.9 NA
604 "2022-01-28 09:40:02" 43.5 45 10.5 5.9 NA
605 "2022-01-28 09:40:12" 43.5 45 10.5 5.9 NA
606 "2022-01-28 09:40:22" 43.5 45 10.5 5.9 NA
607 "2022-01-28 09:40:32" 43.5 45 10.5 5.9 NA
608 "2022-01-28 09:40:42" 43.5 45 10.5 5.9 NA
609 "2022-01-28 09:40:52" 43.5 45 10.5 5.9 NA
610 "2022-01-28 09:41:02" 43.5 45 10.5 5.9 NA
611 "2022-01-28 09:41:12" 43.5 45 10.5 5.9 NA
612 "2022-01-28 09:41:22" 43.5 45 10.5 5.9 NA
613 "2022-01-28 09:41:32" 43.5 45 10.5 5.9 NA
614 "2022-01-28 09:41:42" 43.5 45 10.5 5.9 NA
615 "2022-01-28 09:41:52" 43.5 45 10.5 5.9 NA
616 "2022-01-28 09:42:02" 43.5 45 10.5 5.9 NA
617 "2022-01-28 09:42:12" 43.5 45 10.5 5.9 NA
618 "2022-01-28 09:42:22" 43.5 45 10.5 5.9 NA
619 "2022-01-28 09:42:32" 43.5 45 10.5 5.9 NA
620 "2022-01-28 09:42:42" 43.5 45 10.5 5.9 NA
621 "2022-01-28 09:42:52" 43.5 45 10.5 5.9 NA
622 "2022-01-28 09:43:02" 43.5 45 10.5 5.9 NA
623 "2022-01-28 09:43:12" 43.5 45 10.5 5.9 NA
624 "2022-01-28 09:43:22" 43.5 45 10.5 5.9 NA
625 "2022-01-28 09:43:32" 43.5 45 10.5 5.9 NA
626 "2022-01-28 09:43:42" 43.5 45 10.5 5.9 NA
627 "2022-01-28 09:43:52" 43.5 45 10.5 5.9 NA
628 "2022-01-28 09:44:02" 43.5 45 10.5 5.9 NA
629 "2022-01-28 09:44:12" 43.5 45 10.5 5.9 NA
630 "2022-01-28 09:44:22" 43.5 45 10.5 5.9 NA
631 "2022-01-28 09:44:32" 43.5 45 10 5.2 NA
632 "2022-01-28 09:44:42" 43.5 45 10.5 5.9 NA
633 "2022-01-28 09:44:52" 43.5 45 10 5.2 NA
634 "2022-01-28 09:45:02" 43.5 45 10 5.2 NA
635 "2022-01-28 09:45:12" 43.5 45 10 5.2 NA
636 "2022-01-28 09:45:22" 43.5 45 10.5 5.9 NA
637 "2022-01-28 09:45:32" 43.5 45 10 5.2 NA
638 "2022-01-28 09:45:42" 43.5 45 10 5.2 NA
639 "2022-01-28 09:45:52" 43.5 45 10.5 5.9 NA
640 "2022-01-28 09:46:02" 43.5 45 10.5 5.9 NA
641 "2022-01-28 09:46:12" 43.5 45 10 5.2 NA
642 "2022-01-28 09:46:22" 43.5 45 10 5.2 NA
643 "2022-01-28 09:46:32" 43.5 45 10.5 5.9 NA
644 "2022-01-28 09:46:42" 43.5 45 10.5 5.9 NA
645 "2022-01-28 09:46:52" 43.5 45 10.5 5.9 NA
646 "2022-01-28 09:47:02" 43.5 45 10 5.2 NA
647 "2022-01-28 09:47:12" 43.5 45 10 5.2 NA
648 "2022-01-28 09:47:22" 43.5 45 10.5 5.9 NA
649 "2022-01-28 09:47:32" 43.5 45 10.5 5.9 NA
650 "2022-01-28 09:47:42" 43.5 45 10 5.2 NA
651 "2022-01-28 09:47:52" 43.5 45 10 5.2 NA
652 "2022-01-28 09:48:02" 43.5 45 10.5 5.9 NA
653 "2022-01-28 09:48:12" 43.5 45 10 5.2 NA
654 "2022-01-28 09:48:22" 43.5 45 10 5.2 NA
655 "2022-01-28 09:48:32" 43.5 45 10 5.2 NA
656 "2022-01-28 09:48:42" 43.5 45 10 5.2 NA
657 "2022-01-28 09:48:52" 43.5 45 10 5.2 NA
658 "2022-01-28 09:49:02" 43.5 45 10 5.2 NA
659 "2022-01-28 09:49:12" 43.5 45 10 5.2 NA
660 "2022-01-28 09:49:22" 43.5 45 10 5.2 NA
661 "2022-01-28 09:49:32" 43.5 45 10.5 5.9 NA
662 "2022-01-28 09:49:42" 43.5 45 10 5.2 NA
663 "2022-01-28 09:49:52" 43.5 45 10.5 5.9 NA
664 "2022-01-28 09:50:02" 43.5 45 10.5 5.9 NA
665 "2022-01-28 09:50:12" 43.5 45 10 5.2 NA
666 "2022-01-28 09:50:22" 43.5 45 10 5.2 NA
667 "2022-01-28 09:50:32" 43.5 45 10 5.2 NA
668 "2022-01-28 09:50:42" 43.5 45 10.5 5.9 NA
669 "2022-01-28 09:50:52" 43.5 45 10 5.2 NA
670 "2022-01-28 09:51:02" 43.5 45 10.5 5.9 NA
671 "2022-01-28 09:51:12" 43.5 45 10 5.2 NA
672 "2022-01-28 09:51:22" 43.5 45 10 5.2 NA
673 "2022-01-28 09:51:32" 43.5 45 10 5.2 NA
674 "2022-01-28 09:51:42" 43.5 45 10.5 5.9 NA
675 "2022-01-28 09:51:52" 43.5 45 10 5.2 NA
676 "2022-01-28 09:52:02" 43.5 45 10.5 5.9 NA
677 "2022-01-28 09:52:12" 43.5 45 10 5.2 NA
678 "2022-01-28 09:52:22" 43.5 45 10 5.2 NA
679 "2022-01-28 09:52:32" 43.5 45 10 5.2 NA
680 "2022-01-28 09:52:42" 43.5 45 10 5.2 NA
681 "2022-01-28 09:52:52" 43.5 45 10 5.2 NA
682 "2022-01-28 09:53:02" 43.5 45 10 5.2 NA
683 "2022-01-28 09:53:12" 43.5 45 10.5 5.9 NA
684 "2022-01-28 09:53:22" 43.5 45 10.5 5.9 NA
685 "2022-01-28 09:53:32" 43.5 45 10 5.2 NA
686 "2022-01-28 09:53:42" 43.5 45 10 5.2 NA
687 "2022-01-28 09:53:52" 43.5 45 10 5.2 NA
688 "2022-01-28 09:54:02" 43.5 45 10.5 5.9 NA
689 "2022-01-28 09:54:12" 43.5 45 10 5.2 NA
690 "2022-01-28 09:54:22" 43.5 45 10 5.2 NA
691 "2022-01-28 09:54:32" 43.5 45 10 5.2 NA
692 "2022-01-28 09:54:42" 43.5 45 10 5.2 NA
693 "2022-01-28 09:54:52" 43.5 45 10 5.2 NA
694 "2022-01-28 09:55:02" 43.5 45 10.5 5.9 NA
695 "2022-01-28 09:55:12" 43.5 45 10 5.2 NA
696 "2022-01-28 09:55:22" 43.5 45 10 5.2 NA
697 "2022-01-28 09:55:32" 43.5 45 10 5.2 NA
698 "2022-01-28 09:55:42" 43.5 45 10 5.2 NA
699 "2022-01-28 09:55:52" 43.5 45 10 5.2 NA
700 "2022-01-28 09:56:02" 43.5 45 10 5.2 NA
701 "2022-01-28 09:56:12" 43.5 45 10 5.2 NA
702 "2022-01-28 09:56:22" 43.5 45 10.5 5.9 NA
703 "2022-01-28 09:56:32" 43.5 45 10.5 5.9 NA
704 "2022-01-28 09:56:42" 43.5 45 10 5.2 NA
705 "2022-01-28 09:56:52" 43.5 45 10 5.2 NA
706 "2022-01-28 09:57:02" 43.5 45 10 5.2 NA
707 "2022-01-28 09:57:12" 43.5 45 10 5.2 NA
708 "2022-01-28 09:57:22" 43.5 45 10 5.2 NA
709 "2022-01-28 09:57:32" 43.5 45 10.5 5.9 NA
710 "2022-01-28 09:57:42" 43.5 45 10 5.2 NA
711 "2022-01-28 09:57:52" 43.5 45 10 5.2 NA
712 "2022-01-28 09:58:02" 43 45 10.5 5.6 NA
713 "2022-01-28 09:58:12" 43 45 10.5 5.6 NA
714 "2022-01-28 09:58:22" 43 45 10.5 5.6 NA
715 "2022-01-28 09:58:32" 43 45 10.5 5.6 NA
716 "2022-01-28 09:58:42" 43 45 10.5 5.6 NA
717 "2022-01-28 09:58:52" 43 45 10.5 5.6 NA
718 "2022-01-28 09:59:02" 43 45 10.5 5.6 NA
719 "2022-01-28 09:59:12" 43 45 10.5 5.6 NA
720 "2022-01-28 09:59:22" 42.5 45 10.5 5.2 NA
721 "2022-01-28 09:59:32" 42.5 45 10.5 5.2 NA
722 "2022-01-28 09:59:42" 42.5 45 10.5 5.2 NA
723 "2022-01-28 09:59:52" 42.5 45 10.5 5.2 NA
724 "2022-01-28 10:00:02" 42.5 45 10.5 5.2 NA
725 "2022-01-28 10:00:12" 42.5 45 10.5 5.2 NA
726 "2022-01-28 10:00:22" 42.5 45 10.5 5.2 NA
727 "2022-01-28 10:00:32" 42 45 10.5 4.8 NA
728 "2022-01-28 10:00:42" 42 45 10.5 4.8 NA
729 "2022-01-28 10:00:52" 42 45 10.5 4.8 NA
730 "2022-01-28 10:01:02" 42 45 10.5 4.8 NA
731 "2022-01-28 10:01:12" 42 45 10.5 4.8 NA
732 "2022-01-28 10:01:22" 42 45 10.5 4.8 NA
733 "2022-01-28 10:01:32" 41.5 45 10.5 4.4 NA
734 "2022-01-28 10:01:42" 41.5 45 10.5 4.4 NA
735 "2022-01-28 10:01:52" 41.5 45 10.5 4.4 NA
736 "2022-01-28 10:02:02" 41.5 45 10.5 4.4 NA
737 "2022-01-28 10:02:12" 41.5 45 10.5 4.4 NA
738 "2022-01-28 10:02:22" 41 45 10.5 4.1 NA
739 "2022-01-28 10:02:32" 41 45 10.5 4.1 NA
740 "2022-01-28 10:02:42" 41 45 10.5 4.1 NA
741 "2022-01-28 10:02:52" 41 45 10.5 4.1 NA
742 "2022-01-28 10:03:02" 41 45 11 4.7 NA
743 "2022-01-28 10:03:12" 41 45 11 4.7 NA
744 "2022-01-28 10:03:22" 40.5 45 11 4.3 NA
745 "2022-01-28 10:03:32" 40.5 45 11 4.3 NA
746 "2022-01-28 10:03:42" 40.5 45 11 4.3 NA
747 "2022-01-28 10:03:52" 40.5 45 11 4.3 NA
748 "2022-01-28 10:04:02" 40.5 45 11 4.3 NA
749 "2022-01-28 10:04:12" 40.5 45 11 4.3 NA
750 "2022-01-28 10:04:22" 40 45 11 4 NA
751 "2022-01-28 10:04:32" 40 45 11 4 NA
752 "2022-01-28 10:04:42" 40 45 11 4 NA
753 "2022-01-28 10:04:52" 40 45 11 4 NA
754 "2022-01-28 10:05:02" 40 45 11 4 NA
755 "2022-01-28 10:05:12" 40 45 11 4 NA
756 "2022-01-28 10:05:22" 39.5 45 11 3.6 NA
757 "2022-01-28 10:05:32" 39.5 45 11 3.6 NA
758 "2022-01-28 10:05:42" 39.5 45 11 3.6 NA
759 "2022-01-28 10:05:52" 39.5 45 11 3.6 NA
760 "2022-01-28 10:06:02" 39.5 45 11 3.6 NA
761 "2022-01-28 10:06:12" 39.5 45 11.5 4.2 NA
762 "2022-01-28 10:06:22" 39 45 11.5 3.8 NA
763 "2022-01-28 10:06:32" 39 45 11.5 3.8 NA
764 "2022-01-28 10:06:42" 39 45 11.5 3.8 NA
765 "2022-01-28 10:06:52" 39 45 11.5 3.8 NA
766 "2022-01-28 10:07:02" 39 45 11.5 3.8 NA
767 "2022-01-28 10:07:12" 39 45 11.5 3.8 NA
768 "2022-01-28 10:07:22" 38.5 45 11.5 3.5 NA
769 "2022-01-28 10:07:32" 38.5 45 11.5 3.5 NA
770 "2022-01-28 10:07:42" 38.5 45 11.5 3.5 NA
771 "2022-01-28 10:07:52" 38.5 45 11.5 3.5 NA
772 "2022-01-28 10:08:02" 38.5 45 11.5 3.5 NA
773 "2022-01-28 10:08:12" 38.5 45 11.5 3.5 NA
774 "2022-01-28 10:08:22" 38 45 14 5.9 NA
775 "2022-01-28 10:08:32" 38 45 15.5 7.4 NA
