"V1" "V2" "V3" "V4" "V5" "V6" "V7"
1 "2022-01-30 07:46:24" 22 44.5 14.5 -6.2 10126936
2 "2022-01-30 07:46:34" 22 44.5 14.5 -6.2 NA
3 "2022-01-30 07:46:44" 22 44.5 16 -4.9 NA
4 "2022-01-30 07:46:54" 22.5 44.5 15 -5.4 NA
5 "2022-01-30 07:47:04" 22.5 44.5 14.5 -5.8 NA
6 "2022-01-30 07:47:14" 22.5 44.5 14 -6.3 NA
7 "2022-01-30 07:47:24" 22.5 44.5 14 -6.3 NA
8 "2022-01-30 07:47:34" 22.5 44.5 14 -6.3 NA
9 "2022-01-30 07:47:44" 22.5 44.5 14 -6.3 NA
10 "2022-01-30 07:47:54" 22.5 44.5 14 -6.3 NA
11 "2022-01-30 07:48:04" 22.5 44.5 14 -6.3 NA
12 "2022-01-30 07:48:14" 22.5 44.5 14 -6.3 NA
13 "2022-01-30 07:48:24" 22.5 44.5 14 -6.3 NA
14 "2022-01-30 07:48:34" 22.5 44.5 13.5 -6.8 NA
15 "2022-01-30 07:48:44" 22.5 44.5 13.5 -6.8 NA
16 "2022-01-30 07:48:54" 22.5 44.5 13.5 -6.8 NA
17 "2022-01-30 07:49:04" 22.5 44.5 13.5 -6.8 NA
18 "2022-01-30 07:49:14" 23 44.5 13.5 -6.4 NA
19 "2022-01-30 07:49:24" 23 44.5 13.5 -6.4 NA
20 "2022-01-30 07:49:34" 23 44.5 13.5 -6.4 NA
21 "2022-01-30 07:49:44" 23 44.5 13.5 -6.4 NA
22 "2022-01-30 07:49:54" 23 44.5 13.5 -6.4 NA
23 "2022-01-30 07:50:04" 23 44.5 13.5 -6.4 NA
24 "2022-01-30 07:50:14" 23 44.5 13.5 -6.4 NA
25 "2022-01-30 07:50:24" 23 44.5 13.5 -6.4 NA
26 "2022-01-30 07:50:34" 23 44.5 13.5 -6.4 NA
27 "2022-01-30 07:50:44" 23 44.5 13.5 -6.4 NA
28 "2022-01-30 07:50:54" 23 44.5 13.5 -6.4 NA
29 "2022-01-30 07:51:04" 23 44.5 13.5 -6.4 NA
30 "2022-01-30 07:51:14" 23 44.5 13.5 -6.4 NA
31 "2022-01-30 07:51:24" 23 44.5 13.5 -6.4 NA
32 "2022-01-30 07:51:34" 23 44.5 13.5 -6.4 NA
33 "2022-01-30 07:51:44" 23 44.5 13.5 -6.4 NA
34 "2022-01-30 07:51:54" 23 44.5 13.5 -6.4 NA
35 "2022-01-30 07:52:04" 23 44.5 13.5 -6.4 NA
36 "2022-01-30 07:52:14" 23 44.5 13.5 -6.4 NA
37 "2022-01-30 07:52:24" 23 44.5 13.5 -6.4 NA
38 "2022-01-30 07:52:34" 23 44.5 13.5 -6.4 NA
39 "2022-01-30 07:52:44" 23 44.5 13.5 -6.4 NA
40 "2022-01-30 07:52:54" 23 44.5 13.5 -6.4 NA
41 "2022-01-30 07:53:04" 23 44.5 13.5 -6.4 NA
42 "2022-01-30 07:53:14" 23 44.5 13.5 -6.4 NA
43 "2022-01-30 07:53:24" 23 44.5 13.5 -6.4 NA
44 "2022-01-30 07:53:34" 23 44.5 13.5 -6.4 NA
45 "2022-01-30 07:53:44" 23 44.5 13.5 -6.4 NA
46 "2022-01-30 07:53:54" 23 44.5 13.5 -6.4 NA
47 "2022-01-30 07:54:04" 23 44.5 13.5 -6.4 NA
48 "2022-01-30 07:54:14" 23 44.5 13.5 -6.4 NA
49 "2022-01-30 07:54:24" 23 44.5 13.5 -6.4 NA
50 "2022-01-30 07:54:34" 23 44.5 13.5 -6.4 NA
51 "2022-01-30 07:54:44" 23 44.5 13.5 -6.4 NA
52 "2022-01-30 07:54:54" 23 44.5 13.5 -6.4 NA
53 "2022-01-30 07:55:04" 23 44.5 13.5 -6.4 NA
54 "2022-01-30 07:55:14" 23 44.5 13.5 -6.4 NA
55 "2022-01-30 07:55:24" 23 44.5 13.5 -6.4 NA
56 "2022-01-30 07:55:34" 23 44.5 13.5 -6.4 NA
57 "2022-01-30 07:55:44" 23 44.5 13.5 -6.4 NA
58 "2022-01-30 07:55:54" 23 44.5 13.5 -6.4 NA
59 "2022-01-30 07:56:04" 23 44.5 13.5 -6.4 NA
60 "2022-01-30 07:56:14" 23 44.5 13.5 -6.4 NA
61 "2022-01-30 07:56:24" 23 44.5 14.5 -5.4 NA
62 "2022-01-30 07:56:34" 23 44.5 14.5 -5.4 NA
63 "2022-01-30 07:56:44" 23 44.5 14.5 -5.4 NA
64 "2022-01-30 07:56:54" 23 44.5 14.5 -5.4 NA
65 "2022-01-30 07:57:04" 23.5 44.5 14 -5.5 NA
66 "2022-01-30 07:57:14" 23.5 44.5 14 -5.5 NA
67 "2022-01-30 07:57:24" 24 44.5 14 -5.1 NA
68 "2022-01-30 07:57:34" 24 44.5 14 -5.1 NA
69 "2022-01-30 07:57:44" 24.5 44.5 13.5 -5.2 NA
70 "2022-01-30 07:57:54" 25 44.5 13.5 -4.8 NA
71 "2022-01-30 07:58:04" 25 44.5 13 -5.3 NA
72 "2022-01-30 07:58:14" 25.5 44.5 13 -4.9 NA
73 "2022-01-30 07:58:24" 26 44.5 13 -4.5 NA
74 "2022-01-30 07:58:34" 26.5 44.5 12.5 -4.6 NA
75 "2022-01-30 07:58:44" 26.5 44.5 12.5 -4.6 NA
76 "2022-01-30 07:58:54" 27 44.5 12.5 -4.3 NA
77 "2022-01-30 07:59:04" 27.5 44.5 12 -4.4 NA
78 "2022-01-30 07:59:14" 28 44.5 12 -4 NA
79 "2022-01-30 07:59:24" 28 44.5 12 -4 NA
80 "2022-01-30 07:59:34" 28.5 44.5 12 -3.6 NA
81 "2022-01-30 07:59:44" 29 44.5 11.5 -3.8 NA
82 "2022-01-30 07:59:54" 29 44.5 11.5 -3.8 NA
83 "2022-01-30 08:00:04" 29.5 44.5 11.5 -3.4 NA
84 "2022-01-30 08:00:14" 30 44.5 11.5 -3 NA
85 "2022-01-30 08:00:24" 30 44.5 11.5 -3 NA
86 "2022-01-30 08:00:34" 30.5 44.5 11 -3.3 NA
87 "2022-01-30 08:00:44" 30.5 44.5 11 -3.3 NA
88 "2022-01-30 08:00:54" 31 44.5 11 -2.9 NA
89 "2022-01-30 08:01:04" 31 44.5 10.5 -3.5 NA
90 "2022-01-30 08:01:14" 31.5 44.5 10.5 -3.1 NA
91 "2022-01-30 08:01:24" 32 44.5 10.5 -2.7 NA
92 "2022-01-30 08:01:34" 32 44.5 10.5 -2.7 NA
93 "2022-01-30 08:01:44" 32.5 44.5 10.5 -2.4 NA
94 "2022-01-30 08:01:54" 32.5 44.5 10.5 -2.4 NA
95 "2022-01-30 08:02:04" 32.5 44.5 10.5 -2.4 NA
96 "2022-01-30 08:02:14" 33 44.5 10.5 -2 NA
97 "2022-01-30 08:02:24" 33 44.5 10 -2.6 NA
98 "2022-01-30 08:02:34" 33.5 44.5 10 -2.3 NA
99 "2022-01-30 08:02:44" 33.5 44.5 10 -2.3 NA
100 "2022-01-30 08:02:54" 34 44.5 10 -1.9 NA
101 "2022-01-30 08:03:04" 34 44.5 10 -1.9 NA
102 "2022-01-30 08:03:14" 34 44.5 9.5 -2.6 NA
103 "2022-01-30 08:03:24" 34.5 44.5 9.5 -2.2 NA
104 "2022-01-30 08:03:34" 34.5 44.5 9.5 -2.2 NA
105 "2022-01-30 08:03:44" 35 44.5 9.5 -1.8 NA
106 "2022-01-30 08:03:54" 35 44.5 9.5 -1.8 NA
107 "2022-01-30 08:04:04" 35 44.5 9.5 -1.8 NA
108 "2022-01-30 08:04:14" 35.5 44.5 9.5 -1.5 NA
109 "2022-01-30 08:04:24" 35.5 44.5 9.5 -1.5 NA
110 "2022-01-30 08:04:34" 35.5 44.5 9.5 -1.5 NA
111 "2022-01-30 08:04:44" 36 44.5 9.5 -1.1 NA
112 "2022-01-30 08:04:54" 36 44.5 9 -1.8 NA
113 "2022-01-30 08:05:04" 36 44.5 9 -1.8 NA
114 "2022-01-30 08:05:14" 36.5 44.5 9 -1.4 NA
115 "2022-01-30 08:05:24" 36.5 44.5 9 -1.4 NA
116 "2022-01-30 08:05:34" 36.5 44.5 9 -1.4 NA
117 "2022-01-30 08:05:44" 37 44.5 9 -1.1 NA
118 "2022-01-30 08:05:54" 37 44.5 9 -1.1 NA
119 "2022-01-30 08:06:04" 37 44.5 9 -1.1 NA
120 "2022-01-30 08:06:14" 37.5 44.5 9 -0.7 NA
121 "2022-01-30 08:06:24" 37.5 44.5 9 -0.7 NA
122 "2022-01-30 08:06:34" 37.5 44.5 9 -0.7 NA
123 "2022-01-30 08:06:44" 37.5 44.5 8.5 -1.5 NA
124 "2022-01-30 08:06:54" 38 44.5 9 -0.3 NA
125 "2022-01-30 08:07:04" 38 44.5 8.5 -1.1 NA
126 "2022-01-30 08:07:14" 38 44.5 8.5 -1.1 NA
127 "2022-01-30 08:07:24" 38.5 44.5 8.5 -0.7 NA
128 "2022-01-30 08:07:34" 38.5 44.5 8.5 -0.7 NA
129 "2022-01-30 08:07:44" 38.5 44.5 8.5 -0.7 NA
130 "2022-01-30 08:07:54" 38.5 44.5 8.5 -0.7 NA
131 "2022-01-30 08:08:04" 38.5 44.5 8.5 -0.7 NA
132 "2022-01-30 08:08:14" 39 44.5 8.5 -0.4 NA
133 "2022-01-30 08:08:24" 39 44.5 8.5 -0.4 NA
134 "2022-01-30 08:08:34" 39 44.5 8.5 -0.4 NA
135 "2022-01-30 08:08:44" 39 44.5 8.5 -0.4 NA
136 "2022-01-30 08:08:54" 39.5 44.5 8.5 0 NA
137 "2022-01-30 08:09:04" 39.5 44.5 8.5 0 NA
138 "2022-01-30 08:09:14" 39.5 44.5 8.5 0 NA
139 "2022-01-30 08:09:24" 39.5 44.5 8.5 0 NA
140 "2022-01-30 08:09:34" 39.5 44.5 8.5 0 NA
141 "2022-01-30 08:09:44" 40 44.5 8.5 0.4 NA
142 "2022-01-30 08:09:54" 40 44.5 8.5 0.4 NA
143 "2022-01-30 08:10:04" 40 44.5 8.5 0.4 NA
144 "2022-01-30 08:10:14" 40 44.5 8.5 0.4 NA
145 "2022-01-30 08:10:24" 40 44.5 8 -0.5 NA
146 "2022-01-30 08:10:34" 40.5 44.5 8 -0.1 NA
147 "2022-01-30 08:10:44" 40.5 44.5 8 -0.1 NA
148 "2022-01-30 08:10:54" 40.5 44.5 8 -0.1 NA
149 "2022-01-30 08:11:04" 40.5 44.5 8 -0.1 NA
150 "2022-01-30 08:11:14" 40.5 44.5 8 -0.1 NA
151 "2022-01-30 08:11:24" 40.5 44.5 8 -0.1 NA
152 "2022-01-30 08:11:34" 41 44.5 8 0.3 NA
153 "2022-01-30 08:11:44" 41 44.5 8 0.3 NA
154 "2022-01-30 08:11:54" 41 44.5 8 0.3 NA
155 "2022-01-30 08:12:04" 41 44.5 8 0.3 NA
156 "2022-01-30 08:12:14" 41 44.5 8 0.3 NA
157 "2022-01-30 08:12:24" 41 44.5 8 0.3 NA
158 "2022-01-30 08:12:34" 41 44.5 8 0.3 NA
159 "2022-01-30 08:12:44" 41 44.5 8 0.3 NA
160 "2022-01-30 08:12:54" 41.5 44.5 8 0.6 NA
161 "2022-01-30 08:13:04" 41.5 44.5 8 0.6 NA
162 "2022-01-30 08:13:14" 41.5 44.5 8 0.6 NA
163 "2022-01-30 08:13:24" 41.5 44.5 8 0.6 NA
164 "2022-01-30 08:13:34" 41.5 44.5 8 0.6 NA
165 "2022-01-30 08:13:44" 41.5 44.5 8 0.6 NA
166 "2022-01-30 08:13:54" 41.5 44.5 8 0.6 NA
167 "2022-01-30 08:14:04" 41.5 44.5 8 0.6 NA
168 "2022-01-30 08:14:14" 41.5 44.5 8 0.6 NA
169 "2022-01-30 08:14:24" 41.5 44.5 8 0.6 NA
170 "2022-01-30 08:14:34" 42 44.5 8 1 NA
171 "2022-01-30 08:14:44" 42 44.5 8 1 NA
172 "2022-01-30 08:14:54" 42 44.5 8 1 NA
173 "2022-01-30 08:15:04" 42 44.5 8 1 NA
174 "2022-01-30 08:15:14" 42 44.5 8 1 NA
175 "2022-01-30 08:15:24" 42 44.5 8 1 NA
176 "2022-01-30 08:15:34" 42 44.5 8 1 NA
177 "2022-01-30 08:15:44" 42 44.5 8 1 NA
178 "2022-01-30 08:15:54" 42 44.5 8 1 NA
179 "2022-01-30 08:16:04" 42 44.5 8 1 NA
180 "2022-01-30 08:16:14" 42 44.5 8 1 NA
181 "2022-01-30 08:16:24" 42 44.5 7.5 0.1 NA
182 "2022-01-30 08:16:34" 42 44.5 8 1 NA
183 "2022-01-30 08:16:44" 42 44.5 7.5 0.1 NA
184 "2022-01-30 08:16:54" 42 44.5 7.5 0.1 NA
185 "2022-01-30 08:17:04" 42 44.5 8 1 NA
186 "2022-01-30 08:17:14" 42 44.5 8 1 NA
187 "2022-01-30 08:17:24" 42 44.5 8 1 NA
188 "2022-01-30 08:17:34" 42 44.5 8 1 NA
189 "2022-01-30 08:17:44" 42 44.5 8 1 NA
190 "2022-01-30 08:17:54" 42 44.5 8 1 NA
191 "2022-01-30 08:18:04" 42 44.5 8 1 NA
192 "2022-01-30 08:18:14" 42 44.5 8 1 NA
193 "2022-01-30 08:18:24" 42 44.5 8 1 NA
194 "2022-01-30 08:18:34" 42 44.5 8 1 NA
195 "2022-01-30 08:18:44" 42 44.5 7.5 0.1 NA
196 "2022-01-30 08:18:54" 42 44.5 7.5 0.1 NA
197 "2022-01-30 08:19:04" 42 44.5 7.5 0.1 NA
198 "2022-01-30 08:19:14" 42 44.5 7.5 0.1 NA
199 "2022-01-30 08:19:24" 42 44.5 7.5 0.1 NA
200 "2022-01-30 08:19:34" 42 44.5 8 1 NA
201 "2022-01-30 08:19:44" 42 44.5 8 1 NA
202 "2022-01-30 08:19:54" 42 44.5 8 1 NA
203 "2022-01-30 08:20:04" 42 44.5 8 1 NA
204 "2022-01-30 08:20:14" 42 44.5 8 1 NA
205 "2022-01-30 08:20:24" 42 44.5 8 1 NA
206 "2022-01-30 08:20:34" 42 44.5 8 1 NA
207 "2022-01-30 08:20:44" 42 44.5 8 1 NA
208 "2022-01-30 08:20:54" 42 44.5 8 1 NA
209 "2022-01-30 08:21:04" 42 44.5 8 1 NA
210 "2022-01-30 08:21:14" 42 44.5 8 1 NA
211 "2022-01-30 08:21:24" 42 44.5 8 1 NA
212 "2022-01-30 08:21:34" 42 44.5 8 1 NA
213 "2022-01-30 08:21:44" 42 44.5 8 1 NA
214 "2022-01-30 08:21:54" 42 44.5 8 1 NA
215 "2022-01-30 08:22:04" 42 44.5 8 1 NA
216 "2022-01-30 08:22:14" 42 44.5 7.5 0.1 NA
217 "2022-01-30 08:22:24" 42 44.5 8 1 NA
218 "2022-01-30 08:22:34" 42 44.5 8 1 NA
219 "2022-01-30 08:22:44" 42 44.5 7.5 0.1 NA
220 "2022-01-30 08:22:54" 42 44.5 8 1 NA
221 "2022-01-30 08:23:04" 42 44.5 7.5 0.1 NA
222 "2022-01-30 08:23:14" 42 44.5 8 1 NA
223 "2022-01-30 08:23:24" 42 44.5 8 1 NA
224 "2022-01-30 08:23:34" 42 44.5 8 1 NA
225 "2022-01-30 08:23:44" 42 44.5 8 1 NA
226 "2022-01-30 08:23:54" 42 44.5 8 1 NA
227 "2022-01-30 08:24:04" 42 44.5 8 1 NA
228 "2022-01-30 08:24:14" 42 44.5 8 1 NA
229 "2022-01-30 08:24:24" 42 44.5 8 1 NA
230 "2022-01-30 08:24:34" 42 44.5 8 1 NA
231 "2022-01-30 08:24:44" 42 44.5 8 1 NA
232 "2022-01-30 08:24:54" 42 44.5 8 1 NA
233 "2022-01-30 08:25:04" 42 44.5 8 1 NA
234 "2022-01-30 08:25:14" 42 44.5 8 1 NA
235 "2022-01-30 08:25:24" 42 44.5 8 1 NA
236 "2022-01-30 08:25:34" 42 44.5 8 1 NA
237 "2022-01-30 08:25:44" 42 44.5 8 1 NA
238 "2022-01-30 08:25:54" 42 44.5 8 1 NA
239 "2022-01-30 08:26:04" 42 44.5 8 1 NA
240 "2022-01-30 08:26:14" 41.5 44.5 8 0.6 NA
241 "2022-01-30 08:26:24" 41.5 44.5 8 0.6 NA
242 "2022-01-30 08:26:34" 41.5 44.5 8 0.6 NA
243 "2022-01-30 08:26:44" 41.5 44.5 8 0.6 NA
244 "2022-01-30 08:26:54" 41.5 44.5 8 0.6 NA
245 "2022-01-30 08:27:04" 41.5 44.5 8 0.6 NA
246 "2022-01-30 08:27:14" 41.5 44.5 8 0.6 NA
247 "2022-01-30 08:27:24" 41.5 44.5 8 0.6 NA
248 "2022-01-30 08:27:34" 41.5 44.5 8 0.6 NA
249 "2022-01-30 08:27:44" 41.5 44.5 9 2.3 NA
250 "2022-01-30 08:27:54" 41.5 44.5 9 2.3 NA
251 "2022-01-30 08:28:04" 41.5 44.5 9 2.3 NA
252 "2022-01-30 08:28:14" 41.5 44.5 8 0.6 NA
253 "2022-01-30 08:28:24" 41.5 44.5 8 0.6 NA
254 "2022-01-30 08:28:34" 41.5 44.5 8 0.6 NA
255 "2022-01-30 08:28:44" 41.5 44.5 8 0.6 NA
256 "2022-01-30 08:28:54" 41.5 44.5 8 0.6 NA
257 "2022-01-30 08:29:04" 41.5 44.5 8 0.6 NA
258 "2022-01-30 08:29:14" 41.5 44.5 8.5 1.5 NA
259 "2022-01-30 08:29:24" 41.5 44.5 8.5 1.5 NA
260 "2022-01-30 08:29:34" 41.5 44.5 9 2.3 NA
261 "2022-01-30 08:29:44" 41.5 44.5 8.5 1.5 NA
262 "2022-01-30 08:29:54" 41.5 44.5 8.5 1.5 NA
263 "2022-01-30 08:30:04" 41.5 44.5 9 2.3 NA
264 "2022-01-30 08:30:14" 41.5 44.5 8 0.6 NA
265 "2022-01-30 08:30:24" 41.5 44.5 8 0.6 NA
266 "2022-01-30 08:30:34" 41.5 44.5 8.5 1.5 NA
267 "2022-01-30 08:30:44" 41.5 44.5 8 0.6 NA
268 "2022-01-30 08:30:54" 41.5 44.5 8 0.6 NA
269 "2022-01-30 08:31:04" 41.5 44.5 8 0.6 NA
270 "2022-01-30 08:31:14" 41.5 44.5 8 0.6 NA
271 "2022-01-30 08:31:24" 41.5 44.5 8 0.6 NA
272 "2022-01-30 08:31:34" 41.5 44.5 8 0.6 NA
273 "2022-01-30 08:31:44" 41.5 44.5 8 0.6 NA
274 "2022-01-30 08:31:54" 41.5 44.5 8 0.6 NA
275 "2022-01-30 08:32:04" 41.5 44.5 8 0.6 NA
276 "2022-01-30 08:32:14" 41.5 44.5 8 0.6 NA
277 "2022-01-30 08:32:24" 41.5 44.5 8 0.6 NA
278 "2022-01-30 08:32:34" 41.5 44.5 8 0.6 NA
279 "2022-01-30 08:32:44" 41.5 44.5 8.5 1.5 NA
280 "2022-01-30 08:32:54" 41.5 44.5 8 0.6 NA
281 "2022-01-30 08:33:04" 41.5 44.5 9 2.3 NA
282 "2022-01-30 08:33:14" 41.5 44.5 8 0.6 NA
283 "2022-01-30 08:33:24" 41.5 44.5 9 2.3 NA
284 "2022-01-30 08:33:34" 41.5 44.5 8 0.6 NA
285 "2022-01-30 08:33:44" 41.5 44.5 8 0.6 NA
286 "2022-01-30 08:33:54" 41.5 44.5 8 0.6 NA
287 "2022-01-30 08:34:04" 41.5 44.5 8 0.6 NA
288 "2022-01-30 08:34:14" 41.5 44.5 8 0.6 NA
289 "2022-01-30 08:34:24" 41.5 44.5 9 2.3 NA
290 "2022-01-30 08:34:34" 41.5 44.5 8 0.6 NA
291 "2022-01-30 08:34:44" 41.5 44.5 8 0.6 NA
292 "2022-01-30 08:34:54" 41.5 44.5 8 0.6 NA
293 "2022-01-30 08:35:04" 41.5 44.5 8 0.6 NA
294 "2022-01-30 08:35:14" 41.5 44.5 8 0.6 NA
295 "2022-01-30 08:35:24" 41.5 44.5 8 0.6 NA
296 "2022-01-30 08:35:34" 41.5 44.5 8.5 1.5 NA
297 "2022-01-30 08:35:44" 41.5 44.5 8 0.6 NA
298 "2022-01-30 08:35:54" 41.5 44.5 8 0.6 NA
299 "2022-01-30 08:36:04" 41.5 44.5 9.5 3 NA
300 "2022-01-30 08:36:14" 41.5 44.5 9.5 3 NA
301 "2022-01-30 08:36:24" 41.5 44.5 9.5 3 NA
302 "2022-01-30 08:36:34" 41.5 44.5 9 2.3 NA
303 "2022-01-30 08:36:44" 41 44.5 9 1.9 NA
304 "2022-01-30 08:36:54" 41 44.5 9 1.9 NA
305 "2022-01-30 08:37:04" 41 44.5 9 1.9 NA
306 "2022-01-30 08:37:14" 41 44.5 8.5 1.1 NA
307 "2022-01-30 08:37:24" 41 44.5 8 0.3 NA
308 "2022-01-30 08:37:34" 41 44.5 8.5 1.1 NA
309 "2022-01-30 08:37:44" 41 44.5 8.5 1.1 NA
310 "2022-01-30 08:37:54" 41 44.5 8 0.3 NA
311 "2022-01-30 08:38:04" 41 44.5 8 0.3 NA
312 "2022-01-30 08:38:14" 41 44.5 8 0.3 NA
313 "2022-01-30 08:38:24" 41 44.5 8 0.3 NA
314 "2022-01-30 08:38:34" 41 44.5 8 0.3 NA
315 "2022-01-30 08:38:44" 41 44.5 8 0.3 NA
316 "2022-01-30 08:38:54" 41 44.5 8 0.3 NA
317 "2022-01-30 08:39:04" 41 44.5 8 0.3 NA
318 "2022-01-30 08:39:14" 41 44.5 8 0.3 NA
319 "2022-01-30 08:39:24" 41 44.5 8 0.3 NA
320 "2022-01-30 08:39:34" 41 44.5 8 0.3 NA
321 "2022-01-30 08:39:44" 41 44.5 8 0.3 NA
322 "2022-01-30 08:39:54" 41 44.5 8 0.3 NA
323 "2022-01-30 08:40:04" 41 44.5 8 0.3 NA
324 "2022-01-30 08:40:14" 41 44.5 8.5 1.1 NA
325 "2022-01-30 08:40:24" 41 44.5 8 0.3 NA
326 "2022-01-30 08:40:34" 41 44.5 8 0.3 NA
327 "2022-01-30 08:40:44" 41 44.5 8 0.3 NA
328 "2022-01-30 08:40:54" 41 44.5 8 0.3 NA
329 "2022-01-30 08:41:04" 41 44.5 8 0.3 NA
330 "2022-01-30 08:41:14" 41 44.5 8 0.3 NA
331 "2022-01-30 08:41:24" 41 44.5 8 0.3 NA
332 "2022-01-30 08:41:34" 41 44.5 8 0.3 NA
333 "2022-01-30 08:41:44" 41 44.5 8 0.3 NA
334 "2022-01-30 08:41:54" 41 44.5 8 0.3 NA
335 "2022-01-30 08:42:04" 41 44.5 8 0.3 NA
336 "2022-01-30 08:42:14" 41 44.5 8 0.3 NA
337 "2022-01-30 08:42:24" 41 44.5 8 0.3 NA
338 "2022-01-30 08:42:34" 41 44.5 8 0.3 NA
339 "2022-01-30 08:42:44" 41 44.5 8 0.3 NA
340 "2022-01-30 08:42:54" 41 44.5 8 0.3 NA
341 "2022-01-30 08:43:04" 41 44.5 8 0.3 NA
342 "2022-01-30 08:43:14" 41 44.5 8 0.3 NA
343 "2022-01-30 08:43:24" 41 44.5 8 0.3 NA
344 "2022-01-30 08:43:34" 41 44.5 8 0.3 NA
345 "2022-01-30 08:43:44" 41 44.5 8 0.3 NA
346 "2022-01-30 08:43:54" 41 44.5 8 0.3 NA
347 "2022-01-30 08:44:04" 41 44.5 8 0.3 NA
348 "2022-01-30 08:44:14" 41 44.5 8 0.3 NA
349 "2022-01-30 08:44:24" 41 44.5 8 0.3 NA
350 "2022-01-30 08:44:34" 41 44.5 8 0.3 NA
351 "2022-01-30 08:44:44" 41 44.5 7.5 -0.6 NA
352 "2022-01-30 08:44:54" 41 44.5 8 0.3 NA
353 "2022-01-30 08:45:04" 41 44.5 7.5 -0.6 NA
354 "2022-01-30 08:45:14" 41 44.5 8 0.3 NA
355 "2022-01-30 08:45:24" 41 44.5 7.5 -0.6 NA
356 "2022-01-30 08:45:34" 41 44.5 7.5 -0.6 NA
357 "2022-01-30 08:45:44" 41 44.5 7.5 -0.6 NA
358 "2022-01-30 08:45:54" 41 44.5 7.5 -0.6 NA
359 "2022-01-30 08:46:04" 41 44.5 7.5 -0.6 NA
360 "2022-01-30 08:46:14" 41 44.5 7.5 -0.6 NA
361 "2022-01-30 08:46:24" 41 44.5 7.5 -0.6 NA
362 "2022-01-30 08:46:34" 41 44.5 7.5 -0.6 NA
363 "2022-01-30 08:46:44" 41 44.5 7.5 -0.6 NA
364 "2022-01-30 08:46:54" 41 44.5 7.5 -0.6 NA
365 "2022-01-30 08:47:04" 41 44.5 7.5 -0.6 NA
366 "2022-01-30 08:47:14" 41 44.5 7.5 -0.6 NA
367 "2022-01-30 08:47:24" 41 44.5 7.5 -0.6 NA
368 "2022-01-30 08:47:34" 41 44.5 7.5 -0.6 NA
369 "2022-01-30 08:47:44" 41 44.5 7.5 -0.6 NA
370 "2022-01-30 08:47:54" 41 44.5 7.5 -0.6 NA
371 "2022-01-30 08:48:04" 41 44.5 8 0.3 NA
372 "2022-01-30 08:48:14" 41 44.5 8 0.3 NA
373 "2022-01-30 08:48:24" 41 44.5 7.5 -0.6 NA
374 "2022-01-30 08:48:34" 41 44.5 7.5 -0.6 NA
375 "2022-01-30 08:48:44" 41 44.5 7.5 -0.6 NA
376 "2022-01-30 08:48:54" 41 44.5 7.5 -0.6 NA
377 "2022-01-30 08:49:04" 41 44.5 7.5 -0.6 NA
378 "2022-01-30 08:49:14" 41 44.5 7.5 -0.6 NA
379 "2022-01-30 08:49:24" 41 44.5 7.5 -0.6 NA
380 "2022-01-30 08:49:34" 41 44.5 7.5 -0.6 NA
381 "2022-01-30 08:49:44" 41 44.5 7.5 -0.6 NA
382 "2022-01-30 08:49:54" 41 44.5 7.5 -0.6 NA
383 "2022-01-30 08:50:04" 41 44.5 7.5 -0.6 NA
384 "2022-01-30 08:50:14" 41 44.5 7.5 -0.6 NA
385 "2022-01-30 08:50:24" 41 44.5 7.5 -0.6 NA
386 "2022-01-30 08:50:34" 41 44.5 7.5 -0.6 NA
387 "2022-01-30 08:50:44" 41 44.5 7.5 -0.6 NA
388 "2022-01-30 08:50:54" 41 44.5 7.5 -0.6 NA
389 "2022-01-30 08:51:04" 41 44.5 7.5 -0.6 NA
390 "2022-01-30 08:51:14" 41 44.5 7.5 -0.6 NA
391 "2022-01-30 08:51:24" 41 44.5 7.5 -0.6 NA
392 "2022-01-30 08:51:34" 41 44.5 7.5 -0.6 NA
393 "2022-01-30 08:51:44" 41 44.5 7.5 -0.6 NA
394 "2022-01-30 08:51:54" 41 44.5 8 0.3 NA
395 "2022-01-30 08:52:04" 41 44.5 7.5 -0.6 NA
396 "2022-01-30 08:52:14" 40.5 44.5 7.5 -1 NA
397 "2022-01-30 08:52:24" 40.5 44.5 7.5 -1 NA
398 "2022-01-30 08:52:34" 40.5 44.5 7.5 -1 NA
399 "2022-01-30 08:52:44" 40.5 44.5 7.5 -1 NA
400 "2022-01-30 08:52:54" 40.5 44.5 7.5 -1 NA
401 "2022-01-30 08:53:04" 40.5 44.5 7.5 -1 NA
402 "2022-01-30 08:53:14" 40.5 44.5 7.5 -1 NA
403 "2022-01-30 08:53:24" 40.5 44.5 7.5 -1 NA
404 "2022-01-30 08:53:34" 40.5 44.5 8 -0.1 NA
405 "2022-01-30 08:53:44" 40.5 44.5 8 -0.1 NA
406 "2022-01-30 08:53:54" 40.5 44.5 7.5 -1 NA
407 "2022-01-30 08:54:04" 40.5 44.5 7.5 -1 NA
408 "2022-01-30 08:54:14" 40.5 44.5 7.5 -1 NA
409 "2022-01-30 08:54:24" 40.5 44.5 7.5 -1 NA
410 "2022-01-30 08:54:34" 40.5 44.5 7.5 -1 NA
411 "2022-01-30 08:54:44" 40.5 44.5 7.5 -1 NA
412 "2022-01-30 08:54:54" 40.5 44.5 7.5 -1 NA
413 "2022-01-30 08:55:04" 40.5 44.5 7.5 -1 NA
414 "2022-01-30 08:55:14" 40.5 44.5 8 -0.1 NA
415 "2022-01-30 08:55:24" 40.5 44.5 7.5 -1 NA
416 "2022-01-30 08:55:34" 40.5 44.5 8 -0.1 NA
417 "2022-01-30 08:55:44" 40.5 44.5 8 -0.1 NA
418 "2022-01-30 08:55:54" 40.5 44.5 8 -0.1 NA
419 "2022-01-30 08:56:04" 40.5 44.5 8 -0.1 NA
420 "2022-01-30 08:56:14" 40.5 44.5 8 -0.1 NA
421 "2022-01-30 08:56:24" 40.5 44.5 8 -0.1 NA
422 "2022-01-30 08:56:34" 40.5 44.5 8 -0.1 NA
423 "2022-01-30 08:56:44" 40.5 44.5 8 -0.1 NA
424 "2022-01-30 08:56:54" 40.5 44.5 8 -0.1 NA
425 "2022-01-30 08:57:04" 40 44.5 8 -0.5 NA
426 "2022-01-30 08:57:14" 40 44.5 8 -0.5 NA
427 "2022-01-30 08:57:24" 40 44.5 8 -0.5 NA
428 "2022-01-30 08:57:34" 40 44.5 8 -0.5 NA
429 "2022-01-30 08:57:44" 40 44.5 8 -0.5 NA
430 "2022-01-30 08:57:54" 40 44.5 8 -0.5 NA
431 "2022-01-30 08:58:04" 40 44.5 8 -0.5 NA
432 "2022-01-30 08:58:14" 40 44.5 8 -0.5 NA
433 "2022-01-30 08:58:24" 40 44.5 8 -0.5 NA
434 "2022-01-30 08:58:34" 40 44.5 8 -0.5 NA
435 "2022-01-30 08:58:44" 39.5 44.5 8 -0.8 NA
436 "2022-01-30 08:58:54" 39.5 44.5 8 -0.8 NA
437 "2022-01-30 08:59:04" 39.5 44.5 8 -0.8 NA
438 "2022-01-30 08:59:14" 39.5 44.5 8 -0.8 NA
439 "2022-01-30 08:59:24" 39.5 44.5 8 -0.8 NA
440 "2022-01-30 08:59:34" 39.5 44.5 8 -0.8 NA
441 "2022-01-30 08:59:44" 39 44.5 8 -1.2 NA
442 "2022-01-30 08:59:54" 39 44.5 8 -1.2 NA
443 "2022-01-30 09:00:04" 39 44.5 8 -1.2 NA
444 "2022-01-30 09:00:14" 39 44.5 8 -1.2 NA
445 "2022-01-30 09:00:24" 39 44.5 8 -1.2 NA
446 "2022-01-30 09:00:34" 38.5 44.5 8 -1.6 NA
447 "2022-01-30 09:00:44" 38.5 44.5 8 -1.6 NA
448 "2022-01-30 09:00:54" 38.5 44.5 8 -1.6 NA
449 "2022-01-30 09:01:04" 38.5 44.5 8 -1.6 NA
450 "2022-01-30 09:01:14" 38.5 44.5 8 -1.6 NA
451 "2022-01-30 09:01:24" 38 44.5 8 -1.9 NA
452 "2022-01-30 09:01:34" 38 44.5 8 -1.9 NA
453 "2022-01-30 09:01:44" 38 44.5 8 -1.9 NA
454 "2022-01-30 09:01:54" 38 44.5 8 -1.9 NA
455 "2022-01-30 09:02:04" 38 44.5 8 -1.9 NA
456 "2022-01-30 09:02:14" 37.5 44.5 8 -2.3 NA
457 "2022-01-30 09:02:24" 37.5 44.5 8 -2.3 NA
458 "2022-01-30 09:02:34" 37.5 44.5 8 -2.3 NA
459 "2022-01-30 09:02:44" 37.5 44.5 8 -2.3 NA
460 "2022-01-30 09:02:54" 37.5 44.5 8 -2.3 NA
461 "2022-01-30 09:03:04" 37 44.5 8 -2.7 NA
462 "2022-01-30 09:03:14" 37 44.5 8.5 -1.8 NA
463 "2022-01-30 09:03:24" 37 44.5 8.5 -1.8 NA
464 "2022-01-30 09:03:34" 37 44.5 8.5 -1.8 NA
465 "2022-01-30 09:03:44" 36.5 44.5 8.5 -2.2 NA
466 "2022-01-30 09:03:54" 36.5 44.5 9 -1.4 NA
467 "2022-01-30 09:04:04" 36.5 44.5 10 0 NA
