"V1" "V2" "V3" "V4" "V5" "V6" "V7"
1 "2022-03-03 07:49:39" 25.5 45 26.5 4.9 10045488
2 "2022-03-03 07:49:49" 25.5 45 26 4.6 NA
3 "2022-03-03 07:49:59" 25.5 45 36 9.3 NA
4 "2022-03-03 07:50:09" 25.5 45 30 6.7 NA
5 "2022-03-03 07:50:19" 25.5 45 27 5.1 NA
6 "2022-03-03 07:50:29" 26 45 26.5 5.3 NA
7 "2022-03-03 07:50:39" 26 45 26 5 NA
8 "2022-03-03 07:50:49" 26 45 31.5 7.8 NA
9 "2022-03-03 07:50:59" 26 45 39.5 11.2 NA
10 "2022-03-03 07:51:09" 26 45 31 7.6 NA
11 "2022-03-03 07:51:19" 26 45 27 5.6 NA
12 "2022-03-03 07:51:29" 26 45 26.5 5.3 NA
13 "2022-03-03 07:51:39" 26.5 45 26.5 5.7 NA
14 "2022-03-03 07:51:49" 26.5 45 26.5 5.7 NA
15 "2022-03-03 07:51:59" 26.5 45 26 5.5 NA
16 "2022-03-03 07:52:09" 26.5 45 26 5.5 NA
17 "2022-03-03 07:52:19" 26.5 45 25.5 5.2 NA
18 "2022-03-03 07:52:29" 26.5 45 27 6 NA
19 "2022-03-03 07:52:39" 26.5 45 25 4.9 NA
20 "2022-03-03 07:52:49" 26.5 45 26.5 5.7 NA
21 "2022-03-03 07:52:59" 26.5 45 26.5 5.7 NA
22 "2022-03-03 07:53:09" 27 45 26 5.9 NA
23 "2022-03-03 07:53:19" 27 45 26.5 6.1 NA
24 "2022-03-03 07:53:29" 27 45 26 5.9 NA
25 "2022-03-03 07:53:39" 27 45 26.5 6.1 NA
26 "2022-03-03 07:53:49" 27.5 45 26 6.3 NA
27 "2022-03-03 07:53:59" 27.5 45 26 6.3 NA
28 "2022-03-03 07:54:09" 27.5 45 25.5 6 NA
29 "2022-03-03 07:54:19" 28 45 25.5 6.4 NA
30 "2022-03-03 07:54:29" 28 45 25 6.2 NA
31 "2022-03-03 07:54:39" 28.5 45 25 6.6 NA
32 "2022-03-03 07:54:49" 28.5 45 24.5 6.3 NA
33 "2022-03-03 07:54:59" 29 45 24.5 6.7 NA
34 "2022-03-03 07:55:09" 29 45 25 7 NA
35 "2022-03-03 07:55:19" 29.5 45 24 6.8 NA
36 "2022-03-03 07:55:29" 29.5 45 24 6.8 NA
37 "2022-03-03 07:55:39" 30 45 23.5 6.9 NA
38 "2022-03-03 07:55:49" 30 45 23 6.6 NA
39 "2022-03-03 07:55:59" 30 45 23 6.6 NA
40 "2022-03-03 07:56:09" 30.5 45 23 7 NA
41 "2022-03-03 07:56:19" 30.5 45 22.5 6.7 NA
42 "2022-03-03 07:56:29" 31 45 23 7.5 NA
43 "2022-03-03 07:56:39" 31 45 22.5 7.1 NA
44 "2022-03-03 07:56:49" 31.5 45 22.5 7.5 NA
45 "2022-03-03 07:56:59" 31.5 45 23 7.9 NA
46 "2022-03-03 07:57:09" 31.5 45 23 7.9 NA
47 "2022-03-03 07:57:19" 32 45 23 8.3 NA
48 "2022-03-03 07:57:29" 32 45 22.5 8 NA
49 "2022-03-03 07:57:39" 32 45 22 7.6 NA
50 "2022-03-03 07:57:49" 32.5 45 22.5 8.4 NA
51 "2022-03-03 07:57:59" 32.5 45 22 8 NA
52 "2022-03-03 07:58:09" 32.5 45 21.5 7.7 NA
53 "2022-03-03 07:58:19" 33 45 21 7.8 NA
54 "2022-03-03 07:58:29" 33 45 21.5 8.1 NA
55 "2022-03-03 07:58:39" 33 45 21.5 8.1 NA
56 "2022-03-03 07:58:49" 33 45 20.5 7.4 NA
57 "2022-03-03 07:58:59" 33.5 45 20 7.5 NA
58 "2022-03-03 07:59:09" 33.5 45 20.5 7.8 NA
59 "2022-03-03 07:59:19" 33.5 45 21.5 8.5 NA
60 "2022-03-03 07:59:29" 33.5 45 21 8.2 NA
61 "2022-03-03 07:59:39" 34 45 20.5 8.2 NA
62 "2022-03-03 07:59:49" 34 45 20 7.9 NA
63 "2022-03-03 07:59:59" 34 45 19.5 7.5 NA
64 "2022-03-03 08:00:09" 34 45 20 7.9 NA
65 "2022-03-03 08:00:19" 34.5 45 19 7.5 NA
66 "2022-03-03 08:00:29" 34.5 45 19 7.5 NA
67 "2022-03-03 08:00:39" 34.5 45 19.5 7.9 NA
68 "2022-03-03 08:00:49" 35 45 19 7.9 NA
69 "2022-03-03 08:00:59" 35 45 19 7.9 NA
70 "2022-03-03 08:01:09" 35 45 19.5 8.3 NA
71 "2022-03-03 08:01:19" 35 45 19 7.9 NA
72 "2022-03-03 08:01:29" 35.5 45 19 8.3 NA
73 "2022-03-03 08:01:39" 35.5 45 20 9.1 NA
74 "2022-03-03 08:01:49" 35.5 45 20 9.1 NA
75 "2022-03-03 08:01:59" 35.5 45 18.5 8 NA
76 "2022-03-03 08:02:09" 36 45 20 9.5 NA
77 "2022-03-03 08:02:19" 36 45 20 9.5 NA
78 "2022-03-03 08:02:29" 36 45 19 8.7 NA
79 "2022-03-03 08:02:39" 36 45 18.5 8.4 NA
80 "2022-03-03 08:02:49" 36.5 45 18 8.4 NA
81 "2022-03-03 08:02:59" 36.5 45 18 8.4 NA
82 "2022-03-03 08:03:09" 36.5 45 17.5 7.9 NA
83 "2022-03-03 08:03:19" 36.5 45 18 8.4 NA
84 "2022-03-03 08:03:29" 36.5 45 17.5 7.9 NA
85 "2022-03-03 08:03:39" 37 45 17.5 8.3 NA
86 "2022-03-03 08:03:49" 37 45 18 8.8 NA
87 "2022-03-03 08:03:59" 37 45 17 7.9 NA
88 "2022-03-03 08:04:09" 37 45 17.5 8.3 NA
89 "2022-03-03 08:04:19" 37.5 45 17 8.3 NA
90 "2022-03-03 08:04:29" 37.5 45 17 8.3 NA
91 "2022-03-03 08:04:39" 37.5 45 17 8.3 NA
92 "2022-03-03 08:04:49" 37.5 45 17.5 8.7 NA
93 "2022-03-03 08:04:59" 38 45 17 8.7 NA
94 "2022-03-03 08:05:09" 38 45 17 8.7 NA
95 "2022-03-03 08:05:19" 38 45 18 9.6 NA
96 "2022-03-03 08:05:29" 38 45 17 8.7 NA
97 "2022-03-03 08:05:39" 38.5 45 16.5 8.7 NA
98 "2022-03-03 08:05:49" 38.5 45 16.5 8.7 NA
99 "2022-03-03 08:05:59" 38.5 45 16.5 8.7 NA
100 "2022-03-03 08:06:09" 38.5 45 16.5 8.7 NA
101 "2022-03-03 08:06:19" 38.5 45 16.5 8.7 NA
102 "2022-03-03 08:06:29" 39 45 16 8.6 NA
103 "2022-03-03 08:06:39" 39 45 16 8.6 NA
104 "2022-03-03 08:06:49" 39 45 16 8.6 NA
105 "2022-03-03 08:06:59" 39 45 16 8.6 NA
106 "2022-03-03 08:07:09" 39 45 16 8.6 NA
107 "2022-03-03 08:07:19" 39.5 45 16 9 NA
108 "2022-03-03 08:07:29" 39.5 45 16 9 NA
109 "2022-03-03 08:07:39" 39.5 45 16 9 NA
110 "2022-03-03 08:07:49" 39.5 45 15.5 8.5 NA
111 "2022-03-03 08:07:59" 39.5 45 15.5 8.5 NA
112 "2022-03-03 08:08:09" 39.5 45 15.5 8.5 NA
113 "2022-03-03 08:08:19" 40 45 15.5 8.9 NA
114 "2022-03-03 08:08:29" 40 45 15.5 8.9 NA
115 "2022-03-03 08:08:39" 40 45 15.5 8.9 NA
116 "2022-03-03 08:08:49" 40 45 15.5 8.9 NA
117 "2022-03-03 08:08:59" 40 45 15.5 8.9 NA
118 "2022-03-03 08:09:09" 40 45 15.5 8.9 NA
119 "2022-03-03 08:09:19" 40.5 45 15.5 9.3 NA
120 "2022-03-03 08:09:29" 40.5 45 15.5 9.3 NA
121 "2022-03-03 08:09:39" 40.5 45 15 8.8 NA
122 "2022-03-03 08:09:49" 40.5 45 15 8.8 NA
123 "2022-03-03 08:09:59" 40.5 45 15 8.8 NA
124 "2022-03-03 08:10:09" 40.5 45 15 8.8 NA
125 "2022-03-03 08:10:19" 40.5 45 15 8.8 NA
126 "2022-03-03 08:10:29" 40.5 45 15 8.8 NA
127 "2022-03-03 08:10:39" 41 45 17.5 11.5 NA
128 "2022-03-03 08:10:49" 41 45 18.5 12.4 NA
129 "2022-03-03 08:10:59" 41 45 17.5 11.5 NA
130 "2022-03-03 08:11:09" 41 45 17 11.1 NA
131 "2022-03-03 08:11:19" 41 45 17 11.1 NA
132 "2022-03-03 08:11:29" 41 45 16.5 10.7 NA
133 "2022-03-03 08:11:39" 41 45 17.5 11.5 NA
134 "2022-03-03 08:11:49" 41 45 18 12 NA
135 "2022-03-03 08:11:59" 41 45 17.5 11.5 NA
136 "2022-03-03 08:12:09" 41 45 16.5 10.7 NA
137 "2022-03-03 08:12:19" 41 45 17 11.1 NA
138 "2022-03-03 08:12:29" 41 45 17 11.1 NA
139 "2022-03-03 08:12:39" 41 45 17.5 11.5 NA
140 "2022-03-03 08:12:49" 41 45 17 11.1 NA
141 "2022-03-03 08:12:59" 41 45 18.5 12.4 NA
142 "2022-03-03 08:13:09" 40.5 45 18.5 12 NA
143 "2022-03-03 08:13:19" 40.5 45 16.5 10.3 NA
144 "2022-03-03 08:13:29" 40.5 45 16 9.8 NA
145 "2022-03-03 08:13:39" 40.5 45 16 9.8 NA
146 "2022-03-03 08:13:49" 40.5 45 16 9.8 NA
147 "2022-03-03 08:13:59" 40.5 45 17.5 11.1 NA
148 "2022-03-03 08:14:09" 40.5 45 17.5 11.1 NA
149 "2022-03-03 08:14:19" 40.5 45 17 10.7 NA
150 "2022-03-03 08:14:29" 40.5 45 16 9.8 NA
151 "2022-03-03 08:14:39" 40.5 45 16 9.8 NA
152 "2022-03-03 08:14:49" 40.5 45 16 9.8 NA
153 "2022-03-03 08:14:59" 40 45 17.5 10.7 NA
154 "2022-03-03 08:15:09" 40 45 16 9.4 NA
155 "2022-03-03 08:15:19" 40 45 16 9.4 NA
156 "2022-03-03 08:15:29" 40 45 15.5 8.9 NA
157 "2022-03-03 08:15:39" 40 45 15.5 8.9 NA
158 "2022-03-03 08:15:49" 40 45 16 9.4 NA
159 "2022-03-03 08:15:59" 40 45 15.5 8.9 NA
160 "2022-03-03 08:16:09" 40 45 16 9.4 NA
161 "2022-03-03 08:16:19" 40 45 15.5 8.9 NA
162 "2022-03-03 08:16:29" 40 45 15.5 8.9 NA
163 "2022-03-03 08:16:39" 40.5 45 15.5 9.3 NA
164 "2022-03-03 08:16:49" 40.5 45 15.5 9.3 NA
165 "2022-03-03 08:16:59" 40.5 45 16.5 10.3 NA
166 "2022-03-03 08:17:09" 40.5 45 15.5 9.3 NA
167 "2022-03-03 08:17:19" 40.5 45 15 8.8 NA
168 "2022-03-03 08:17:29" 40.5 45 15.5 9.3 NA
169 "2022-03-03 08:17:39" 40.5 45 15 8.8 NA
170 "2022-03-03 08:17:49" 40.5 45 15 8.8 NA
171 "2022-03-03 08:17:59" 40.5 45 15 8.8 NA
172 "2022-03-03 08:18:09" 40.5 45 16 9.8 NA
173 "2022-03-03 08:18:19" 40.5 45 15.5 9.3 NA
174 "2022-03-03 08:18:29" 40.5 45 17 10.7 NA
175 "2022-03-03 08:18:39" 40.5 45 16.5 10.3 NA
176 "2022-03-03 08:18:49" 40.5 45 17 10.7 NA
177 "2022-03-03 08:18:59" 40.5 45 17 10.7 NA
178 "2022-03-03 08:19:09" 41 45 16.5 10.7 NA
179 "2022-03-03 08:19:19" 41 45 17.5 11.5 NA
180 "2022-03-03 08:19:29" 41 45 16.5 10.7 NA
181 "2022-03-03 08:19:39" 41 45 16 10.2 NA
182 "2022-03-03 08:19:49" 41 45 15 9.2 NA
183 "2022-03-03 08:19:59" 41 45 15.5 9.7 NA
184 "2022-03-03 08:20:09" 41 45 15.5 9.7 NA
185 "2022-03-03 08:20:19" 41 45 15.5 9.7 NA
186 "2022-03-03 08:20:29" 41 45 15 9.2 NA
187 "2022-03-03 08:20:39" 41 45 15 9.2 NA
188 "2022-03-03 08:20:49" 41 45 15 9.2 NA
189 "2022-03-03 08:20:59" 41 45 15 9.2 NA
190 "2022-03-03 08:21:09" 41 45 15 9.2 NA
191 "2022-03-03 08:21:19" 41 45 14.5 8.7 NA
192 "2022-03-03 08:21:29" 41 45 15 9.2 NA
193 "2022-03-03 08:21:39" 41 45 15 9.2 NA
194 "2022-03-03 08:21:49" 41 45 15 9.2 NA
195 "2022-03-03 08:21:59" 41 45 15 9.2 NA
196 "2022-03-03 08:22:09" 41.5 45 15 9.6 NA
197 "2022-03-03 08:22:19" 41.5 45 14.5 9.1 NA
198 "2022-03-03 08:22:29" 41.5 45 14.5 9.1 NA
199 "2022-03-03 08:22:39" 41.5 45 14.5 9.1 NA
200 "2022-03-03 08:22:49" 41.5 45 14.5 9.1 NA
201 "2022-03-03 08:22:59" 41.5 45 15 9.6 NA
202 "2022-03-03 08:23:09" 41.5 45 14.5 9.1 NA
203 "2022-03-03 08:23:19" 41.5 45 14.5 9.1 NA
204 "2022-03-03 08:23:29" 41.5 45 15 9.6 NA
205 "2022-03-03 08:23:39" 41.5 45 14.5 9.1 NA
206 "2022-03-03 08:23:49" 42 45 14.5 9.5 NA
207 "2022-03-03 08:23:59" 42 45 14.5 9.5 NA
208 "2022-03-03 08:24:09" 42 45 14.5 9.5 NA
209 "2022-03-03 08:24:19" 42 45 14.5 9.5 NA
210 "2022-03-03 08:24:29" 42 45 14 9 NA
211 "2022-03-03 08:24:39" 42 45 14.5 9.5 NA
212 "2022-03-03 08:24:49" 42 45 14.5 9.5 NA
213 "2022-03-03 08:24:59" 42 45 14 9 NA
214 "2022-03-03 08:25:09" 42 45 14 9 NA
215 "2022-03-03 08:25:19" 42 45 14 9 NA
216 "2022-03-03 08:25:29" 42 45 14 9 NA
217 "2022-03-03 08:25:39" 42 45 14 9 NA
218 "2022-03-03 08:25:49" 42 45 14 9 NA
219 "2022-03-03 08:25:59" 42.5 45 14 9.4 NA
220 "2022-03-03 08:26:09" 42.5 45 14 9.4 NA
221 "2022-03-03 08:26:19" 42.5 45 14 9.4 NA
222 "2022-03-03 08:26:29" 42.5 45 14 9.4 NA
223 "2022-03-03 08:26:39" 42.5 45 14 9.4 NA
224 "2022-03-03 08:26:49" 42.5 45 14 9.4 NA
225 "2022-03-03 08:26:59" 42.5 45 14 9.4 NA
226 "2022-03-03 08:27:09" 42.5 45 14 9.4 NA
227 "2022-03-03 08:27:19" 42.5 45 14 9.4 NA
228 "2022-03-03 08:27:29" 42.5 45 14 9.4 NA
229 "2022-03-03 08:27:39" 42.5 45 14 9.4 NA
230 "2022-03-03 08:27:49" 42.5 45 14 9.4 NA
231 "2022-03-03 08:27:59" 42.5 45 14 9.4 NA
232 "2022-03-03 08:28:09" 42.5 45 13.5 8.8 NA
233 "2022-03-03 08:28:19" 42.5 45 14 9.4 NA
234 "2022-03-03 08:28:29" 42.5 45 14 9.4 NA
235 "2022-03-03 08:28:39" 42.5 45 14 9.4 NA
236 "2022-03-03 08:28:49" 42.5 45 14 9.4 NA
237 "2022-03-03 08:28:59" 42.5 45 13.5 8.8 NA
238 "2022-03-03 08:29:09" 42.5 45 13.5 8.8 NA
239 "2022-03-03 08:29:19" 42.5 45 13.5 8.8 NA
240 "2022-03-03 08:29:29" 43 45 13.5 9.2 NA
241 "2022-03-03 08:29:39" 43 45 13.5 9.2 NA
242 "2022-03-03 08:29:49" 43 45 13.5 9.2 NA
243 "2022-03-03 08:29:59" 43 45 13.5 9.2 NA
244 "2022-03-03 08:30:09" 43 45 13.5 9.2 NA
245 "2022-03-03 08:30:19" 43 45 13.5 9.2 NA
246 "2022-03-03 08:30:29" 43 45 13.5 9.2 NA
247 "2022-03-03 08:30:39" 43 45 13.5 9.2 NA
248 "2022-03-03 08:30:49" 43 45 13.5 9.2 NA
249 "2022-03-03 08:30:59" 43 45 13.5 9.2 NA
250 "2022-03-03 08:31:09" 43 45 13.5 9.2 NA
251 "2022-03-03 08:31:19" 43 45 13.5 9.2 NA
252 "2022-03-03 08:31:29" 43 45 13.5 9.2 NA
253 "2022-03-03 08:31:39" 43 45 13.5 9.2 NA
254 "2022-03-03 08:31:49" 43 45 13.5 9.2 NA
255 "2022-03-03 08:31:59" 43 45 13.5 9.2 NA
256 "2022-03-03 08:32:09" 43 45 13.5 9.2 NA
257 "2022-03-03 08:32:19" 43 45 13.5 9.2 NA
258 "2022-03-03 08:32:29" 43 45 13.5 9.2 NA
259 "2022-03-03 08:32:39" 43 45 13.5 9.2 NA
260 "2022-03-03 08:32:49" 43 45 13.5 9.2 NA
261 "2022-03-03 08:32:59" 43 45 13.5 9.2 NA
262 "2022-03-03 08:33:09" 43 45 13.5 9.2 NA
263 "2022-03-03 08:33:19" 43 45 13.5 9.2 NA
264 "2022-03-03 08:33:29" 43 45 13.5 9.2 NA
265 "2022-03-03 08:33:39" 43 45 13.5 9.2 NA
266 "2022-03-03 08:33:49" 43 45 13.5 9.2 NA
267 "2022-03-03 08:33:59" 43 45 13.5 9.2 NA
268 "2022-03-03 08:34:09" 43 45 13.5 9.2 NA
269 "2022-03-03 08:34:19" 43 45 13.5 9.2 NA
270 "2022-03-03 08:34:29" 43 45 13.5 9.2 NA
271 "2022-03-03 08:34:39" 43 45 13.5 9.2 NA
272 "2022-03-03 08:34:49" 43 45 13.5 9.2 NA
273 "2022-03-03 08:34:59" 43 45 13.5 9.2 NA
274 "2022-03-03 08:35:09" 43 45 13.5 9.2 NA
275 "2022-03-03 08:35:19" 43 45 13.5 9.2 NA
276 "2022-03-03 08:35:29" 43 45 13.5 9.2 NA
277 "2022-03-03 08:35:39" 43 45 13.5 9.2 NA
278 "2022-03-03 08:35:49" 43 45 13.5 9.2 NA
279 "2022-03-03 08:35:59" 43 45 13.5 9.2 NA
280 "2022-03-03 08:36:09" 43 45 13.5 9.2 NA
281 "2022-03-03 08:36:19" 43 45 13.5 9.2 NA
282 "2022-03-03 08:36:29" 43 45 13.5 9.2 NA
283 "2022-03-03 08:36:39" 43 45 13.5 9.2 NA
284 "2022-03-03 08:36:49" 43 45 13.5 9.2 NA
285 "2022-03-03 08:36:59" 43 45 13.5 9.2 NA
286 "2022-03-03 08:37:09" 43 45 13.5 9.2 NA
287 "2022-03-03 08:37:19" 43 45 13.5 9.2 NA
288 "2022-03-03 08:37:29" 43 45 13.5 9.2 NA
289 "2022-03-03 08:37:39" 43 45 13.5 9.2 NA
290 "2022-03-03 08:37:49" 43 45 13.5 9.2 NA
291 "2022-03-03 08:37:59" 43 45 13.5 9.2 NA
292 "2022-03-03 08:38:09" 43 45 13.5 9.2 NA
293 "2022-03-03 08:38:19" 43 45 13.5 9.2 NA
294 "2022-03-03 08:38:29" 43 45 13.5 9.2 NA
295 "2022-03-03 08:38:39" 43 45 13 8.7 NA
296 "2022-03-03 08:38:49" 43 45 13 8.7 NA
297 "2022-03-03 08:38:59" 43 45 13.5 9.2 NA
298 "2022-03-03 08:39:09" 43 45 13.5 9.2 NA
299 "2022-03-03 08:39:19" 43 45 13 8.7 NA
300 "2022-03-03 08:39:29" 43 45 13.5 9.2 NA
301 "2022-03-03 08:39:39" 43.5 45 13.5 9.6 NA
302 "2022-03-03 08:39:49" 43.5 45 13 9.1 NA
303 "2022-03-03 08:39:59" 43.5 45 13 9.1 NA
304 "2022-03-03 08:40:09" 43.5 45 13 9.1 NA
305 "2022-03-03 08:40:19" 43.5 45 13 9.1 NA
306 "2022-03-03 08:40:29" 43.5 45 13 9.1 NA
307 "2022-03-03 08:40:39" 43.5 45 13 9.1 NA
308 "2022-03-03 08:40:49" 43.5 45 13 9.1 NA
309 "2022-03-03 08:40:59" 43.5 45 13 9.1 NA
310 "2022-03-03 08:41:09" 43.5 45 13 9.1 NA
311 "2022-03-03 08:41:19" 43.5 45 13 9.1 NA
312 "2022-03-03 08:41:29" 43.5 45 13 9.1 NA
313 "2022-03-03 08:41:39" 43.5 45 13 9.1 NA
314 "2022-03-03 08:41:49" 43.5 45 13 9.1 NA
315 "2022-03-03 08:41:59" 43.5 45 13 9.1 NA
316 "2022-03-03 08:42:09" 43.5 45 13 9.1 NA
317 "2022-03-03 08:42:19" 43.5 45 13 9.1 NA
318 "2022-03-03 08:42:29" 43.5 45 13 9.1 NA
319 "2022-03-03 08:42:39" 43.5 45 13 9.1 NA
320 "2022-03-03 08:42:49" 43.5 45 13 9.1 NA
321 "2022-03-03 08:42:59" 43.5 45 13 9.1 NA
322 "2022-03-03 08:43:09" 43.5 45 13 9.1 NA
323 "2022-03-03 08:43:19" 43.5 45 13.5 9.6 NA
324 "2022-03-03 08:43:29" 43.5 45 13 9.1 NA
325 "2022-03-03 08:43:39" 43.5 45 13 9.1 NA
326 "2022-03-03 08:43:49" 43.5 45 13 9.1 NA
327 "2022-03-03 08:43:59" 43.5 45 13 9.1 NA
328 "2022-03-03 08:44:09" 43.5 45 13 9.1 NA
329 "2022-03-03 08:44:19" 43.5 45 13 9.1 NA
330 "2022-03-03 08:44:29" 43.5 45 13 9.1 NA
331 "2022-03-03 08:44:39" 43.5 45 13 9.1 NA
332 "2022-03-03 08:44:49" 43.5 45 13 9.1 NA
333 "2022-03-03 08:44:59" 43.5 45 13 9.1 NA
334 "2022-03-03 08:45:09" 43.5 45 13 9.1 NA
335 "2022-03-03 08:45:19" 43.5 45 13 9.1 NA
336 "2022-03-03 08:45:29" 43.5 45 13 9.1 NA
337 "2022-03-03 08:45:39" 43.5 45 13 9.1 NA
338 "2022-03-03 08:45:49" 43.5 45 13 9.1 NA
339 "2022-03-03 08:45:59" 43.5 45 13 9.1 NA
340 "2022-03-03 08:46:09" 43.5 45 13 9.1 NA
341 "2022-03-03 08:46:19" 43.5 45 13 9.1 NA
342 "2022-03-03 08:46:29" 43.5 45 13 9.1 NA
343 "2022-03-03 08:46:39" 43.5 45 13 9.1 NA
344 "2022-03-03 08:46:49" 43.5 45 13 9.1 NA
345 "2022-03-03 08:46:59" 43.5 45 13 9.1 NA
346 "2022-03-03 08:47:09" 43.5 45 13 9.1 NA
347 "2022-03-03 08:47:19" 43.5 45 13 9.1 NA
348 "2022-03-03 08:47:29" 43.5 45 13 9.1 NA
349 "2022-03-03 08:47:39" 43.5 45 13 9.1 NA
350 "2022-03-03 08:47:49" 43.5 45 13 9.1 NA
351 "2022-03-03 08:47:59" 43.5 45 13 9.1 NA
352 "2022-03-03 08:48:09" 43.5 45 13 9.1 NA
353 "2022-03-03 08:48:19" 43.5 45 13 9.1 NA
354 "2022-03-03 08:48:29" 43.5 45 13 9.1 NA
355 "2022-03-03 08:48:39" 43.5 45 13 9.1 NA
356 "2022-03-03 08:48:49" 43.5 45 13 9.1 NA
357 "2022-03-03 08:48:59" 43.5 45 13 9.1 NA
358 "2022-03-03 08:49:09" 43.5 45 13 9.1 NA
359 "2022-03-03 08:49:19" 43.5 45 13 9.1 NA
360 "2022-03-03 08:49:29" 43.5 45 13 9.1 NA
361 "2022-03-03 08:49:39" 43.5 45 13 9.1 NA
362 "2022-03-03 08:49:49" 43.5 45 13 9.1 NA
363 "2022-03-03 08:49:59" 43.5 45 13 9.1 NA
364 "2022-03-03 08:50:09" 43.5 45 13 9.1 NA
365 "2022-03-03 08:50:19" 43.5 45 13 9.1 NA
366 "2022-03-03 08:50:29" 43.5 45 13 9.1 NA
367 "2022-03-03 08:50:39" 43.5 45 13 9.1 NA
368 "2022-03-03 08:50:49" 43.5 45 13 9.1 NA
369 "2022-03-03 08:50:59" 43.5 45 13 9.1 NA
370 "2022-03-03 08:51:09" 43.5 45 13 9.1 NA
371 "2022-03-03 08:51:19" 43.5 45 13 9.1 NA
372 "2022-03-03 08:51:29" 43.5 45 13 9.1 NA
373 "2022-03-03 08:51:39" 43.5 45 13 9.1 NA
374 "2022-03-03 08:51:49" 43.5 45 13 9.1 NA
375 "2022-03-03 08:51:59" 43.5 45 13 9.1 NA
376 "2022-03-03 08:52:09" 43.5 45 13 9.1 NA
377 "2022-03-03 08:52:19" 43.5 45 13 9.1 NA
378 "2022-03-03 08:52:29" 43.5 45 13 9.1 NA
379 "2022-03-03 08:52:39" 43.5 45 13 9.1 NA
380 "2022-03-03 08:52:49" 43.5 45 13 9.1 NA
381 "2022-03-03 08:52:59" 43.5 45 13 9.1 NA
382 "2022-03-03 08:53:09" 43.5 45 13 9.1 NA
383 "2022-03-03 08:53:19" 43.5 45 13 9.1 NA
384 "2022-03-03 08:53:29" 43.5 45 13 9.1 NA
385 "2022-03-03 08:53:39" 43.5 45 12.5 8.5 NA
386 "2022-03-03 08:53:49" 43.5 45 13 9.1 NA
387 "2022-03-03 08:53:59" 43.5 45 13 9.1 NA
388 "2022-03-03 08:54:09" 43.5 45 13 9.1 NA
389 "2022-03-03 08:54:19" 43.5 45 13 9.1 NA
390 "2022-03-03 08:54:29" 43.5 45 13 9.1 NA
391 "2022-03-03 08:54:39" 43.5 45 13 9.1 NA
392 "2022-03-03 08:54:49" 43.5 45 13 9.1 NA
393 "2022-03-03 08:54:59" 43.5 45 12.5 8.5 NA
394 "2022-03-03 08:55:09" 43.5 45 13 9.1 NA
395 "2022-03-03 08:55:19" 43.5 45 12.5 8.5 NA
396 "2022-03-03 08:55:29" 43.5 45 13 9.1 NA
397 "2022-03-03 08:55:39" 43.5 45 13 9.1 NA
398 "2022-03-03 08:55:49" 43 45 13 8.7 NA
399 "2022-03-03 08:55:59" 43 45 13 8.7 NA
400 "2022-03-03 08:56:09" 43 45 13 8.7 NA
401 "2022-03-03 08:56:19" 43 45 13 8.7 NA
402 "2022-03-03 08:56:29" 43 45 13 8.7 NA
403 "2022-03-03 08:56:39" 43 45 13 8.7 NA
404 "2022-03-03 08:56:49" 43 45 13 8.7 NA
405 "2022-03-03 08:56:59" 43 45 13 8.7 NA
406 "2022-03-03 08:57:09" 43 45 13 8.7 NA
407 "2022-03-03 08:57:19" 42.5 45 13 8.3 NA
408 "2022-03-03 08:57:29" 42.5 45 13 8.3 NA
409 "2022-03-03 08:57:39" 42.5 45 13 8.3 NA
410 "2022-03-03 08:57:49" 42.5 45 13 8.3 NA
411 "2022-03-03 08:57:59" 42.5 45 13 8.3 NA
412 "2022-03-03 08:58:09" 42.5 45 13 8.3 NA
413 "2022-03-03 08:58:19" 42.5 45 13 8.3 NA
414 "2022-03-03 08:58:29" 42 45 13 7.9 NA
415 "2022-03-03 08:58:39" 42 45 13 7.9 NA
416 "2022-03-03 08:58:49" 42 45 14 9 NA
417 "2022-03-03 08:58:59" 42 45 17 11.9 NA
