"V1" "V2" "V3" "V4" "V5" "V6" "V7"
1 "2022-01-28 08:00:26" 24 44.5 23 1.6 10126936
2 "2022-01-28 08:00:36" 24 44.5 23 1.6 NA
3 "2022-01-28 08:00:46" 24 44.5 24.5 2.5 NA
4 "2022-01-28 08:00:56" 24 44.5 31 5.8 NA
5 "2022-01-28 08:01:06" 24 44.5 27.5 4.1 NA
6 "2022-01-28 08:01:16" 24.5 44.5 24.5 2.9 NA
7 "2022-01-28 08:01:26" 24.5 44.5 23 2 NA
8 "2022-01-28 08:01:36" 24.5 44.5 24.5 2.9 NA
9 "2022-01-28 08:01:46" 24.5 44.5 24 2.6 NA
10 "2022-01-28 08:01:56" 24.5 44.5 24.5 2.9 NA
11 "2022-01-28 08:02:06" 24.5 44.5 23 2 NA
12 "2022-01-28 08:02:16" 24.5 44.5 23 2 NA
13 "2022-01-28 08:02:26" 24.5 44.5 22.5 1.7 NA
14 "2022-01-28 08:02:36" 24.5 44.5 23 2 NA
15 "2022-01-28 08:02:46" 24.5 44.5 22.5 1.7 NA
16 "2022-01-28 08:02:56" 24.5 44.5 22.5 1.7 NA
17 "2022-01-28 08:03:06" 24.5 44.5 22.5 1.7 NA
18 "2022-01-28 08:03:16" 24.5 44.5 22 1.4 NA
19 "2022-01-28 08:03:26" 24.5 44.5 22 1.4 NA
20 "2022-01-28 08:03:36" 24.5 44.5 22 1.4 NA
21 "2022-01-28 08:03:46" 24.5 44.5 22 1.4 NA
22 "2022-01-28 08:03:56" 24.5 44.5 22 1.4 NA
23 "2022-01-28 08:04:06" 24.5 44.5 22 1.4 NA
24 "2022-01-28 08:04:16" 24.5 44.5 22.5 1.7 NA
25 "2022-01-28 08:04:26" 24.5 44.5 22 1.4 NA
26 "2022-01-28 08:04:36" 24.5 44.5 22.5 1.7 NA
27 "2022-01-28 08:04:46" 24.5 44.5 22.5 1.7 NA
28 "2022-01-28 08:04:56" 24.5 44.5 23 2 NA
29 "2022-01-28 08:05:06" 24.5 44.5 22.5 1.7 NA
30 "2022-01-28 08:05:16" 24.5 44.5 22 1.4 NA
31 "2022-01-28 08:05:26" 24.5 44.5 22 1.4 NA
32 "2022-01-28 08:05:36" 24.5 44.5 22 1.4 NA
33 "2022-01-28 08:05:46" 24.5 44.5 22 1.4 NA
34 "2022-01-28 08:05:56" 24.5 44.5 22 1.4 NA
35 "2022-01-28 08:06:06" 24.5 44.5 22.5 1.7 NA
36 "2022-01-28 08:06:16" 24.5 44.5 22.5 1.7 NA
37 "2022-01-28 08:06:26" 24.5 44.5 24.5 2.9 NA
38 "2022-01-28 08:06:36" 24.5 44.5 23.5 2.3 NA
39 "2022-01-28 08:06:46" 24.5 44.5 23 2 NA
40 "2022-01-28 08:06:56" 24.5 44.5 22.5 1.7 NA
41 "2022-01-28 08:07:06" 24.5 44.5 22.5 1.7 NA
42 "2022-01-28 08:07:16" 24.5 44.5 22.5 1.7 NA
43 "2022-01-28 08:07:26" 24.5 44.5 22.5 1.7 NA
44 "2022-01-28 08:07:36" 24.5 44.5 22.5 1.7 NA
45 "2022-01-28 08:07:46" 24.5 44.5 22.5 1.7 NA
46 "2022-01-28 08:07:56" 24.5 44.5 22.5 1.7 NA
47 "2022-01-28 08:08:06" 24.5 44.5 22.5 1.7 NA
48 "2022-01-28 08:08:16" 24.5 44.5 22 1.4 NA
49 "2022-01-28 08:08:26" 24.5 44.5 22 1.4 NA
50 "2022-01-28 08:08:36" 24.5 44.5 22 1.4 NA
51 "2022-01-28 08:08:46" 24.5 44.5 22 1.4 NA
52 "2022-01-28 08:08:56" 24.5 44.5 22 1.4 NA
53 "2022-01-28 08:09:06" 24.5 44.5 22 1.4 NA
54 "2022-01-28 08:09:16" 24.5 44.5 22 1.4 NA
55 "2022-01-28 08:09:26" 24.5 44.5 22 1.4 NA
56 "2022-01-28 08:09:36" 24.5 44.5 22 1.4 NA
57 "2022-01-28 08:09:46" 24.5 44.5 22 1.4 NA
58 "2022-01-28 08:09:56" 24.5 44.5 22 1.4 NA
59 "2022-01-28 08:10:06" 24.5 44.5 22 1.4 NA
60 "2022-01-28 08:10:16" 24.5 44.5 22 1.4 NA
61 "2022-01-28 08:10:26" 24.5 44.5 22 1.4 NA
62 "2022-01-28 08:10:36" 24.5 44.5 22 1.4 NA
63 "2022-01-28 08:10:46" 24.5 44.5 22 1.4 NA
64 "2022-01-28 08:10:56" 24.5 44.5 22 1.4 NA
65 "2022-01-28 08:11:06" 24.5 44.5 22 1.4 NA
66 "2022-01-28 08:11:16" 24.5 44.5 22 1.4 NA
67 "2022-01-28 08:11:26" 24.5 44.5 22 1.4 NA
68 "2022-01-28 08:11:36" 24.5 44.5 22 1.4 NA
69 "2022-01-28 08:11:46" 24.5 44.5 22 1.4 NA
70 "2022-01-28 08:11:56" 24.5 44.5 22 1.4 NA
71 "2022-01-28 08:12:06" 24.5 44.5 22 1.4 NA
72 "2022-01-28 08:12:16" 24.5 44.5 22 1.4 NA
73 "2022-01-28 08:12:26" 24.5 44.5 22 1.4 NA
74 "2022-01-28 08:12:36" 24.5 44.5 22 1.4 NA
75 "2022-01-28 08:12:46" 24.5 44.5 22 1.4 NA
76 "2022-01-28 08:12:56" 24.5 44.5 22 1.4 NA
77 "2022-01-28 08:13:06" 24.5 44.5 22 1.4 NA
78 "2022-01-28 08:13:16" 24.5 44.5 22 1.4 NA
79 "2022-01-28 08:13:26" 24.5 44.5 22 1.4 NA
80 "2022-01-28 08:13:36" 24.5 44.5 22 1.4 NA
81 "2022-01-28 08:13:46" 24.5 44.5 22 1.4 NA
82 "2022-01-28 08:13:56" 24.5 44.5 22 1.4 NA
83 "2022-01-28 08:14:06" 24.5 44.5 22 1.4 NA
84 "2022-01-28 08:14:16" 24.5 44.5 22 1.4 NA
85 "2022-01-28 08:14:26" 24.5 44.5 22 1.4 NA
86 "2022-01-28 08:14:36" 24.5 44.5 22 1.4 NA
87 "2022-01-28 08:14:46" 24.5 44.5 22 1.4 NA
88 "2022-01-28 08:14:56" 24.5 44.5 22 1.4 NA
89 "2022-01-28 08:15:06" 24.5 44.5 22 1.4 NA
90 "2022-01-28 08:15:16" 24.5 44.5 22 1.4 NA
91 "2022-01-28 08:15:26" 24.5 44.5 22 1.4 NA
92 "2022-01-28 08:15:36" 24.5 44.5 22 1.4 NA
93 "2022-01-28 08:15:46" 24.5 44.5 22 1.4 NA
94 "2022-01-28 08:15:56" 24.5 44.5 22 1.4 NA
95 "2022-01-28 08:16:06" 24.5 44.5 22 1.4 NA
96 "2022-01-28 08:16:16" 24.5 44.5 22 1.4 NA
97 "2022-01-28 08:16:26" 24.5 44.5 22 1.4 NA
98 "2022-01-28 08:16:36" 24.5 44.5 22 1.4 NA
99 "2022-01-28 08:16:46" 24.5 44.5 22 1.4 NA
100 "2022-01-28 08:16:56" 24.5 44.5 22 1.4 NA
101 "2022-01-28 08:17:06" 24.5 44.5 22.5 1.7 NA
102 "2022-01-28 08:17:16" 24.5 44.5 22.5 1.7 NA
103 "2022-01-28 08:17:26" 24.5 44.5 22 1.4 NA
104 "2022-01-28 08:17:36" 24.5 44.5 22 1.4 NA
105 "2022-01-28 08:17:46" 24.5 44.5 22 1.4 NA
106 "2022-01-28 08:17:56" 24.5 44.5 22 1.4 NA
107 "2022-01-28 08:18:06" 24.5 44.5 22 1.4 NA
108 "2022-01-28 08:18:16" 24.5 44.5 22 1.4 NA
109 "2022-01-28 08:18:26" 25 44.5 22 1.8 NA
110 "2022-01-28 08:18:36" 25 44.5 22 1.8 NA
111 "2022-01-28 08:18:46" 25 44.5 22 1.8 NA
112 "2022-01-28 08:18:56" 25 44.5 22 1.8 NA
113 "2022-01-28 08:19:06" 25 44.5 22 1.8 NA
114 "2022-01-28 08:19:16" 25 44.5 21.5 1.5 NA
115 "2022-01-28 08:19:26" 25 44.5 21.5 1.5 NA
116 "2022-01-28 08:19:36" 25 44.5 21.5 1.5 NA
117 "2022-01-28 08:19:46" 25 44.5 21.5 1.5 NA
118 "2022-01-28 08:19:56" 25 44.5 21.5 1.5 NA
119 "2022-01-28 08:20:06" 25 44.5 21.5 1.5 NA
120 "2022-01-28 08:20:16" 25 44.5 21.5 1.5 NA
121 "2022-01-28 08:20:26" 25 44.5 21.5 1.5 NA
122 "2022-01-28 08:20:36" 25 44.5 21.5 1.5 NA
123 "2022-01-28 08:20:46" 25 44.5 21.5 1.5 NA
124 "2022-01-28 08:20:56" 25 44.5 21.5 1.5 NA
125 "2022-01-28 08:21:06" 25 44.5 21.5 1.5 NA
126 "2022-01-28 08:21:16" 25 44.5 21.5 1.5 NA
127 "2022-01-28 08:21:26" 25 44.5 21.5 1.5 NA
128 "2022-01-28 08:21:36" 25 44.5 21.5 1.5 NA
129 "2022-01-28 08:21:46" 25 44.5 21.5 1.5 NA
130 "2022-01-28 08:21:56" 25 44.5 21.5 1.5 NA
131 "2022-01-28 08:22:06" 25 44.5 21.5 1.5 NA
132 "2022-01-28 08:22:16" 25 44.5 21.5 1.5 NA
133 "2022-01-28 08:22:26" 25 44.5 21.5 1.5 NA
134 "2022-01-28 08:22:36" 25 44.5 21.5 1.5 NA
135 "2022-01-28 08:22:46" 25 44.5 21.5 1.5 NA
136 "2022-01-28 08:22:56" 25 44.5 21.5 1.5 NA
137 "2022-01-28 08:23:06" 25 44.5 21.5 1.5 NA
138 "2022-01-28 08:23:16" 25 44.5 21.5 1.5 NA
139 "2022-01-28 08:23:26" 25 44.5 21.5 1.5 NA
140 "2022-01-28 08:23:36" 25 44.5 21.5 1.5 NA
141 "2022-01-28 08:23:46" 25 44.5 21.5 1.5 NA
142 "2022-01-28 08:23:56" 25 44.5 21.5 1.5 NA
143 "2022-01-28 08:24:06" 25 44.5 21.5 1.5 NA
144 "2022-01-28 08:24:16" 25 44.5 21.5 1.5 NA
145 "2022-01-28 08:24:26" 25 44.5 21.5 1.5 NA
146 "2022-01-28 08:24:36" 25 44.5 21.5 1.5 NA
147 "2022-01-28 08:24:46" 25 44.5 21.5 1.5 NA
148 "2022-01-28 08:24:56" 25 44.5 21.5 1.5 NA
149 "2022-01-28 08:25:06" 25 44.5 21.5 1.5 NA
150 "2022-01-28 08:25:16" 25 44.5 21.5 1.5 NA
151 "2022-01-28 08:25:26" 25 44.5 21.5 1.5 NA
152 "2022-01-28 08:25:36" 25 44.5 21.5 1.5 NA
153 "2022-01-28 08:25:46" 25 44.5 21.5 1.5 NA
154 "2022-01-28 08:25:56" 25 44.5 21.5 1.5 NA
155 "2022-01-28 08:26:06" 25 44.5 21.5 1.5 NA
156 "2022-01-28 08:26:16" 25 44.5 21.5 1.5 NA
157 "2022-01-28 08:26:26" 25 44.5 21.5 1.5 NA
158 "2022-01-28 08:26:36" 25 44.5 21.5 1.5 NA
159 "2022-01-28 08:26:46" 25 44.5 21.5 1.5 NA
160 "2022-01-28 08:26:56" 25 44.5 21.5 1.5 NA
161 "2022-01-28 08:27:06" 25 44.5 21.5 1.5 NA
162 "2022-01-28 08:27:16" 25 44.5 21.5 1.5 NA
163 "2022-01-28 08:27:26" 25 44.5 21.5 1.5 NA
164 "2022-01-28 08:27:36" 25 44.5 21.5 1.5 NA
165 "2022-01-28 08:27:46" 25 44.5 21.5 1.5 NA
166 "2022-01-28 08:27:56" 25 44.5 21.5 1.5 NA
167 "2022-01-28 08:28:06" 25 44.5 21.5 1.5 NA
168 "2022-01-28 08:28:16" 25 44.5 21.5 1.5 NA
169 "2022-01-28 08:28:26" 25 44.5 21.5 1.5 NA
170 "2022-01-28 08:28:36" 25 44.5 21.5 1.5 NA
171 "2022-01-28 08:28:46" 25 44.5 21.5 1.5 NA
172 "2022-01-28 08:28:56" 25 44.5 21.5 1.5 NA
173 "2022-01-28 08:29:06" 25 44.5 21.5 1.5 NA
174 "2022-01-28 08:29:16" 25 44.5 21.5 1.5 NA
175 "2022-01-28 08:29:26" 25 44.5 21.5 1.5 NA
176 "2022-01-28 08:29:36" 25 44.5 21.5 1.5 NA
177 "2022-01-28 08:29:46" 25 44.5 21.5 1.5 NA
178 "2022-01-28 08:29:56" 25 44.5 21.5 1.5 NA
179 "2022-01-28 08:30:06" 25 44.5 21.5 1.5 NA
180 "2022-01-28 08:30:16" 25 44.5 21.5 1.5 NA
181 "2022-01-28 08:30:26" 25 44.5 21.5 1.5 NA
182 "2022-01-28 08:30:36" 25 44.5 21.5 1.5 NA
183 "2022-01-28 08:30:46" 25 44.5 21.5 1.5 NA
184 "2022-01-28 08:30:56" 25 44.5 21.5 1.5 NA
185 "2022-01-28 08:31:06" 25 44.5 21.5 1.5 NA
186 "2022-01-28 08:31:16" 25 44.5 21.5 1.5 NA
187 "2022-01-28 08:31:26" 25 44.5 21.5 1.5 NA
188 "2022-01-28 08:31:36" 25 44.5 21.5 1.5 NA
189 "2022-01-28 08:31:46" 25 44.5 21.5 1.5 NA
190 "2022-01-28 08:31:56" 25 44.5 21.5 1.5 NA
191 "2022-01-28 08:32:06" 25 44.5 21.5 1.5 NA
192 "2022-01-28 08:32:16" 25 44.5 21.5 1.5 NA
193 "2022-01-28 08:32:26" 25 44.5 21.5 1.5 NA
194 "2022-01-28 08:32:36" 25 44.5 21.5 1.5 NA
195 "2022-01-28 08:32:46" 25 44.5 21.5 1.5 NA
196 "2022-01-28 08:32:56" 25 44.5 21.5 1.5 NA
197 "2022-01-28 08:33:06" 25 44.5 21 1.2 NA
198 "2022-01-28 08:33:16" 25 44.5 21 1.2 NA
199 "2022-01-28 08:33:26" 25 44.5 21 1.2 NA
200 "2022-01-28 08:33:36" 25 44.5 21 1.2 NA
201 "2022-01-28 08:33:46" 25 44.5 21 1.2 NA
202 "2022-01-28 08:33:56" 25 44.5 21 1.2 NA
203 "2022-01-28 08:34:06" 25 44.5 21 1.2 NA
204 "2022-01-28 08:34:16" 25 44.5 21 1.2 NA
205 "2022-01-28 08:34:26" 25 44.5 21 1.2 NA
206 "2022-01-28 08:34:36" 25 44.5 21 1.2 NA
207 "2022-01-28 08:34:46" 25 44.5 21 1.2 NA
208 "2022-01-28 08:34:56" 25 44.5 21 1.2 NA
209 "2022-01-28 08:35:06" 25 44.5 21 1.2 NA
210 "2022-01-28 08:35:16" 25 44.5 21 1.2 NA
211 "2022-01-28 08:35:26" 25 44.5 21 1.2 NA
212 "2022-01-28 08:35:36" 25 44.5 21 1.2 NA
213 "2022-01-28 08:35:46" 25 44.5 21 1.2 NA
214 "2022-01-28 08:35:56" 25 44.5 21 1.2 NA
215 "2022-01-28 08:36:06" 25 44.5 21.5 1.5 NA
216 "2022-01-28 08:36:16" 25 44.5 21.5 1.5 NA
217 "2022-01-28 08:36:26" 25 44.5 21.5 1.5 NA
218 "2022-01-28 08:36:36" 25 44.5 21.5 1.5 NA
219 "2022-01-28 08:36:46" 25 44.5 21 1.2 NA
220 "2022-01-28 08:36:56" 25 44.5 21 1.2 NA
221 "2022-01-28 08:37:06" 25 44.5 21 1.2 NA
222 "2022-01-28 08:37:16" 25 44.5 21 1.2 NA
223 "2022-01-28 08:37:26" 25 44.5 21 1.2 NA
224 "2022-01-28 08:37:36" 25 44.5 21 1.2 NA
225 "2022-01-28 08:37:46" 25 44.5 21 1.2 NA
226 "2022-01-28 08:37:56" 25 44.5 21 1.2 NA
227 "2022-01-28 08:38:06" 25 44.5 21 1.2 NA
228 "2022-01-28 08:38:16" 25 44.5 21 1.2 NA
229 "2022-01-28 08:38:26" 25 44.5 21 1.2 NA
230 "2022-01-28 08:38:36" 25 44.5 21 1.2 NA
231 "2022-01-28 08:38:46" 25 44.5 21 1.2 NA
232 "2022-01-28 08:38:56" 25 44.5 21 1.2 NA
233 "2022-01-28 08:39:06" 25 44.5 21 1.2 NA
234 "2022-01-28 08:39:16" 25 44.5 21 1.2 NA
235 "2022-01-28 08:39:26" 25 44.5 21 1.2 NA
236 "2022-01-28 08:39:36" 25 44.5 21 1.2 NA
237 "2022-01-28 08:39:46" 25 44.5 21 1.2 NA
238 "2022-01-28 08:39:56" 25 44.5 21 1.2 NA
239 "2022-01-28 08:40:06" 25 44.5 21 1.2 NA
240 "2022-01-28 08:40:16" 25 44.5 21 1.2 NA
241 "2022-01-28 08:40:26" 25 44.5 21 1.2 NA
242 "2022-01-28 08:40:36" 25 44.5 21 1.2 NA
243 "2022-01-28 08:40:46" 25 44.5 21 1.2 NA
244 "2022-01-28 08:40:56" 25 44.5 21 1.2 NA
245 "2022-01-28 08:41:06" 25 44.5 21 1.2 NA
246 "2022-01-28 08:41:16" 25 44.5 21 1.2 NA
247 "2022-01-28 08:41:26" 25 44.5 21 1.2 NA
248 "2022-01-28 08:41:36" 25 44.5 21 1.2 NA
249 "2022-01-28 08:41:46" 25 44.5 21.5 1.5 NA
250 "2022-01-28 08:41:56" 25 44.5 21.5 1.5 NA
251 "2022-01-28 08:42:06" 25 44.5 21.5 1.5 NA
252 "2022-01-28 08:42:16" 25 44.5 21.5 1.5 NA
253 "2022-01-28 08:42:26" 25 44.5 21.5 1.5 NA
254 "2022-01-28 08:42:36" 25 44.5 21.5 1.5 NA
255 "2022-01-28 08:42:46" 25 44.5 21.5 1.5 NA
256 "2022-01-28 08:42:56" 25 44.5 21.5 1.5 NA
257 "2022-01-28 08:43:06" 25 44.5 21.5 1.5 NA
258 "2022-01-28 08:43:16" 25 44.5 21.5 1.5 NA
259 "2022-01-28 08:43:26" 25 44.5 21.5 1.5 NA
260 "2022-01-28 08:43:36" 25 44.5 21.5 1.5 NA
261 "2022-01-28 08:43:46" 25 44.5 21.5 1.5 NA
262 "2022-01-28 08:43:56" 25 44.5 21.5 1.5 NA
263 "2022-01-28 08:44:06" 25 44.5 21.5 1.5 NA
264 "2022-01-28 08:44:16" 25 44.5 21.5 1.5 NA
265 "2022-01-28 08:44:26" 25 44.5 21.5 1.5 NA
266 "2022-01-28 08:44:36" 25 44.5 21.5 1.5 NA
267 "2022-01-28 08:44:46" 25 44.5 21.5 1.5 NA
268 "2022-01-28 08:44:56" 25 44.5 21.5 1.5 NA
269 "2022-01-28 08:45:06" 25 44.5 21.5 1.5 NA
270 "2022-01-28 08:45:16" 25 44.5 21.5 1.5 NA
271 "2022-01-28 08:45:26" 25 44.5 21.5 1.5 NA
272 "2022-01-28 08:45:36" 25 44.5 21.5 1.5 NA
273 "2022-01-28 08:45:46" 25 44.5 21.5 1.5 NA
274 "2022-01-28 08:45:56" 25 44.5 21.5 1.5 NA
275 "2022-01-28 08:46:06" 25 44.5 21.5 1.5 NA
276 "2022-01-28 08:46:16" 25 44.5 21.5 1.5 NA
277 "2022-01-28 08:46:26" 25 44.5 21.5 1.5 NA
278 "2022-01-28 08:46:36" 25 44.5 21.5 1.5 NA
279 "2022-01-28 08:46:46" 25 44.5 21.5 1.5 NA
280 "2022-01-28 08:46:56" 25 44.5 21.5 1.5 NA
281 "2022-01-28 08:47:06" 25 44.5 21.5 1.5 NA
282 "2022-01-28 08:47:16" 25 44.5 21.5 1.5 NA
283 "2022-01-28 08:47:26" 25 44.5 21.5 1.5 NA
284 "2022-01-28 08:47:36" 25 44.5 21 1.2 NA
285 "2022-01-28 08:47:46" 25 44.5 21 1.2 NA
286 "2022-01-28 08:47:56" 25 44.5 21 1.2 NA
287 "2022-01-28 08:48:06" 25 44.5 21 1.2 NA
288 "2022-01-28 08:48:16" 25 44.5 21 1.2 NA
289 "2022-01-28 08:48:26" 25 44.5 21.5 1.5 NA
290 "2022-01-28 08:48:36" 25 44.5 21.5 1.5 NA
291 "2022-01-28 08:48:46" 25 44.5 21.5 1.5 NA
292 "2022-01-28 08:48:56" 25 44.5 21.5 1.5 NA
293 "2022-01-28 08:49:06" 25 44.5 21.5 1.5 NA
294 "2022-01-28 08:49:16" 25 44.5 21.5 1.5 NA
295 "2022-01-28 08:49:26" 25 44.5 21.5 1.5 NA
296 "2022-01-28 08:49:36" 25 44.5 21.5 1.5 NA
297 "2022-01-28 08:49:46" 25 44.5 21.5 1.5 NA
298 "2022-01-28 08:49:56" 25 44.5 21.5 1.5 NA
299 "2022-01-28 08:50:06" 25 44.5 21.5 1.5 NA
300 "2022-01-28 08:50:16" 25 44.5 21.5 1.5 NA
301 "2022-01-28 08:50:26" 25 44.5 21.5 1.5 NA
302 "2022-01-28 08:50:36" 25 44.5 21.5 1.5 NA
303 "2022-01-28 08:50:46" 25 44.5 21.5 1.5 NA
304 "2022-01-28 08:50:56" 25 44.5 21.5 1.5 NA
305 "2022-01-28 08:51:06" 25 44.5 21.5 1.5 NA
306 "2022-01-28 08:51:16" 25 44.5 21.5 1.5 NA
307 "2022-01-28 08:51:26" 25 44.5 21.5 1.5 NA
308 "2022-01-28 08:51:36" 25 44.5 21.5 1.5 NA
309 "2022-01-28 08:51:46" 25 44.5 21.5 1.5 NA
310 "2022-01-28 08:51:56" 25 44.5 21.5 1.5 NA
311 "2022-01-28 08:52:06" 25 44.5 21.5 1.5 NA
312 "2022-01-28 08:52:16" 25 44.5 21.5 1.5 NA
313 "2022-01-28 08:52:26" 25 44.5 21.5 1.5 NA
314 "2022-01-28 08:52:36" 25 44.5 21.5 1.5 NA
315 "2022-01-28 08:52:46" 25 44.5 21.5 1.5 NA
316 "2022-01-28 08:52:56" 25 44.5 21.5 1.5 NA
317 "2022-01-28 08:53:06" 25 44.5 21.5 1.5 NA
318 "2022-01-28 08:53:16" 25 44.5 21.5 1.5 NA
319 "2022-01-28 08:53:26" 25 44.5 21.5 1.5 NA
320 "2022-01-28 08:53:36" 25 44.5 23 2.4 NA
321 "2022-01-28 08:53:46" 25 44.5 23 2.4 NA
322 "2022-01-28 08:53:56" 25 44.5 22.5 2.1 NA
323 "2022-01-28 08:54:06" 25.5 44.5 22.5 2.6 NA
324 "2022-01-28 08:54:16" 25.5 44.5 22 2.2 NA
325 "2022-01-28 08:54:26" 26 44.5 22 2.7 NA
326 "2022-01-28 08:54:36" 26 44.5 22 2.7 NA
327 "2022-01-28 08:54:46" 26.5 44.5 21.5 2.7 NA
328 "2022-01-28 08:54:56" 27 44.5 21.5 3.2 NA
329 "2022-01-28 08:55:06" 27 44.5 21 2.8 NA
330 "2022-01-28 08:55:16" 27.5 44.5 21 3.2 NA
331 "2022-01-28 08:55:26" 28 44.5 20.5 3.3 NA
332 "2022-01-28 08:55:36" 28.5 44.5 20 3.4 NA
333 "2022-01-28 08:55:46" 28.5 44.5 19.5 3 NA
334 "2022-01-28 08:55:56" 29 44.5 19.5 3.4 NA
335 "2022-01-28 08:56:06" 29.5 44.5 19 3.5 NA
336 "2022-01-28 08:56:16" 30 44.5 19 3.9 NA
337 "2022-01-28 08:56:26" 30 44.5 18.5 3.5 NA
338 "2022-01-28 08:56:36" 30.5 44.5 18.5 3.9 NA
339 "2022-01-28 08:56:46" 31 44.5 18 3.9 NA
340 "2022-01-28 08:56:56" 31 44.5 18 3.9 NA
341 "2022-01-28 08:57:06" 31.5 44.5 17.5 3.9 NA
342 "2022-01-28 08:57:16" 32 44.5 17.5 4.3 NA
343 "2022-01-28 08:57:26" 32 44.5 17 3.9 NA
344 "2022-01-28 08:57:36" 32.5 44.5 17 4.3 NA
345 "2022-01-28 08:57:46" 33 44.5 17 4.7 NA
346 "2022-01-28 08:57:56" 33 44.5 16.5 4.3 NA
347 "2022-01-28 08:58:06" 33.5 44.5 16.5 4.7 NA
348 "2022-01-28 08:58:16" 33.5 44.5 16.5 4.7 NA
349 "2022-01-28 08:58:26" 34 44.5 16 4.6 NA
350 "2022-01-28 08:58:36" 34 44.5 16 4.6 NA
351 "2022-01-28 08:58:46" 34.5 44.5 16 5 NA
352 "2022-01-28 08:58:56" 34.5 44.5 15.5 4.6 NA
353 "2022-01-28 08:59:06" 35 44.5 15.5 5 NA
354 "2022-01-28 08:59:16" 35 44.5 15.5 5 NA
355 "2022-01-28 08:59:26" 35.5 44.5 15.5 5.4 NA
356 "2022-01-28 08:59:36" 35.5 44.5 15 4.9 NA
357 "2022-01-28 08:59:46" 36 44.5 15 5.3 NA
358 "2022-01-28 08:59:56" 36 44.5 15 5.3 NA
359 "2022-01-28 09:00:06" 36 44.5 15 5.3 NA
360 "2022-01-28 09:00:16" 36.5 44.5 15 5.7 NA
361 "2022-01-28 09:00:26" 36.5 44.5 14.5 5.2 NA
362 "2022-01-28 09:00:36" 37 44.5 14.5 5.6 NA
363 "2022-01-28 09:00:46" 37 44.5 14.5 5.6 NA
364 "2022-01-28 09:00:56" 37 44.5 14.5 5.6 NA
365 "2022-01-28 09:01:06" 37.5 44.5 14.5 6 NA
366 "2022-01-28 09:01:16" 37.5 44.5 14.5 6 NA
367 "2022-01-28 09:01:26" 37.5 44.5 15 6.5 NA
368 "2022-01-28 09:01:36" 38 44.5 14 5.9 NA
369 "2022-01-28 09:01:46" 38 44.5 14 5.9 NA
370 "2022-01-28 09:01:56" 38 44.5 14 5.9 NA
371 "2022-01-28 09:02:06" 38.5 44.5 14 6.3 NA
372 "2022-01-28 09:02:16" 38.5 44.5 13.5 5.7 NA
373 "2022-01-28 09:02:26" 38.5 44.5 13.5 5.7 NA
374 "2022-01-28 09:02:36" 39 44.5 13.5 6.1 NA
375 "2022-01-28 09:02:46" 39 44.5 13.5 6.1 NA
376 "2022-01-28 09:02:56" 39 44.5 13.5 6.1 NA
377 "2022-01-28 09:03:06" 39 44.5 13.5 6.1 NA
378 "2022-01-28 09:03:16" 39.5 44.5 13 6 NA
379 "2022-01-28 09:03:26" 39.5 44.5 13.5 6.5 NA
380 "2022-01-28 09:03:36" 39.5 44.5 13 6 NA
381 "2022-01-28 09:03:46" 40 44.5 13 6.4 NA
382 "2022-01-28 09:03:56" 40 44.5 13 6.4 NA
383 "2022-01-28 09:04:06" 40 44.5 13 6.4 NA
384 "2022-01-28 09:04:16" 40 44.5 13 6.4 NA
385 "2022-01-28 09:04:26" 40 44.5 13 6.4 NA
386 "2022-01-28 09:04:36" 40.5 44.5 13 6.7 NA
387 "2022-01-28 09:04:46" 40.5 44.5 13 6.7 NA
388 "2022-01-28 09:04:56" 40.5 44.5 13 6.7 NA
389 "2022-01-28 09:05:06" 40.5 44.5 13 6.7 NA
390 "2022-01-28 09:05:16" 41 44.5 13 7.1 NA
391 "2022-01-28 09:05:26" 41 44.5 13 7.1 NA
392 "2022-01-28 09:05:36" 41 44.5 12.5 6.6 NA
393 "2022-01-28 09:05:46" 41 44.5 12.5 6.6 NA
394 "2022-01-28 09:05:56" 41 44.5 12.5 6.6 NA
395 "2022-01-28 09:06:06" 41.5 44.5 12.5 6.9 NA
396 "2022-01-28 09:06:16" 41.5 44.5 12.5 6.9 NA
397 "2022-01-28 09:06:26" 41.5 44.5 12.5 6.9 NA
398 "2022-01-28 09:06:36" 41.5 44.5 12.5 6.9 NA
399 "2022-01-28 09:06:46" 41.5 44.5 12.5 6.9 NA
400 "2022-01-28 09:06:56" 41.5 44.5 12.5 6.9 NA
401 "2022-01-28 09:07:06" 41.5 44.5 12.5 6.9 NA
402 "2022-01-28 09:07:16" 42 44.5 12.5 7.3 NA
403 "2022-01-28 09:07:26" 42 44.5 12.5 7.3 NA
404 "2022-01-28 09:07:36" 42 44.5 12.5 7.3 NA
405 "2022-01-28 09:07:46" 42 44.5 12.5 7.3 NA
406 "2022-01-28 09:07:56" 42 44.5 12.5 7.3 NA
407 "2022-01-28 09:08:06" 42 44.5 12.5 7.3 NA
408 "2022-01-28 09:08:16" 42 44.5 12 6.7 NA
409 "2022-01-28 09:08:26" 42 44.5 12 6.7 NA
410 "2022-01-28 09:08:36" 42 44.5 12 6.7 NA
411 "2022-01-28 09:08:46" 42.5 44.5 12 7.1 NA
412 "2022-01-28 09:08:56" 42.5 44.5 12 7.1 NA
413 "2022-01-28 09:09:06" 42.5 44.5 12 7.1 NA
414 "2022-01-28 09:09:16" 42.5 44.5 12 7.1 NA
415 "2022-01-28 09:09:26" 42.5 44.5 12 7.1 NA
416 "2022-01-28 09:09:36" 42.5 44.5 12 7.1 NA
417 "2022-01-28 09:09:46" 42.5 44.5 12 7.1 NA
418 "2022-01-28 09:09:56" 42.5 44.5 12 7.1 NA
419 "2022-01-28 09:10:06" 42.5 44.5 12 7.1 NA
420 "2022-01-28 09:10:16" 42.5 44.5 12 7.1 NA
421 "2022-01-28 09:10:26" 42.5 44.5 12 7.1 NA
422 "2022-01-28 09:10:36" 42.5 44.5 12 7.1 NA
423 "2022-01-28 09:10:46" 42.5 44.5 12 7.1 NA
424 "2022-01-28 09:10:56" 42.5 44.5 12 7.1 NA
425 "2022-01-28 09:11:06" 42.5 44.5 12 7.1 NA
426 "2022-01-28 09:11:16" 42.5 44.5 12 7.1 NA
427 "2022-01-28 09:11:26" 42.5 44.5 12 7.1 NA
428 "2022-01-28 09:11:36" 42.5 44.5 12 7.1 NA
429 "2022-01-28 09:11:46" 42.5 44.5 12 7.1 NA
430 "2022-01-28 09:11:56" 42.5 44.5 12 7.1 NA
431 "2022-01-28 09:12:06" 42.5 44.5 12 7.1 NA
432 "2022-01-28 09:12:16" 42.5 44.5 12 7.1 NA
433 "2022-01-28 09:12:26" 42.5 44.5 12 7.1 NA
434 "2022-01-28 09:12:36" 42.5 44.5 12 7.1 NA
435 "2022-01-28 09:12:46" 42.5 44.5 12 7.1 NA
436 "2022-01-28 09:12:56" 42.5 44.5 12 7.1 NA
437 "2022-01-28 09:13:06" 42.5 44.5 12 7.1 NA
438 "2022-01-28 09:13:16" 42.5 44.5 12 7.1 NA
439 "2022-01-28 09:13:26" 42.5 44.5 12 7.1 NA
440 "2022-01-28 09:13:36" 42.5 44.5 12 7.1 NA
441 "2022-01-28 09:13:46" 42.5 44.5 12 7.1 NA
442 "2022-01-28 09:13:56" 42.5 44.5 12 7.1 NA
443 "2022-01-28 09:14:06" 42.5 44.5 12 7.1 NA
444 "2022-01-28 09:14:16" 42.5 44.5 12 7.1 NA
445 "2022-01-28 09:14:26" 42.5 44.5 12 7.1 NA
446 "2022-01-28 09:14:36" 42.5 44.5 12 7.1 NA
447 "2022-01-28 09:14:46" 42.5 44.5 12 7.1 NA
448 "2022-01-28 09:14:56" 42.5 44.5 12 7.1 NA
449 "2022-01-28 09:15:06" 42.5 44.5 12 7.1 NA
450 "2022-01-28 09:15:16" 42.5 44.5 12 7.1 NA
451 "2022-01-28 09:15:26" 42.5 44.5 12 7.1 NA
452 "2022-01-28 09:15:36" 42.5 44.5 12 7.1 NA
453 "2022-01-28 09:15:46" 42.5 44.5 12 7.1 NA
454 "2022-01-28 09:15:56" 42.5 44.5 12 7.1 NA
455 "2022-01-28 09:16:06" 42.5 44.5 12 7.1 NA
456 "2022-01-28 09:16:16" 42.5 44.5 12 7.1 NA
457 "2022-01-28 09:16:26" 42.5 44.5 12 7.1 NA
458 "2022-01-28 09:16:36" 42.5 44.5 12 7.1 NA
459 "2022-01-28 09:16:46" 42.5 44.5 12 7.1 NA
460 "2022-01-28 09:16:56" 42.5 44.5 12 7.1 NA
461 "2022-01-28 09:17:06" 42.5 44.5 12 7.1 NA
462 "2022-01-28 09:17:16" 42.5 44.5 12 7.1 NA
463 "2022-01-28 09:17:26" 42.5 44.5 12 7.1 NA
464 "2022-01-28 09:17:36" 42.5 44.5 12 7.1 NA
465 "2022-01-28 09:17:46" 42.5 44.5 12 7.1 NA
466 "2022-01-28 09:17:56" 42.5 44.5 12 7.1 NA
467 "2022-01-28 09:18:06" 42.5 44.5 12 7.1 NA
468 "2022-01-28 09:18:16" 42.5 44.5 12 7.1 NA
469 "2022-01-28 09:18:26" 42.5 44.5 12 7.1 NA
470 "2022-01-28 09:18:36" 42.5 44.5 12 7.1 NA
471 "2022-01-28 09:18:46" 42.5 44.5 12 7.1 NA
472 "2022-01-28 09:18:56" 42.5 44.5 12 7.1 NA
473 "2022-01-28 09:19:06" 42.5 44.5 12 7.1 NA
474 "2022-01-28 09:19:16" 42.5 44.5 12 7.1 NA
475 "2022-01-28 09:19:26" 42.5 44.5 12 7.1 NA
476 "2022-01-28 09:19:36" 42.5 44.5 12 7.1 NA
477 "2022-01-28 09:19:46" 42.5 44.5 12 7.1 NA
478 "2022-01-28 09:19:56" 42.5 44.5 12 7.1 NA
479 "2022-01-28 09:20:06" 42.5 44.5 12 7.1 NA
480 "2022-01-28 09:20:16" 42.5 44.5 12 7.1 NA
481 "2022-01-28 09:20:26" 42.5 44.5 12 7.1 NA
482 "2022-01-28 09:20:36" 42.5 44.5 12 7.1 NA
483 "2022-01-28 09:20:46" 42.5 44.5 12 7.1 NA
484 "2022-01-28 09:20:56" 42.5 44.5 12 7.1 NA
485 "2022-01-28 09:21:06" 42.5 44.5 12 7.1 NA
486 "2022-01-28 09:21:16" 42.5 44.5 11.5 6.5 NA
487 "2022-01-28 09:21:26" 42.5 44.5 12 7.1 NA
488 "2022-01-28 09:21:36" 42.5 44.5 12 7.1 NA
489 "2022-01-28 09:21:46" 42.5 44.5 12 7.1 NA
490 "2022-01-28 09:21:56" 42.5 44.5 12 7.1 NA
491 "2022-01-28 09:22:06" 42.5 44.5 12 7.1 NA
492 "2022-01-28 09:22:16" 42.5 44.5 12 7.1 NA
493 "2022-01-28 09:22:26" 42.5 44.5 11.5 6.5 NA
494 "2022-01-28 09:22:36" 42.5 44.5 12 7.1 NA
495 "2022-01-28 09:22:46" 42.5 44.5 11.5 6.5 NA
496 "2022-01-28 09:22:56" 42.5 44.5 11.5 6.5 NA
497 "2022-01-28 09:23:06" 42.5 44.5 12 7.1 NA
498 "2022-01-28 09:23:16" 42.5 44.5 12 7.1 NA
499 "2022-01-28 09:23:26" 42.5 44.5 12 7.1 NA
500 "2022-01-28 09:23:36" 42.5 44.5 12 7.1 NA
501 "2022-01-28 09:23:46" 42.5 44.5 12 7.1 NA
502 "2022-01-28 09:23:56" 42.5 44.5 12 7.1 NA
503 "2022-01-28 09:24:06" 42.5 44.5 12 7.1 NA
504 "2022-01-28 09:24:16" 42.5 44.5 12 7.1 NA
505 "2022-01-28 09:24:26" 42.5 44.5 12 7.1 NA
506 "2022-01-28 09:24:36" 42.5 44.5 13 8.3 NA
507 "2022-01-28 09:24:46" 42.5 44.5 12.5 7.7 NA
508 "2022-01-28 09:24:56" 42.5 44.5 13 8.3 NA
509 "2022-01-28 09:25:06" 42.5 44.5 12.5 7.7 NA
510 "2022-01-28 09:25:16" 42.5 44.5 12.5 7.7 NA
511 "2022-01-28 09:25:26" 42.5 44.5 12 7.1 NA
512 "2022-01-28 09:25:36" 42.5 44.5 12 7.1 NA
513 "2022-01-28 09:25:46" 42.5 44.5 12 7.1 NA
514 "2022-01-28 09:25:56" 42.5 44.5 12 7.1 NA
515 "2022-01-28 09:26:06" 42.5 44.5 12 7.1 NA
516 "2022-01-28 09:26:16" 42.5 44.5 12 7.1 NA
517 "2022-01-28 09:26:26" 42.5 44.5 12 7.1 NA
518 "2022-01-28 09:26:36" 42.5 44.5 12 7.1 NA
519 "2022-01-28 09:26:46" 42.5 44.5 12 7.1 NA
520 "2022-01-28 09:26:56" 42.5 44.5 12 7.1 NA
521 "2022-01-28 09:27:06" 42.5 44.5 12 7.1 NA
522 "2022-01-28 09:27:16" 42.5 44.5 12 7.1 NA
523 "2022-01-28 09:27:26" 42.5 44.5 12 7.1 NA
524 "2022-01-28 09:27:36" 42.5 44.5 12 7.1 NA
525 "2022-01-28 09:27:46" 42.5 44.5 12 7.1 NA
526 "2022-01-28 09:27:56" 42.5 44.5 12 7.1 NA
527 "2022-01-28 09:28:06" 42.5 44.5 12 7.1 NA
528 "2022-01-28 09:28:16" 42.5 44.5 11.5 6.5 NA
529 "2022-01-28 09:28:26" 42.5 44.5 12 7.1 NA
530 "2022-01-28 09:28:36" 42.5 44.5 11.5 6.5 NA
531 "2022-01-28 09:28:46" 42.5 44.5 12 7.1 NA
532 "2022-01-28 09:28:56" 42.5 44.5 12 7.1 NA
533 "2022-01-28 09:29:06" 42.5 44.5 12 7.1 NA
534 "2022-01-28 09:29:16" 42.5 44.5 12 7.1 NA
535 "2022-01-28 09:29:26" 42.5 44.5 11.5 6.5 NA
536 "2022-01-28 09:29:36" 42.5 44.5 11.5 6.5 NA
537 "2022-01-28 09:29:46" 42.5 44.5 11.5 6.5 NA
538 "2022-01-28 09:29:56" 42.5 44.5 11.5 6.5 NA
539 "2022-01-28 09:30:06" 42.5 44.5 11.5 6.5 NA
540 "2022-01-28 09:30:16" 42.5 44.5 11.5 6.5 NA
541 "2022-01-28 09:30:26" 42.5 44.5 11.5 6.5 NA
542 "2022-01-28 09:30:36" 42.5 44.5 11.5 6.5 NA
543 "2022-01-28 09:30:46" 42.5 44.5 11.5 6.5 NA
544 "2022-01-28 09:30:56" 42.5 44.5 11.5 6.5 NA
545 "2022-01-28 09:31:06" 42.5 44.5 11.5 6.5 NA
546 "2022-01-28 09:31:16" 42.5 44.5 11.5 6.5 NA
547 "2022-01-28 09:31:26" 42.5 44.5 11.5 6.5 NA
548 "2022-01-28 09:31:36" 42.5 44.5 11.5 6.5 NA
549 "2022-01-28 09:31:46" 42.5 44.5 11.5 6.5 NA
550 "2022-01-28 09:31:56" 42.5 44.5 11.5 6.5 NA
551 "2022-01-28 09:32:06" 42.5 44.5 11.5 6.5 NA
552 "2022-01-28 09:32:16" 42.5 44.5 11.5 6.5 NA
553 "2022-01-28 09:32:26" 42.5 44.5 11.5 6.5 NA
554 "2022-01-28 09:32:36" 42.5 44.5 11.5 6.5 NA
555 "2022-01-28 09:32:46" 42.5 44.5 11.5 6.5 NA
556 "2022-01-28 09:32:56" 42.5 44.5 11.5 6.5 NA
557 "2022-01-28 09:33:06" 42.5 44.5 11.5 6.5 NA
558 "2022-01-28 09:33:16" 42.5 44.5 11.5 6.5 NA
559 "2022-01-28 09:33:26" 42.5 44.5 11.5 6.5 NA
560 "2022-01-28 09:33:36" 42.5 44.5 11.5 6.5 NA
561 "2022-01-28 09:33:46" 42.5 44.5 11.5 6.5 NA
562 "2022-01-28 09:33:56" 42.5 44.5 11.5 6.5 NA
563 "2022-01-28 09:34:06" 42.5 44.5 11.5 6.5 NA
564 "2022-01-28 09:34:16" 42.5 44.5 11.5 6.5 NA
565 "2022-01-28 09:34:26" 42.5 44.5 11.5 6.5 NA
566 "2022-01-28 09:34:36" 42.5 44.5 11.5 6.5 NA
567 "2022-01-28 09:34:46" 42.5 44.5 11.5 6.5 NA
568 "2022-01-28 09:34:56" 42.5 44.5 11.5 6.5 NA
569 "2022-01-28 09:35:06" 42.5 44.5 11.5 6.5 NA
570 "2022-01-28 09:35:16" 42.5 44.5 11.5 6.5 NA
571 "2022-01-28 09:35:26" 42.5 44.5 11.5 6.5 NA
572 "2022-01-28 09:35:36" 42.5 44.5 11.5 6.5 NA
573 "2022-01-28 09:35:46" 42.5 44.5 11.5 6.5 NA
574 "2022-01-28 09:35:56" 42.5 44.5 11.5 6.5 NA
575 "2022-01-28 09:36:06" 42.5 44.5 11.5 6.5 NA
576 "2022-01-28 09:36:16" 42.5 44.5 11.5 6.5 NA
577 "2022-01-28 09:36:26" 42.5 44.5 11.5 6.5 NA
578 "2022-01-28 09:36:36" 42.5 44.5 11.5 6.5 NA
579 "2022-01-28 09:36:46" 42.5 44.5 11.5 6.5 NA
580 "2022-01-28 09:36:56" 42.5 44.5 11.5 6.5 NA
581 "2022-01-28 09:37:06" 42.5 44.5 11.5 6.5 NA
582 "2022-01-28 09:37:16" 42.5 44.5 11.5 6.5 NA
583 "2022-01-28 09:37:26" 42.5 44.5 11.5 6.5 NA
584 "2022-01-28 09:37:36" 42.5 44.5 11.5 6.5 NA
585 "2022-01-28 09:37:46" 42.5 44.5 11.5 6.5 NA
586 "2022-01-28 09:37:56" 42.5 44.5 11.5 6.5 NA
587 "2022-01-28 09:38:06" 42.5 44.5 11.5 6.5 NA
588 "2022-01-28 09:38:16" 42.5 44.5 11.5 6.5 NA
589 "2022-01-28 09:38:26" 42.5 44.5 11.5 6.5 NA
590 "2022-01-28 09:38:36" 42.5 44.5 11.5 6.5 NA
591 "2022-01-28 09:38:46" 42.5 44.5 11.5 6.5 NA
592 "2022-01-28 09:38:56" 42.5 44.5 11.5 6.5 NA
593 "2022-01-28 09:39:06" 42.5 44.5 11.5 6.5 NA
594 "2022-01-28 09:39:16" 42.5 44.5 11.5 6.5 NA
595 "2022-01-28 09:39:26" 42.5 44.5 11.5 6.5 NA
596 "2022-01-28 09:39:36" 42.5 44.5 11.5 6.5 NA
597 "2022-01-28 09:39:46" 42.5 44.5 11.5 6.5 NA
598 "2022-01-28 09:39:56" 42.5 44.5 11.5 6.5 NA
599 "2022-01-28 09:40:06" 42.5 44.5 11.5 6.5 NA
600 "2022-01-28 09:40:16" 42.5 44.5 11.5 6.5 NA
601 "2022-01-28 09:40:26" 42.5 44.5 11.5 6.5 NA
602 "2022-01-28 09:40:36" 42.5 44.5 11.5 6.5 NA
603 "2022-01-28 09:40:46" 42.5 44.5 11.5 6.5 NA
604 "2022-01-28 09:40:56" 42.5 44.5 11.5 6.5 NA
605 "2022-01-28 09:41:06" 42.5 44.5 11.5 6.5 NA
606 "2022-01-28 09:41:16" 42.5 44.5 11.5 6.5 NA
607 "2022-01-28 09:41:26" 42.5 44.5 11.5 6.5 NA
608 "2022-01-28 09:41:36" 42.5 44.5 11.5 6.5 NA
609 "2022-01-28 09:41:46" 42.5 44.5 11.5 6.5 NA
610 "2022-01-28 09:41:56" 42.5 44.5 11.5 6.5 NA
611 "2022-01-28 09:42:06" 42.5 44.5 11.5 6.5 NA
612 "2022-01-28 09:42:16" 42.5 44.5 11.5 6.5 NA
613 "2022-01-28 09:42:26" 42.5 44.5 11.5 6.5 NA
614 "2022-01-28 09:42:36" 42.5 44.5 11.5 6.5 NA
615 "2022-01-28 09:42:46" 42.5 44.5 11.5 6.5 NA
616 "2022-01-28 09:42:56" 42.5 44.5 11.5 6.5 NA
617 "2022-01-28 09:43:06" 42.5 44.5 11.5 6.5 NA
618 "2022-01-28 09:43:16" 42.5 44.5 11.5 6.5 NA
619 "2022-01-28 09:43:26" 42.5 44.5 11.5 6.5 NA
620 "2022-01-28 09:43:36" 42.5 44.5 11.5 6.5 NA
621 "2022-01-28 09:43:46" 42.5 44.5 11.5 6.5 NA
622 "2022-01-28 09:43:56" 42.5 44.5 11.5 6.5 NA
623 "2022-01-28 09:44:06" 42.5 44.5 11.5 6.5 NA
624 "2022-01-28 09:44:16" 42.5 44.5 11.5 6.5 NA
625 "2022-01-28 09:44:26" 42 44.5 11.5 6.1 NA
626 "2022-01-28 09:44:36" 42 44.5 11.5 6.1 NA
627 "2022-01-28 09:44:46" 42 44.5 11.5 6.1 NA
628 "2022-01-28 09:44:56" 42 44.5 11.5 6.1 NA
629 "2022-01-28 09:45:06" 42 44.5 11.5 6.1 NA
630 "2022-01-28 09:45:16" 42 44.5 11.5 6.1 NA
631 "2022-01-28 09:45:26" 42 44.5 11.5 6.1 NA
632 "2022-01-28 09:45:36" 42 44.5 11.5 6.1 NA
633 "2022-01-28 09:45:46" 42 44.5 11.5 6.1 NA
634 "2022-01-28 09:45:56" 42 44.5 11.5 6.1 NA
635 "2022-01-28 09:46:06" 42 44.5 11.5 6.1 NA
636 "2022-01-28 09:46:16" 42 44.5 11.5 6.1 NA
637 "2022-01-28 09:46:26" 42 44.5 11.5 6.1 NA
638 "2022-01-28 09:46:36" 42 44.5 11.5 6.1 NA
639 "2022-01-28 09:46:46" 42 44.5 11.5 6.1 NA
640 "2022-01-28 09:46:56" 42 44.5 11.5 6.1 NA
641 "2022-01-28 09:47:06" 42 44.5 11.5 6.1 NA
642 "2022-01-28 09:47:16" 42 44.5 11.5 6.1 NA
643 "2022-01-28 09:47:26" 42 44.5 11.5 6.1 NA
644 "2022-01-28 09:47:36" 42 44.5 11.5 6.1 NA
645 "2022-01-28 09:47:46" 42 44.5 11.5 6.1 NA
646 "2022-01-28 09:47:56" 42 44.5 11.5 6.1 NA
647 "2022-01-28 09:48:06" 42 44.5 11.5 6.1 NA
648 "2022-01-28 09:48:16" 42 44.5 11.5 6.1 NA
649 "2022-01-28 09:48:26" 42 44.5 11.5 6.1 NA
650 "2022-01-28 09:48:36" 42 44.5 11.5 6.1 NA
651 "2022-01-28 09:48:46" 42 44.5 11.5 6.1 NA
652 "2022-01-28 09:48:56" 42 44.5 11.5 6.1 NA
653 "2022-01-28 09:49:06" 42 44.5 11.5 6.1 NA
654 "2022-01-28 09:49:16" 42 44.5 11.5 6.1 NA
655 "2022-01-28 09:49:26" 42 44.5 11.5 6.1 NA
656 "2022-01-28 09:49:36" 42 44.5 11.5 6.1 NA
657 "2022-01-28 09:49:46" 42 44.5 11.5 6.1 NA
658 "2022-01-28 09:49:56" 42 44.5 11.5 6.1 NA
659 "2022-01-28 09:50:06" 42 44.5 11.5 6.1 NA
660 "2022-01-28 09:50:16" 42 44.5 11.5 6.1 NA
661 "2022-01-28 09:50:26" 42 44.5 11.5 6.1 NA
662 "2022-01-28 09:50:36" 42 44.5 11.5 6.1 NA
663 "2022-01-28 09:50:46" 42 44.5 11.5 6.1 NA
664 "2022-01-28 09:50:56" 42 44.5 11.5 6.1 NA
665 "2022-01-28 09:51:06" 42 44.5 11.5 6.1 NA
666 "2022-01-28 09:51:16" 42 44.5 11.5 6.1 NA
667 "2022-01-28 09:51:26" 42 44.5 11.5 6.1 NA
668 "2022-01-28 09:51:36" 42 44.5 11.5 6.1 NA
669 "2022-01-28 09:51:46" 42 44.5 11.5 6.1 NA
670 "2022-01-28 09:51:56" 42 44.5 11.5 6.1 NA
671 "2022-01-28 09:52:06" 42 44.5 11.5 6.1 NA
672 "2022-01-28 09:52:16" 42 44.5 11.5 6.1 NA
673 "2022-01-28 09:52:26" 42 44.5 11.5 6.1 NA
674 "2022-01-28 09:52:36" 42 44.5 11.5 6.1 NA
675 "2022-01-28 09:52:46" 42 44.5 11.5 6.1 NA
676 "2022-01-28 09:52:56" 42 44.5 11.5 6.1 NA
677 "2022-01-28 09:53:06" 42 44.5 11.5 6.1 NA
678 "2022-01-28 09:53:16" 42 44.5 11.5 6.1 NA
679 "2022-01-28 09:53:26" 42 44.5 11.5 6.1 NA
680 "2022-01-28 09:53:36" 42 44.5 11.5 6.1 NA
681 "2022-01-28 09:53:46" 42 44.5 11.5 6.1 NA
682 "2022-01-28 09:53:56" 42 44.5 11.5 6.1 NA
683 "2022-01-28 09:54:06" 42 44.5 11.5 6.1 NA
684 "2022-01-28 09:54:16" 42 44.5 11.5 6.1 NA
685 "2022-01-28 09:54:26" 42 44.5 11.5 6.1 NA
686 "2022-01-28 09:54:36" 42 44.5 11.5 6.1 NA
687 "2022-01-28 09:54:46" 42 44.5 11.5 6.1 NA
688 "2022-01-28 09:54:56" 42 44.5 11.5 6.1 NA
689 "2022-01-28 09:55:06" 42 44.5 11.5 6.1 NA
690 "2022-01-28 09:55:16" 42 44.5 11.5 6.1 NA
691 "2022-01-28 09:55:26" 42 44.5 11.5 6.1 NA
692 "2022-01-28 09:55:36" 42 44.5 11.5 6.1 NA
693 "2022-01-28 09:55:46" 42 44.5 11.5 6.1 NA
694 "2022-01-28 09:55:56" 42 44.5 11.5 6.1 NA
695 "2022-01-28 09:56:06" 42 44.5 11.5 6.1 NA
696 "2022-01-28 09:56:16" 42 44.5 11.5 6.1 NA
697 "2022-01-28 09:56:26" 42 44.5 11.5 6.1 NA
698 "2022-01-28 09:56:36" 42 44.5 11.5 6.1 NA
699 "2022-01-28 09:56:46" 41.5 44.5 11.5 5.7 NA
700 "2022-01-28 09:56:56" 41.5 44.5 11.5 5.7 NA
701 "2022-01-28 09:57:06" 41.5 44.5 11.5 5.7 NA
702 "2022-01-28 09:57:16" 41.5 44.5 11.5 5.7 NA
703 "2022-01-28 09:57:26" 41.5 44.5 11.5 5.7 NA
704 "2022-01-28 09:57:36" 41.5 44.5 11.5 5.7 NA
705 "2022-01-28 09:57:46" 41.5 44.5 11.5 5.7 NA
706 "2022-01-28 09:57:56" 41.5 44.5 11.5 5.7 NA
707 "2022-01-28 09:58:06" 41.5 44.5 11.5 5.7 NA
708 "2022-01-28 09:58:16" 41.5 44.5 11.5 5.7 NA
709 "2022-01-28 09:58:26" 41 44.5 11.5 5.4 NA
710 "2022-01-28 09:58:36" 41 44.5 11.5 5.4 NA
711 "2022-01-28 09:58:46" 41 44.5 12 6 NA
712 "2022-01-28 09:58:56" 41 44.5 12 6 NA
713 "2022-01-28 09:59:06" 41 44.5 12 6 NA
714 "2022-01-28 09:59:16" 41 44.5 12 6 NA
715 "2022-01-28 09:59:26" 41 44.5 12 6 NA
716 "2022-01-28 09:59:36" 40.5 44.5 12 5.6 NA
717 "2022-01-28 09:59:46" 40.5 44.5 12 5.6 NA
718 "2022-01-28 09:59:56" 40.5 44.5 12 5.6 NA
719 "2022-01-28 10:00:06" 40.5 44.5 12 5.6 NA
720 "2022-01-28 10:00:16" 40.5 44.5 12 5.6 NA
721 "2022-01-28 10:00:26" 40.5 44.5 12 5.6 NA
722 "2022-01-28 10:00:36" 40 44.5 12 5.2 NA
723 "2022-01-28 10:00:46" 40 44.5 12 5.2 NA
724 "2022-01-28 10:00:56" 40 44.5 12 5.2 NA
725 "2022-01-28 10:01:06" 40 44.5 12 5.2 NA
726 "2022-01-28 10:01:16" 40 44.5 12 5.2 NA
727 "2022-01-28 10:01:26" 39.5 44.5 12 4.8 NA
728 "2022-01-28 10:01:36" 39.5 44.5 12 4.8 NA
729 "2022-01-28 10:01:46" 39.5 44.5 12 4.8 NA
730 "2022-01-28 10:01:56" 39.5 44.5 12 4.8 NA
731 "2022-01-28 10:02:06" 39.5 44.5 12 4.8 NA
732 "2022-01-28 10:02:16" 39 44.5 12.5 5 NA
733 "2022-01-28 10:02:26" 39 44.5 12.5 5 NA
734 "2022-01-28 10:02:36" 39 44.5 12.5 5 NA
735 "2022-01-28 10:02:46" 39 44.5 12.5 5 NA
736 "2022-01-28 10:02:56" 39 44.5 12.5 5 NA
737 "2022-01-28 10:03:06" 38.5 44.5 12.5 4.6 NA
738 "2022-01-28 10:03:16" 38.5 44.5 12.5 4.6 NA
739 "2022-01-28 10:03:26" 38.5 44.5 12.5 4.6 NA
740 "2022-01-28 10:03:36" 38.5 44.5 12.5 4.6 NA
741 "2022-01-28 10:03:46" 38.5 44.5 12.5 4.6 NA
742 "2022-01-28 10:03:56" 38.5 44.5 13 5.2 NA
743 "2022-01-28 10:04:06" 38 44.5 13 4.8 NA
744 "2022-01-28 10:04:16" 38 44.5 13 4.8 NA
745 "2022-01-28 10:04:26" 38 44.5 13 4.8 NA
746 "2022-01-28 10:04:36" 38 44.5 13 4.8 NA
747 "2022-01-28 10:04:46" 38 44.5 13 4.8 NA
748 "2022-01-28 10:04:56" 37.5 44.5 13 4.4 NA
749 "2022-01-28 10:05:06" 37.5 44.5 13 4.4 NA
750 "2022-01-28 10:05:16" 37.5 44.5 13 4.4 NA
751 "2022-01-28 10:05:26" 37.5 44.5 13 4.4 NA
752 "2022-01-28 10:05:36" 37.5 44.5 13 4.4 NA
753 "2022-01-28 10:05:46" 37.5 44.5 13 4.4 NA
754 "2022-01-28 10:05:56" 37 44.5 13 4 NA
755 "2022-01-28 10:06:06" 37 44.5 13 4 NA
756 "2022-01-28 10:06:16" 37 44.5 13 4 NA
757 "2022-01-28 10:06:26" 37 44.5 13 4 NA
758 "2022-01-28 10:06:36" 37 44.5 13 4 NA
759 "2022-01-28 10:06:46" 36.5 44.5 13.5 4.2 NA
760 "2022-01-28 10:06:56" 36.5 44.5 13.5 4.2 NA
761 "2022-01-28 10:07:06" 36.5 44.5 13.5 4.2 NA
762 "2022-01-28 10:07:16" 36.5 44.5 17.5 7.9 NA
763 "2022-01-28 10:07:26" 36.5 44.5 15.5 6.2 NA
764 "2022-01-28 10:07:36" 36 44.5 18.5 8.4 NA
