"V1" "V2" "V3" "V4" "V5" "V6" "V7"
1 "2022-02-07 07:57:41" 21.5 45 24 0.1 10126307
2 "2022-02-07 07:57:51" 21.5 45 23.5 -0.2 NA
3 "2022-02-07 07:58:01" 21.5 45 34.5 5.2 NA
4 "2022-02-07 07:58:11" 22 45 37 6.7 NA
5 "2022-02-07 07:58:21" 22 45 28.5 2.9 NA
6 "2022-02-07 07:58:31" 22 45 25 1.1 NA
7 "2022-02-07 07:58:41" 22 45 24 0.5 NA
8 "2022-02-07 07:58:51" 22 45 23.5 0.2 NA
9 "2022-02-07 07:59:01" 22.5 45 23 0.4 NA
10 "2022-02-07 07:59:11" 22.5 45 23 0.4 NA
11 "2022-02-07 07:59:21" 22.5 45 22.5 0.1 NA
12 "2022-02-07 07:59:31" 22.5 45 22.5 0.1 NA
13 "2022-02-07 07:59:41" 22.5 45 22.5 0.1 NA
14 "2022-02-07 07:59:51" 22.5 45 22 -0.3 NA
15 "2022-02-07 08:00:01" 22.5 45 22 -0.3 NA
16 "2022-02-07 08:00:11" 22.5 45 22 -0.3 NA
17 "2022-02-07 08:00:21" 22.5 45 22 -0.3 NA
18 "2022-02-07 08:00:31" 22.5 45 22 -0.3 NA
19 "2022-02-07 08:00:41" 22.5 45 21.5 -0.6 NA
20 "2022-02-07 08:00:51" 22.5 45 21.5 -0.6 NA
21 "2022-02-07 08:01:01" 22.5 45 21.5 -0.6 NA
22 "2022-02-07 08:01:11" 22.5 45 21.5 -0.6 NA
23 "2022-02-07 08:01:21" 22.5 45 21.5 -0.6 NA
24 "2022-02-07 08:01:31" 22.5 45 21.5 -0.6 NA
25 "2022-02-07 08:01:41" 22.5 45 21.5 -0.6 NA
26 "2022-02-07 08:01:51" 22.5 45 21.5 -0.6 NA
27 "2022-02-07 08:02:01" 22.5 45 21.5 -0.6 NA
28 "2022-02-07 08:02:11" 22.5 45 21.5 -0.6 NA
29 "2022-02-07 08:02:21" 22.5 45 22 -0.3 NA
30 "2022-02-07 08:02:31" 22.5 45 21.5 -0.6 NA
31 "2022-02-07 08:02:41" 22.5 45 21.5 -0.6 NA
32 "2022-02-07 08:02:51" 22.5 45 21.5 -0.6 NA
33 "2022-02-07 08:03:01" 22.5 45 21.5 -0.6 NA
34 "2022-02-07 08:03:11" 23 45 21.5 -0.2 NA
35 "2022-02-07 08:03:21" 23 45 21.5 -0.2 NA
36 "2022-02-07 08:03:31" 23 45 21.5 -0.2 NA
37 "2022-02-07 08:03:41" 23 45 22 0.2 NA
38 "2022-02-07 08:03:51" 23 45 21.5 -0.2 NA
39 "2022-02-07 08:04:01" 23 45 21.5 -0.2 NA
40 "2022-02-07 08:04:11" 23 45 21.5 -0.2 NA
41 "2022-02-07 08:04:21" 23 45 21.5 -0.2 NA
42 "2022-02-07 08:04:31" 23 45 22.5 0.5 NA
43 "2022-02-07 08:04:41" 23 45 22.5 0.5 NA
44 "2022-02-07 08:04:51" 23 45 22.5 0.5 NA
45 "2022-02-07 08:05:01" 23 45 22 0.2 NA
46 "2022-02-07 08:05:11" 23.5 45 22 0.6 NA
47 "2022-02-07 08:05:21" 23.5 45 21.5 0.3 NA
48 "2022-02-07 08:05:31" 24 45 21.5 0.7 NA
49 "2022-02-07 08:05:41" 24 45 21 0.4 NA
50 "2022-02-07 08:05:51" 24.5 45 21 0.8 NA
51 "2022-02-07 08:06:01" 25 45 20.5 0.8 NA
52 "2022-02-07 08:06:11" 25 45 20 0.5 NA
53 "2022-02-07 08:06:21" 25.5 45 20 0.9 NA
54 "2022-02-07 08:06:31" 26 45 19.5 1 NA
55 "2022-02-07 08:06:41" 26.5 45 19.5 1.4 NA
56 "2022-02-07 08:06:51" 26.5 45 19 1 NA
57 "2022-02-07 08:07:01" 27 45 19 1.4 NA
58 "2022-02-07 08:07:11" 27.5 45 18.5 1.5 NA
59 "2022-02-07 08:07:21" 28 45 18 1.5 NA
60 "2022-02-07 08:07:31" 28 45 18 1.5 NA
61 "2022-02-07 08:07:41" 28.5 45 17.5 1.5 NA
62 "2022-02-07 08:07:51" 29 45 17 1.5 NA
63 "2022-02-07 08:08:01" 29 45 17 1.5 NA
64 "2022-02-07 08:08:11" 29.5 45 16.5 1.5 NA
65 "2022-02-07 08:08:21" 30 45 16.5 1.9 NA
66 "2022-02-07 08:08:31" 30 45 16 1.5 NA
67 "2022-02-07 08:08:41" 30.5 45 16 1.9 NA
68 "2022-02-07 08:08:51" 31 45 16 2.3 NA
69 "2022-02-07 08:09:01" 31 45 15.5 1.8 NA
70 "2022-02-07 08:09:11" 31.5 45 15.5 2.2 NA
71 "2022-02-07 08:09:21" 31.5 45 15 1.8 NA
72 "2022-02-07 08:09:31" 32 45 15 2.1 NA
73 "2022-02-07 08:09:41" 32 45 15 2.1 NA
74 "2022-02-07 08:09:51" 32.5 45 15 2.5 NA
75 "2022-02-07 08:10:01" 32.5 45 14.5 2.1 NA
76 "2022-02-07 08:10:11" 33 45 14.5 2.5 NA
77 "2022-02-07 08:10:21" 33 45 14.5 2.5 NA
78 "2022-02-07 08:10:31" 33.5 45 14.5 2.9 NA
79 "2022-02-07 08:10:41" 33.5 45 14.5 2.9 NA
80 "2022-02-07 08:10:51" 34 45 14 2.8 NA
81 "2022-02-07 08:11:01" 34 45 14 2.8 NA
82 "2022-02-07 08:11:11" 34.5 45 14 3.1 NA
83 "2022-02-07 08:11:21" 34.5 45 13.5 2.6 NA
84 "2022-02-07 08:11:31" 35 45 13.5 3 NA
85 "2022-02-07 08:11:41" 35 45 13.5 3 NA
86 "2022-02-07 08:11:51" 35 45 13.5 3 NA
87 "2022-02-07 08:12:01" 35.5 45 13.5 3.4 NA
88 "2022-02-07 08:12:11" 35.5 45 13 2.9 NA
89 "2022-02-07 08:12:21" 35.5 45 13 2.9 NA
90 "2022-02-07 08:12:31" 36 45 13 3.3 NA
91 "2022-02-07 08:12:41" 36 45 13 3.3 NA
92 "2022-02-07 08:12:51" 36 45 13 3.3 NA
93 "2022-02-07 08:13:01" 36.5 45 12.5 3.1 NA
94 "2022-02-07 08:13:11" 36.5 45 12.5 3.1 NA
95 "2022-02-07 08:13:21" 36.5 45 12.5 3.1 NA
96 "2022-02-07 08:13:31" 37 45 12.5 3.5 NA
97 "2022-02-07 08:13:41" 37 45 12.5 3.5 NA
98 "2022-02-07 08:13:51" 37 45 12.5 3.5 NA
99 "2022-02-07 08:14:01" 37 45 12.5 3.5 NA
100 "2022-02-07 08:14:11" 37.5 45 12 3.3 NA
101 "2022-02-07 08:14:21" 37.5 45 12.5 3.9 NA
102 "2022-02-07 08:14:31" 37.5 45 12.5 3.9 NA
103 "2022-02-07 08:14:41" 37.5 45 12 3.3 NA
104 "2022-02-07 08:14:51" 38 45 12 3.7 NA
105 "2022-02-07 08:15:01" 38 45 12 3.7 NA
106 "2022-02-07 08:15:11" 38 45 12 3.7 NA
107 "2022-02-07 08:15:21" 38 45 12 3.7 NA
108 "2022-02-07 08:15:31" 38.5 45 12 4.1 NA
109 "2022-02-07 08:15:41" 38.5 45 12 4.1 NA
110 "2022-02-07 08:15:51" 38.5 45 12 4.1 NA
111 "2022-02-07 08:16:01" 38.5 45 11.5 3.5 NA
112 "2022-02-07 08:16:11" 38.5 45 11.5 3.5 NA
113 "2022-02-07 08:16:21" 39 45 11.5 3.8 NA
114 "2022-02-07 08:16:31" 39 45 11.5 3.8 NA
115 "2022-02-07 08:16:41" 39 45 11.5 3.8 NA
116 "2022-02-07 08:16:51" 39 45 11.5 3.8 NA
117 "2022-02-07 08:17:01" 39 45 11.5 3.8 NA
118 "2022-02-07 08:17:11" 39 45 11.5 3.8 NA
119 "2022-02-07 08:17:21" 39.5 45 11.5 4.2 NA
120 "2022-02-07 08:17:31" 39.5 45 11.5 4.2 NA
121 "2022-02-07 08:17:41" 39.5 45 11.5 4.2 NA
122 "2022-02-07 08:17:51" 39.5 45 11.5 4.2 NA
123 "2022-02-07 08:18:01" 39.5 45 11.5 4.2 NA
124 "2022-02-07 08:18:11" 39.5 45 11 3.6 NA
125 "2022-02-07 08:18:21" 40 45 11 4 NA
126 "2022-02-07 08:18:31" 40 45 11 4 NA
127 "2022-02-07 08:18:41" 40 45 11 4 NA
128 "2022-02-07 08:18:51" 40 45 11 4 NA
129 "2022-02-07 08:19:01" 40 45 11 4 NA
130 "2022-02-07 08:19:11" 40 45 11 4 NA
131 "2022-02-07 08:19:21" 40 45 11 4 NA
132 "2022-02-07 08:19:31" 40 45 11 4 NA
133 "2022-02-07 08:19:41" 40 45 11 4 NA
134 "2022-02-07 08:19:51" 40 45 11 4 NA
135 "2022-02-07 08:20:01" 40.5 45 11 4.3 NA
136 "2022-02-07 08:20:11" 40.5 45 11 4.3 NA
137 "2022-02-07 08:20:21" 40.5 45 11 4.3 NA
138 "2022-02-07 08:20:31" 40.5 45 11 4.3 NA
139 "2022-02-07 08:20:41" 40.5 45 11 4.3 NA
140 "2022-02-07 08:20:51" 40.5 45 11 4.3 NA
141 "2022-02-07 08:21:01" 40.5 45 11 4.3 NA
142 "2022-02-07 08:21:11" 40.5 45 11 4.3 NA
143 "2022-02-07 08:21:21" 40.5 45 11 4.3 NA
144 "2022-02-07 08:21:31" 40.5 45 11 4.3 NA
145 "2022-02-07 08:21:41" 40.5 45 11 4.3 NA
146 "2022-02-07 08:21:51" 40.5 45 11 4.3 NA
147 "2022-02-07 08:22:01" 40.5 45 11 4.3 NA
148 "2022-02-07 08:22:11" 40.5 45 11 4.3 NA
149 "2022-02-07 08:22:21" 40.5 45 11 4.3 NA
150 "2022-02-07 08:22:31" 40.5 45 11 4.3 NA
151 "2022-02-07 08:22:41" 40.5 45 11 4.3 NA
152 "2022-02-07 08:22:51" 40.5 45 11 4.3 NA
153 "2022-02-07 08:23:01" 40.5 45 11 4.3 NA
154 "2022-02-07 08:23:11" 40.5 45 11 4.3 NA
155 "2022-02-07 08:23:21" 40.5 45 11 4.3 NA
156 "2022-02-07 08:23:31" 40.5 45 11 4.3 NA
157 "2022-02-07 08:23:41" 40.5 45 10.5 3.7 NA
158 "2022-02-07 08:23:51" 40.5 45 10.5 3.7 NA
159 "2022-02-07 08:24:01" 40.5 45 10.5 3.7 NA
160 "2022-02-07 08:24:11" 40.5 45 11 4.3 NA
161 "2022-02-07 08:24:21" 40.5 45 11 4.3 NA
162 "2022-02-07 08:24:31" 40.5 45 11 4.3 NA
163 "2022-02-07 08:24:41" 40.5 45 11 4.3 NA
164 "2022-02-07 08:24:51" 40.5 45 11 4.3 NA
165 "2022-02-07 08:25:01" 40.5 45 11 4.3 NA
166 "2022-02-07 08:25:11" 40.5 45 10.5 3.7 NA
167 "2022-02-07 08:25:21" 40.5 45 10.5 3.7 NA
168 "2022-02-07 08:25:31" 40.5 45 10.5 3.7 NA
169 "2022-02-07 08:25:41" 40.5 45 11 4.3 NA
170 "2022-02-07 08:25:51" 40.5 45 10.5 3.7 NA
171 "2022-02-07 08:26:01" 40.5 45 10.5 3.7 NA
172 "2022-02-07 08:26:11" 40.5 45 11 4.3 NA
173 "2022-02-07 08:26:21" 40.5 45 11 4.3 NA
174 "2022-02-07 08:26:31" 40.5 45 11 4.3 NA
175 "2022-02-07 08:26:41" 40.5 45 11 4.3 NA
176 "2022-02-07 08:26:51" 40.5 45 11 4.3 NA
177 "2022-02-07 08:27:01" 40.5 45 11 4.3 NA
178 "2022-02-07 08:27:11" 40.5 45 11 4.3 NA
179 "2022-02-07 08:27:21" 40.5 45 11 4.3 NA
180 "2022-02-07 08:27:31" 40.5 45 11 4.3 NA
181 "2022-02-07 08:27:41" 40.5 45 11 4.3 NA
182 "2022-02-07 08:27:51" 40.5 45 11 4.3 NA
183 "2022-02-07 08:28:01" 40.5 45 11 4.3 NA
184 "2022-02-07 08:28:11" 40.5 45 11 4.3 NA
185 "2022-02-07 08:28:21" 40.5 45 11 4.3 NA
186 "2022-02-07 08:28:31" 40.5 45 11 4.3 NA
187 "2022-02-07 08:28:41" 40.5 45 11 4.3 NA
188 "2022-02-07 08:28:51" 40.5 45 11 4.3 NA
189 "2022-02-07 08:29:01" 40.5 45 11 4.3 NA
190 "2022-02-07 08:29:11" 40.5 45 11 4.3 NA
191 "2022-02-07 08:29:21" 40.5 45 11 4.3 NA
192 "2022-02-07 08:29:31" 40 45 11 4 NA
193 "2022-02-07 08:29:41" 40 45 11 4 NA
194 "2022-02-07 08:29:51" 40 45 11 4 NA
195 "2022-02-07 08:30:01" 40 45 11 4 NA
196 "2022-02-07 08:30:11" 40 45 11 4 NA
197 "2022-02-07 08:30:21" 40 45 11 4 NA
198 "2022-02-07 08:30:31" 40 45 11 4 NA
199 "2022-02-07 08:30:41" 40 45 11 4 NA
200 "2022-02-07 08:30:51" 40 45 11 4 NA
201 "2022-02-07 08:31:01" 40 45 11 4 NA
202 "2022-02-07 08:31:11" 40 45 11 4 NA
203 "2022-02-07 08:31:21" 40 45 11 4 NA
204 "2022-02-07 08:31:31" 40 45 11 4 NA
205 "2022-02-07 08:31:41" 40 45 11 4 NA
206 "2022-02-07 08:31:51" 40 45 11 4 NA
207 "2022-02-07 08:32:01" 40 45 11 4 NA
208 "2022-02-07 08:32:11" 40 45 11 4 NA
209 "2022-02-07 08:32:21" 40 45 11 4 NA
210 "2022-02-07 08:32:31" 40 45 11 4 NA
211 "2022-02-07 08:32:41" 40 45 11 4 NA
212 "2022-02-07 08:32:51" 40 45 11 4 NA
213 "2022-02-07 08:33:01" 40 45 11 4 NA
214 "2022-02-07 08:33:11" 40 45 11 4 NA
215 "2022-02-07 08:33:21" 40 45 11 4 NA
216 "2022-02-07 08:33:31" 40 45 11 4 NA
217 "2022-02-07 08:33:41" 40 45 11 4 NA
218 "2022-02-07 08:33:51" 40 45 11 4 NA
219 "2022-02-07 08:34:01" 40 45 11 4 NA
220 "2022-02-07 08:34:11" 40 45 11 4 NA
221 "2022-02-07 08:34:21" 40 45 11 4 NA
222 "2022-02-07 08:34:31" 40 45 11 4 NA
223 "2022-02-07 08:34:41" 40 45 11 4 NA
224 "2022-02-07 08:34:51" 40 45 11 4 NA
225 "2022-02-07 08:35:01" 40 45 11 4 NA
226 "2022-02-07 08:35:11" 40 45 11 4 NA
227 "2022-02-07 08:35:21" 40 45 11 4 NA
228 "2022-02-07 08:35:31" 40 45 11.5 4.6 NA
229 "2022-02-07 08:35:41" 40 45 11.5 4.6 NA
230 "2022-02-07 08:35:51" 40 45 11 4 NA
231 "2022-02-07 08:36:01" 40 45 11 4 NA
232 "2022-02-07 08:36:11" 40 45 11 4 NA
233 "2022-02-07 08:36:21" 40 45 11 4 NA
234 "2022-02-07 08:36:31" 40 45 11 4 NA
235 "2022-02-07 08:36:41" 40 45 11 4 NA
236 "2022-02-07 08:36:51" 40 45 11 4 NA
237 "2022-02-07 08:37:01" 40 45 11 4 NA
238 "2022-02-07 08:37:11" 40 45 11 4 NA
239 "2022-02-07 08:37:21" 40 45 11 4 NA
240 "2022-02-07 08:37:31" 40 45 11 4 NA
241 "2022-02-07 08:37:41" 40 45 11 4 NA
242 "2022-02-07 08:37:51" 40 45 11 4 NA
243 "2022-02-07 08:38:01" 40 45 11 4 NA
244 "2022-02-07 08:38:11" 40 45 11 4 NA
245 "2022-02-07 08:38:21" 40 45 11 4 NA
246 "2022-02-07 08:38:31" 40 45 11 4 NA
247 "2022-02-07 08:38:41" 40 45 11 4 NA
248 "2022-02-07 08:38:51" 40 45 11 4 NA
249 "2022-02-07 08:39:01" 40 45 11 4 NA
250 "2022-02-07 08:39:11" 40 45 11 4 NA
251 "2022-02-07 08:39:21" 40 45 11 4 NA
252 "2022-02-07 08:39:31" 40 45 11 4 NA
253 "2022-02-07 08:39:41" 40 45 11 4 NA
254 "2022-02-07 08:39:51" 40 45 11 4 NA
255 "2022-02-07 08:40:01" 40 45 11 4 NA
256 "2022-02-07 08:40:11" 40 45 11 4 NA
257 "2022-02-07 08:40:21" 40 45 11 4 NA
258 "2022-02-07 08:40:31" 40 45 11 4 NA
259 "2022-02-07 08:40:41" 40 45 11 4 NA
260 "2022-02-07 08:40:51" 40 45 11 4 NA
261 "2022-02-07 08:41:01" 40 45 11 4 NA
262 "2022-02-07 08:41:11" 40 45 11 4 NA
263 "2022-02-07 08:41:21" 40 45 11 4 NA
264 "2022-02-07 08:41:31" 40.5 45 11 4.3 NA
265 "2022-02-07 08:41:41" 40.5 45 11 4.3 NA
266 "2022-02-07 08:41:51" 40.5 45 11 4.3 NA
267 "2022-02-07 08:42:01" 40.5 45 11 4.3 NA
268 "2022-02-07 08:42:11" 40.5 45 11 4.3 NA
269 "2022-02-07 08:42:21" 40.5 45 11 4.3 NA
270 "2022-02-07 08:42:31" 40.5 45 11 4.3 NA
271 "2022-02-07 08:42:41" 40.5 45 11 4.3 NA
272 "2022-02-07 08:42:51" 40.5 45 11 4.3 NA
273 "2022-02-07 08:43:01" 40.5 45 11 4.3 NA
274 "2022-02-07 08:43:11" 40.5 45 11 4.3 NA
275 "2022-02-07 08:43:21" 40.5 45 11 4.3 NA
276 "2022-02-07 08:43:31" 40.5 45 11 4.3 NA
277 "2022-02-07 08:43:41" 40.5 45 11 4.3 NA
278 "2022-02-07 08:43:51" 40.5 45 11 4.3 NA
279 "2022-02-07 08:44:01" 40.5 45 11 4.3 NA
280 "2022-02-07 08:44:11" 40.5 45 11 4.3 NA
281 "2022-02-07 08:44:21" 40.5 45 10.5 3.7 NA
282 "2022-02-07 08:44:31" 40.5 45 11 4.3 NA
283 "2022-02-07 08:44:41" 40.5 45 11 4.3 NA
284 "2022-02-07 08:44:51" 40.5 45 11 4.3 NA
285 "2022-02-07 08:45:01" 40.5 45 11 4.3 NA
286 "2022-02-07 08:45:11" 40.5 45 10.5 3.7 NA
287 "2022-02-07 08:45:21" 40.5 45 11 4.3 NA
288 "2022-02-07 08:45:31" 40.5 45 10.5 3.7 NA
289 "2022-02-07 08:45:41" 41 45 10.5 4.1 NA
290 "2022-02-07 08:45:51" 41 45 10.5 4.1 NA
291 "2022-02-07 08:46:01" 41 45 10.5 4.1 NA
292 "2022-02-07 08:46:11" 41 45 10.5 4.1 NA
293 "2022-02-07 08:46:21" 41 45 10.5 4.1 NA
294 "2022-02-07 08:46:31" 41 45 10.5 4.1 NA
295 "2022-02-07 08:46:41" 41 45 10.5 4.1 NA
296 "2022-02-07 08:46:51" 41 45 10.5 4.1 NA
297 "2022-02-07 08:47:01" 41 45 10.5 4.1 NA
298 "2022-02-07 08:47:11" 41 45 10.5 4.1 NA
299 "2022-02-07 08:47:21" 41 45 10.5 4.1 NA
300 "2022-02-07 08:47:31" 41 45 10.5 4.1 NA
301 "2022-02-07 08:47:41" 41 45 10.5 4.1 NA
302 "2022-02-07 08:47:51" 41 45 10.5 4.1 NA
303 "2022-02-07 08:48:01" 41 45 10.5 4.1 NA
304 "2022-02-07 08:48:11" 41 45 10.5 4.1 NA
305 "2022-02-07 08:48:21" 41 45 10.5 4.1 NA
306 "2022-02-07 08:48:31" 41 45 10.5 4.1 NA
307 "2022-02-07 08:48:41" 41 45 10.5 4.1 NA
308 "2022-02-07 08:48:51" 41 45 10.5 4.1 NA
309 "2022-02-07 08:49:01" 41 45 10.5 4.1 NA
310 "2022-02-07 08:49:11" 41 45 10.5 4.1 NA
311 "2022-02-07 08:49:21" 41 45 10.5 4.1 NA
312 "2022-02-07 08:49:31" 41 45 10.5 4.1 NA
313 "2022-02-07 08:49:41" 41 45 10.5 4.1 NA
314 "2022-02-07 08:49:51" 41 45 10.5 4.1 NA
315 "2022-02-07 08:50:01" 41 45 10.5 4.1 NA
316 "2022-02-07 08:50:11" 41 45 10.5 4.1 NA
317 "2022-02-07 08:50:21" 41 45 10.5 4.1 NA
318 "2022-02-07 08:50:31" 41.5 45 10.5 4.4 NA
319 "2022-02-07 08:50:41" 41.5 45 10.5 4.4 NA
320 "2022-02-07 08:50:51" 41.5 45 10.5 4.4 NA
321 "2022-02-07 08:51:01" 41.5 45 10.5 4.4 NA
322 "2022-02-07 08:51:11" 41.5 45 10.5 4.4 NA
323 "2022-02-07 08:51:21" 41.5 45 10.5 4.4 NA
324 "2022-02-07 08:51:31" 41.5 45 10.5 4.4 NA
325 "2022-02-07 08:51:41" 41.5 45 10.5 4.4 NA
326 "2022-02-07 08:51:51" 41.5 45 10.5 4.4 NA
327 "2022-02-07 08:52:01" 41.5 45 10.5 4.4 NA
328 "2022-02-07 08:52:11" 41.5 45 10.5 4.4 NA
329 "2022-02-07 08:52:21" 41.5 45 10.5 4.4 NA
330 "2022-02-07 08:52:31" 41.5 45 10.5 4.4 NA
331 "2022-02-07 08:52:41" 41.5 45 10.5 4.4 NA
332 "2022-02-07 08:52:51" 41.5 45 10.5 4.4 NA
333 "2022-02-07 08:53:01" 41.5 45 10.5 4.4 NA
334 "2022-02-07 08:53:11" 41.5 45 10.5 4.4 NA
335 "2022-02-07 08:53:21" 41.5 45 10.5 4.4 NA
336 "2022-02-07 08:53:31" 41.5 45 10.5 4.4 NA
337 "2022-02-07 08:53:41" 41.5 45 10.5 4.4 NA
338 "2022-02-07 08:53:51" 41.5 45 10.5 4.4 NA
339 "2022-02-07 08:54:01" 41.5 45 10.5 4.4 NA
340 "2022-02-07 08:54:11" 41.5 45 10.5 4.4 NA
341 "2022-02-07 08:54:21" 41.5 45 10.5 4.4 NA
342 "2022-02-07 08:54:31" 41.5 45 10.5 4.4 NA
343 "2022-02-07 08:54:41" 41.5 45 10.5 4.4 NA
344 "2022-02-07 08:54:51" 41.5 45 10.5 4.4 NA
345 "2022-02-07 08:55:01" 41.5 45 10.5 4.4 NA
346 "2022-02-07 08:55:11" 41.5 45 10.5 4.4 NA
347 "2022-02-07 08:55:21" 41.5 45 10.5 4.4 NA
348 "2022-02-07 08:55:31" 41.5 45 10.5 4.4 NA
349 "2022-02-07 08:55:41" 41.5 45 10 3.7 NA
350 "2022-02-07 08:55:51" 41.5 45 10.5 4.4 NA
351 "2022-02-07 08:56:01" 41.5 45 10.5 4.4 NA
352 "2022-02-07 08:56:11" 41.5 45 10.5 4.4 NA
353 "2022-02-07 08:56:21" 41.5 45 10.5 4.4 NA
354 "2022-02-07 08:56:31" 41.5 45 10.5 4.4 NA
355 "2022-02-07 08:56:41" 41.5 45 10.5 4.4 NA
356 "2022-02-07 08:56:51" 41.5 45 10.5 4.4 NA
357 "2022-02-07 08:57:01" 41.5 45 10.5 4.4 NA
358 "2022-02-07 08:57:11" 41.5 45 10.5 4.4 NA
359 "2022-02-07 08:57:21" 41.5 45 10.5 4.4 NA
360 "2022-02-07 08:57:31" 41.5 45 10.5 4.4 NA
361 "2022-02-07 08:57:41" 41.5 45 10.5 4.4 NA
362 "2022-02-07 08:57:51" 41.5 45 10.5 4.4 NA
363 "2022-02-07 08:58:01" 41.5 45 10.5 4.4 NA
364 "2022-02-07 08:58:11" 41.5 45 10.5 4.4 NA
365 "2022-02-07 08:58:21" 41.5 45 10.5 4.4 NA
366 "2022-02-07 08:58:31" 41.5 45 10.5 4.4 NA
367 "2022-02-07 08:58:41" 41.5 45 10.5 4.4 NA
368 "2022-02-07 08:58:51" 41.5 45 10.5 4.4 NA
369 "2022-02-07 08:59:01" 41.5 45 10.5 4.4 NA
370 "2022-02-07 08:59:11" 41.5 45 10.5 4.4 NA
371 "2022-02-07 08:59:21" 41.5 45 10.5 4.4 NA
372 "2022-02-07 08:59:31" 41.5 45 10.5 4.4 NA
373 "2022-02-07 08:59:41" 41.5 45 10.5 4.4 NA
374 "2022-02-07 08:59:51" 41.5 45 10.5 4.4 NA
375 "2022-02-07 09:00:01" 41.5 45 10.5 4.4 NA
376 "2022-02-07 09:00:11" 41.5 45 10 3.7 NA
377 "2022-02-07 09:00:21" 41.5 45 10.5 4.4 NA
378 "2022-02-07 09:00:31" 41.5 45 10.5 4.4 NA
379 "2022-02-07 09:00:41" 41.5 45 10.5 4.4 NA
380 "2022-02-07 09:00:51" 41.5 45 10.5 4.4 NA
381 "2022-02-07 09:01:01" 41.5 45 10.5 4.4 NA
382 "2022-02-07 09:01:11" 41.5 45 10.5 4.4 NA
383 "2022-02-07 09:01:21" 41.5 45 10.5 4.4 NA
384 "2022-02-07 09:01:31" 41 45 10.5 4.1 NA
385 "2022-02-07 09:01:41" 41 45 10.5 4.1 NA
386 "2022-02-07 09:01:51" 41 45 10.5 4.1 NA
387 "2022-02-07 09:02:01" 41 45 10.5 4.1 NA
388 "2022-02-07 09:02:11" 41 45 10.5 4.1 NA
389 "2022-02-07 09:02:21" 41 45 10.5 4.1 NA
390 "2022-02-07 09:02:31" 41 45 10.5 4.1 NA
391 "2022-02-07 09:02:41" 41 45 10.5 4.1 NA
392 "2022-02-07 09:02:51" 41 45 10 3.4 NA
393 "2022-02-07 09:03:01" 41 45 10.5 4.1 NA
394 "2022-02-07 09:03:11" 41 45 10.5 4.1 NA
395 "2022-02-07 09:03:21" 41 45 10.5 4.1 NA
396 "2022-02-07 09:03:31" 41 45 10.5 4.1 NA
397 "2022-02-07 09:03:41" 41 45 10.5 4.1 NA
398 "2022-02-07 09:03:51" 41 45 10.5 4.1 NA
399 "2022-02-07 09:04:01" 41 45 10 3.4 NA
400 "2022-02-07 09:04:11" 41 45 10 3.4 NA
401 "2022-02-07 09:04:21" 41 45 10.5 4.1 NA
402 "2022-02-07 09:04:31" 41 45 10.5 4.1 NA
403 "2022-02-07 09:04:41" 41 45 10.5 4.1 NA
404 "2022-02-07 09:04:51" 41 45 10.5 4.1 NA
405 "2022-02-07 09:05:01" 41 45 10.5 4.1 NA
406 "2022-02-07 09:05:11" 41 45 10.5 4.1 NA
407 "2022-02-07 09:05:21" 41 45 10.5 4.1 NA
408 "2022-02-07 09:05:31" 41 45 10.5 4.1 NA
409 "2022-02-07 09:05:41" 41 45 10.5 4.1 NA
410 "2022-02-07 09:05:51" 41 45 10.5 4.1 NA
411 "2022-02-07 09:06:01" 41 45 10.5 4.1 NA
412 "2022-02-07 09:06:11" 41 45 10.5 4.1 NA
413 "2022-02-07 09:06:21" 41 45 10.5 4.1 NA
414 "2022-02-07 09:06:31" 41 45 10.5 4.1 NA
415 "2022-02-07 09:06:41" 41 45 10.5 4.1 NA
416 "2022-02-07 09:06:51" 41 45 10.5 4.1 NA
417 "2022-02-07 09:07:01" 41 45 10.5 4.1 NA
418 "2022-02-07 09:07:11" 40.5 45 10.5 3.7 NA
419 "2022-02-07 09:07:21" 40.5 45 10.5 3.7 NA
420 "2022-02-07 09:07:31" 40.5 45 10.5 3.7 NA
421 "2022-02-07 09:07:41" 40.5 45 10.5 3.7 NA
422 "2022-02-07 09:07:51" 40.5 45 10.5 3.7 NA
423 "2022-02-07 09:08:01" 40.5 45 10.5 3.7 NA
424 "2022-02-07 09:08:11" 40.5 45 10.5 3.7 NA
425 "2022-02-07 09:08:21" 40.5 45 10.5 3.7 NA
426 "2022-02-07 09:08:31" 40.5 45 10.5 3.7 NA
427 "2022-02-07 09:08:41" 40 45 10.5 3.3 NA
428 "2022-02-07 09:08:51" 40 45 10.5 3.3 NA
429 "2022-02-07 09:09:01" 40 45 10.5 3.3 NA
430 "2022-02-07 09:09:11" 40 45 10.5 3.3 NA
431 "2022-02-07 09:09:21" 40 45 10.5 3.3 NA
432 "2022-02-07 09:09:31" 40 45 10.5 3.3 NA
433 "2022-02-07 09:09:41" 39.5 45 11 3.6 NA
434 "2022-02-07 09:09:51" 39.5 45 14.5 7.6 NA
