"V1" "V2" "V3" "V4" "V5" "V6" "V7"
1 "2022-02-09 08:04:53" 22.5 45 23.5 0.7 10126307
2 "2022-02-09 08:05:03" 22.5 45 23 0.4 NA
3 "2022-02-09 08:05:13" 22.5 45 26 2.1 NA
4 "2022-02-09 08:05:23" 22.5 45 23.5 0.7 NA
5 "2022-02-09 08:05:33" 22.5 45 23.5 0.7 NA
6 "2022-02-09 08:05:43" 22.5 45 23 0.4 NA
7 "2022-02-09 08:05:53" 23 45 22.5 0.5 NA
8 "2022-02-09 08:06:03" 23 45 22.5 0.5 NA
9 "2022-02-09 08:06:13" 23 45 22 0.2 NA
10 "2022-02-09 08:06:23" 23 45 22 0.2 NA
11 "2022-02-09 08:06:33" 23 45 22 0.2 NA
12 "2022-02-09 08:06:43" 23 45 22 0.2 NA
13 "2022-02-09 08:06:53" 23 45 22.5 0.5 NA
14 "2022-02-09 08:07:03" 23 45 22 0.2 NA
15 "2022-02-09 08:07:13" 23 45 21.5 -0.2 NA
16 "2022-02-09 08:07:23" 23 45 22 0.2 NA
17 "2022-02-09 08:07:33" 23 45 22.5 0.5 NA
18 "2022-02-09 08:07:43" 23 45 21.5 -0.2 NA
19 "2022-02-09 08:07:53" 23 45 21.5 -0.2 NA
20 "2022-02-09 08:08:03" 23.5 45 22.5 0.9 NA
21 "2022-02-09 08:08:13" 23.5 45 22 0.6 NA
22 "2022-02-09 08:08:23" 23.5 45 22 0.6 NA
23 "2022-02-09 08:08:33" 24 45 21.5 0.7 NA
24 "2022-02-09 08:08:43" 24.5 45 21.5 1.1 NA
25 "2022-02-09 08:08:53" 25 45 21 1.2 NA
26 "2022-02-09 08:09:03" 25 45 20.5 0.8 NA
27 "2022-02-09 08:09:13" 25.5 45 20.5 1.3 NA
28 "2022-02-09 08:09:23" 26 45 19.5 1 NA
29 "2022-02-09 08:09:33" 26.5 45 19.5 1.4 NA
30 "2022-02-09 08:09:43" 27 45 19 1.4 NA
31 "2022-02-09 08:09:53" 27.5 45 18.5 1.5 NA
32 "2022-02-09 08:10:03" 28 45 18 1.5 NA
33 "2022-02-09 08:10:13" 28.5 45 18 1.9 NA
34 "2022-02-09 08:10:23" 29 45 17.5 1.9 NA
35 "2022-02-09 08:10:33" 29.5 45 17 1.9 NA
36 "2022-02-09 08:10:43" 30 45 16.5 1.9 NA
37 "2022-02-09 08:10:53" 30.5 45 16.5 2.3 NA
38 "2022-02-09 08:11:03" 31 45 16 2.3 NA
39 "2022-02-09 08:11:13" 31.5 45 16 2.7 NA
40 "2022-02-09 08:11:23" 32 45 15.5 2.6 NA
41 "2022-02-09 08:11:33" 32 45 15.5 2.6 NA
42 "2022-02-09 08:11:43" 32.5 45 15 2.5 NA
43 "2022-02-09 08:11:53" 33 45 15 2.9 NA
44 "2022-02-09 08:12:03" 33.5 45 14.5 2.9 NA
45 "2022-02-09 08:12:13" 33.5 45 14.5 2.9 NA
46 "2022-02-09 08:12:23" 34 45 14.5 3.2 NA
47 "2022-02-09 08:12:33" 34.5 45 14 3.1 NA
48 "2022-02-09 08:12:43" 35 45 14 3.5 NA
49 "2022-02-09 08:12:53" 35 45 13.5 3 NA
50 "2022-02-09 08:13:03" 35.5 45 13.5 3.4 NA
51 "2022-02-09 08:13:13" 35.5 45 13.5 3.4 NA
52 "2022-02-09 08:13:23" 36 45 13 3.3 NA
53 "2022-02-09 08:13:33" 36.5 45 13 3.7 NA
54 "2022-02-09 08:13:43" 36.5 45 13 3.7 NA
55 "2022-02-09 08:13:53" 37 45 13 4 NA
56 "2022-02-09 08:14:03" 37 45 13 4 NA
57 "2022-02-09 08:14:13" 37.5 45 12.5 3.9 NA
58 "2022-02-09 08:14:23" 37.5 45 12.5 3.9 NA
59 "2022-02-09 08:14:33" 38 45 12.5 4.3 NA
60 "2022-02-09 08:14:43" 38 45 12.5 4.3 NA
61 "2022-02-09 08:14:53" 38.5 45 12 4.1 NA
62 "2022-02-09 08:15:03" 38.5 45 12 4.1 NA
63 "2022-02-09 08:15:13" 39 45 12 4.4 NA
64 "2022-02-09 08:15:23" 39 45 12 4.4 NA
65 "2022-02-09 08:15:33" 39 45 12 4.4 NA
66 "2022-02-09 08:15:43" 39.5 45 12 4.8 NA
67 "2022-02-09 08:15:53" 39.5 45 11.5 4.2 NA
68 "2022-02-09 08:16:03" 40 45 11.5 4.6 NA
69 "2022-02-09 08:16:13" 40 45 11.5 4.6 NA
70 "2022-02-09 08:16:23" 40.5 45 11.5 5 NA
71 "2022-02-09 08:16:33" 40.5 45 11.5 5 NA
72 "2022-02-09 08:16:43" 40.5 45 11 4.3 NA
73 "2022-02-09 08:16:53" 41 45 11 4.7 NA
74 "2022-02-09 08:17:03" 41 45 11.5 5.4 NA
75 "2022-02-09 08:17:13" 41 45 11.5 5.4 NA
76 "2022-02-09 08:17:23" 41.5 45 11 5.1 NA
77 "2022-02-09 08:17:33" 41.5 45 11 5.1 NA
78 "2022-02-09 08:17:43" 41.5 45 11 5.1 NA
79 "2022-02-09 08:17:53" 42 45 11 5.5 NA
80 "2022-02-09 08:18:03" 42 45 11 5.5 NA
81 "2022-02-09 08:18:13" 42 45 10.5 4.8 NA
82 "2022-02-09 08:18:23" 42.5 45 11 5.9 NA
83 "2022-02-09 08:18:33" 42.5 45 11 5.9 NA
84 "2022-02-09 08:18:43" 42.5 45 11 5.9 NA
85 "2022-02-09 08:18:53" 43 45 10.5 5.6 NA
86 "2022-02-09 08:19:03" 43 45 10.5 5.6 NA
87 "2022-02-09 08:19:13" 43 45 10.5 5.6 NA
88 "2022-02-09 08:19:23" 43 45 10.5 5.6 NA
89 "2022-02-09 08:19:33" 43.5 45 10.5 5.9 NA
90 "2022-02-09 08:19:43" 43.5 45 10.5 5.9 NA
91 "2022-02-09 08:19:53" 43.5 45 10.5 5.9 NA
92 "2022-02-09 08:20:03" 43.5 45 10.5 5.9 NA
93 "2022-02-09 08:20:13" 44 45 10.5 6.3 NA
94 "2022-02-09 08:20:23" 44 45 10.5 6.3 NA
95 "2022-02-09 08:20:33" 44 45 10 5.6 NA
96 "2022-02-09 08:20:43" 44 45 10 5.6 NA
97 "2022-02-09 08:20:53" 44 45 10 5.6 NA
98 "2022-02-09 08:21:03" 44.5 45 10 6 NA
99 "2022-02-09 08:21:13" 44.5 45 10 6 NA
100 "2022-02-09 08:21:23" 44.5 45 10 6 NA
101 "2022-02-09 08:21:33" 44.5 45 10 6 NA
102 "2022-02-09 08:21:43" 44.5 45 10 6 NA
103 "2022-02-09 08:21:53" 45 45 10 6.4 NA
104 "2022-02-09 08:22:03" 45 45 10 6.4 NA
105 "2022-02-09 08:22:13" 45 45 10 6.4 NA
106 "2022-02-09 08:22:23" 45 45 10 6.4 NA
107 "2022-02-09 08:22:33" 45 45 10 6.4 NA
108 "2022-02-09 08:22:43" 45 45 10 6.4 NA
109 "2022-02-09 08:22:53" 45.5 45 9.5 6 NA
110 "2022-02-09 08:23:03" 45.5 45 9.5 6 NA
111 "2022-02-09 08:23:13" 45.5 45 9.5 6 NA
112 "2022-02-09 08:23:23" 45.5 45 9.5 6 NA
113 "2022-02-09 08:23:33" 45.5 45 9.5 6 NA
114 "2022-02-09 08:23:43" 45.5 45 9.5 6 NA
115 "2022-02-09 08:23:53" 45.5 45 9.5 6 NA
116 "2022-02-09 08:24:03" 46 45 9.5 6.4 NA
117 "2022-02-09 08:24:13" 46 45 9.5 6.4 NA
118 "2022-02-09 08:24:23" 46 45 9.5 6.4 NA
119 "2022-02-09 08:24:33" 46 45 9.5 6.4 NA
120 "2022-02-09 08:24:43" 46 45 9.5 6.4 NA
121 "2022-02-09 08:24:53" 46 45 9.5 6.4 NA
122 "2022-02-09 08:25:03" 46 45 9.5 6.4 NA
123 "2022-02-09 08:25:13" 46 45 9.5 6.4 NA
124 "2022-02-09 08:25:23" 46 45 9.5 6.4 NA
125 "2022-02-09 08:25:33" 46 45 9.5 6.4 NA
126 "2022-02-09 08:25:43" 46.5 45 9.5 6.7 NA
127 "2022-02-09 08:25:53" 46.5 45 9.5 6.7 NA
128 "2022-02-09 08:26:03" 46.5 45 9.5 6.7 NA
129 "2022-02-09 08:26:13" 46.5 45 9.5 6.7 NA
130 "2022-02-09 08:26:23" 46.5 45 9.5 6.7 NA
131 "2022-02-09 08:26:33" 46.5 45 9.5 6.7 NA
132 "2022-02-09 08:26:43" 46.5 45 9.5 6.7 NA
133 "2022-02-09 08:26:53" 46.5 45 9.5 6.7 NA
134 "2022-02-09 08:27:03" 46.5 45 9.5 6.7 NA
135 "2022-02-09 08:27:13" 46.5 45 9 5.9 NA
136 "2022-02-09 08:27:23" 46.5 45 9 5.9 NA
137 "2022-02-09 08:27:33" 46.5 45 9.5 6.7 NA
138 "2022-02-09 08:27:43" 46.5 45 9 5.9 NA
139 "2022-02-09 08:27:53" 46.5 45 9 5.9 NA
140 "2022-02-09 08:28:03" 46.5 45 9 5.9 NA
141 "2022-02-09 08:28:13" 46.5 45 9 5.9 NA
142 "2022-02-09 08:28:23" 46.5 45 9 5.9 NA
143 "2022-02-09 08:28:33" 46.5 45 9 5.9 NA
144 "2022-02-09 08:28:43" 46.5 45 9 5.9 NA
145 "2022-02-09 08:28:53" 46.5 45 9 5.9 NA
146 "2022-02-09 08:29:03" 46.5 45 9 5.9 NA
147 "2022-02-09 08:29:13" 46.5 45 9 5.9 NA
148 "2022-02-09 08:29:23" 46.5 45 9 5.9 NA
149 "2022-02-09 08:29:33" 46.5 45 9 5.9 NA
150 "2022-02-09 08:29:43" 46.5 45 9 5.9 NA
151 "2022-02-09 08:29:53" 46.5 45 9 5.9 NA
152 "2022-02-09 08:30:03" 46.5 45 9 5.9 NA
153 "2022-02-09 08:30:13" 46.5 45 9 5.9 NA
154 "2022-02-09 08:30:23" 46.5 45 9 5.9 NA
155 "2022-02-09 08:30:33" 46.5 45 9 5.9 NA
156 "2022-02-09 08:30:43" 46.5 45 9 5.9 NA
157 "2022-02-09 08:30:53" 46.5 45 9 5.9 NA
158 "2022-02-09 08:31:03" 46.5 45 9 5.9 NA
159 "2022-02-09 08:31:13" 46.5 45 9 5.9 NA
160 "2022-02-09 08:31:23" 46.5 45 9 5.9 NA
161 "2022-02-09 08:31:33" 46.5 45 9 5.9 NA
162 "2022-02-09 08:31:43" 46.5 45 9 5.9 NA
163 "2022-02-09 08:31:53" 46.5 45 9 5.9 NA
164 "2022-02-09 08:32:03" 46.5 45 9 5.9 NA
165 "2022-02-09 08:32:13" 46.5 45 9 5.9 NA
166 "2022-02-09 08:32:23" 46.5 45 9 5.9 NA
167 "2022-02-09 08:32:33" 46.5 45 9 5.9 NA
168 "2022-02-09 08:32:43" 46.5 45 9 5.9 NA
169 "2022-02-09 08:32:53" 46.5 45 9 5.9 NA
170 "2022-02-09 08:33:03" 46.5 45 9 5.9 NA
171 "2022-02-09 08:33:13" 46.5 45 9 5.9 NA
172 "2022-02-09 08:33:23" 46.5 45 9 5.9 NA
173 "2022-02-09 08:33:33" 46.5 45 9 5.9 NA
174 "2022-02-09 08:33:43" 46.5 45 9 5.9 NA
175 "2022-02-09 08:33:53" 46.5 45 9 5.9 NA
176 "2022-02-09 08:34:03" 46.5 45 9 5.9 NA
177 "2022-02-09 08:34:13" 46.5 45 9 5.9 NA
178 "2022-02-09 08:34:23" 46.5 45 9 5.9 NA
179 "2022-02-09 08:34:33" 46.5 45 9 5.9 NA
180 "2022-02-09 08:34:43" 46.5 45 9 5.9 NA
181 "2022-02-09 08:34:53" 46.5 45 9 5.9 NA
182 "2022-02-09 08:35:03" 46.5 45 9 5.9 NA
183 "2022-02-09 08:35:13" 46.5 45 9 5.9 NA
184 "2022-02-09 08:35:23" 46.5 45 9 5.9 NA
185 "2022-02-09 08:35:33" 46 45 9 5.6 NA
186 "2022-02-09 08:35:43" 46 45 9 5.6 NA
187 "2022-02-09 08:35:53" 46 45 9 5.6 NA
188 "2022-02-09 08:36:03" 46 45 9 5.6 NA
189 "2022-02-09 08:36:13" 46 45 9 5.6 NA
190 "2022-02-09 08:36:23" 46 45 9 5.6 NA
191 "2022-02-09 08:36:33" 46 45 9 5.6 NA
192 "2022-02-09 08:36:43" 46 45 9 5.6 NA
193 "2022-02-09 08:36:53" 46 45 9 5.6 NA
194 "2022-02-09 08:37:03" 46 45 9 5.6 NA
195 "2022-02-09 08:37:13" 46 45 9 5.6 NA
196 "2022-02-09 08:37:23" 46 45 9 5.6 NA
197 "2022-02-09 08:37:33" 46 45 9 5.6 NA
198 "2022-02-09 08:37:43" 46 45 9 5.6 NA
199 "2022-02-09 08:37:53" 46 45 9 5.6 NA
200 "2022-02-09 08:38:03" 46 45 9 5.6 NA
201 "2022-02-09 08:38:13" 46 45 9 5.6 NA
202 "2022-02-09 08:38:23" 46 45 9 5.6 NA
203 "2022-02-09 08:38:33" 46 45 9 5.6 NA
204 "2022-02-09 08:38:43" 46 45 9 5.6 NA
205 "2022-02-09 08:38:53" 46 45 9 5.6 NA
206 "2022-02-09 08:39:03" 46 45 9 5.6 NA
207 "2022-02-09 08:39:13" 46 45 9 5.6 NA
208 "2022-02-09 08:39:23" 46 45 9 5.6 NA
209 "2022-02-09 08:39:33" 46 45 9 5.6 NA
210 "2022-02-09 08:39:43" 45.5 45 9 5.2 NA
211 "2022-02-09 08:39:53" 45.5 45 9 5.2 NA
212 "2022-02-09 08:40:03" 45.5 45 9 5.2 NA
213 "2022-02-09 08:40:13" 45.5 45 9 5.2 NA
214 "2022-02-09 08:40:23" 45.5 45 9 5.2 NA
215 "2022-02-09 08:40:33" 45.5 45 9.5 6 NA
216 "2022-02-09 08:40:43" 45.5 45 9.5 6 NA
217 "2022-02-09 08:40:53" 45.5 45 9 5.2 NA
218 "2022-02-09 08:41:03" 45.5 45 9.5 6 NA
219 "2022-02-09 08:41:13" 45.5 45 9 5.2 NA
220 "2022-02-09 08:41:23" 45.5 45 9.5 6 NA
221 "2022-02-09 08:41:33" 45.5 45 9.5 6 NA
222 "2022-02-09 08:41:43" 45.5 45 9.5 6 NA
223 "2022-02-09 08:41:53" 45.5 45 9.5 6 NA
224 "2022-02-09 08:42:03" 45.5 45 9.5 6 NA
225 "2022-02-09 08:42:13" 45.5 45 9.5 6 NA
226 "2022-02-09 08:42:23" 45.5 45 9.5 6 NA
227 "2022-02-09 08:42:33" 45.5 45 9.5 6 NA
228 "2022-02-09 08:42:43" 45.5 45 9.5 6 NA
229 "2022-02-09 08:42:53" 45.5 45 9.5 6 NA
230 "2022-02-09 08:43:03" 45.5 45 9.5 6 NA
231 "2022-02-09 08:43:13" 45.5 45 9.5 6 NA
232 "2022-02-09 08:43:23" 45.5 45 9.5 6 NA
233 "2022-02-09 08:43:33" 45.5 45 9.5 6 NA
234 "2022-02-09 08:43:43" 45.5 45 9.5 6 NA
235 "2022-02-09 08:43:53" 45.5 45 9.5 6 NA
236 "2022-02-09 08:44:03" 45.5 45 9.5 6 NA
237 "2022-02-09 08:44:13" 45.5 45 9.5 6 NA
238 "2022-02-09 08:44:23" 45.5 45 9.5 6 NA
239 "2022-02-09 08:44:33" 45.5 45 9.5 6 NA
240 "2022-02-09 08:44:43" 45.5 45 9.5 6 NA
241 "2022-02-09 08:44:53" 45.5 45 9.5 6 NA
242 "2022-02-09 08:45:03" 45.5 45 9.5 6 NA
243 "2022-02-09 08:45:13" 45.5 45 9.5 6 NA
244 "2022-02-09 08:45:23" 45.5 45 9.5 6 NA
245 "2022-02-09 08:45:33" 45.5 45 9.5 6 NA
246 "2022-02-09 08:45:43" 45.5 45 9.5 6 NA
247 "2022-02-09 08:45:53" 45.5 45 9.5 6 NA
248 "2022-02-09 08:46:03" 45.5 45 9.5 6 NA
249 "2022-02-09 08:46:13" 45.5 45 9.5 6 NA
250 "2022-02-09 08:46:23" 45.5 45 9.5 6 NA
251 "2022-02-09 08:46:33" 45.5 45 9.5 6 NA
252 "2022-02-09 08:46:43" 45.5 45 9.5 6 NA
253 "2022-02-09 08:46:53" 45.5 45 9.5 6 NA
254 "2022-02-09 08:47:03" 45.5 45 9.5 6 NA
255 "2022-02-09 08:47:13" 45.5 45 9.5 6 NA
256 "2022-02-09 08:47:23" 45.5 45 9.5 6 NA
257 "2022-02-09 08:47:33" 45.5 45 9.5 6 NA
258 "2022-02-09 08:47:43" 45.5 45 9.5 6 NA
259 "2022-02-09 08:47:53" 45.5 45 9.5 6 NA
260 "2022-02-09 08:48:03" 45.5 45 9.5 6 NA
261 "2022-02-09 08:48:13" 45.5 45 9.5 6 NA
262 "2022-02-09 08:48:23" 45.5 45 9.5 6 NA
263 "2022-02-09 08:48:33" 45.5 45 9.5 6 NA
264 "2022-02-09 08:48:43" 45.5 45 9.5 6 NA
265 "2022-02-09 08:48:53" 45.5 45 9.5 6 NA
266 "2022-02-09 08:49:03" 45.5 45 9.5 6 NA
267 "2022-02-09 08:49:13" 45.5 45 9.5 6 NA
268 "2022-02-09 08:49:23" 45.5 45 9.5 6 NA
269 "2022-02-09 08:49:33" 45.5 45 9.5 6 NA
270 "2022-02-09 08:49:43" 45.5 45 9.5 6 NA
271 "2022-02-09 08:49:53" 45.5 45 9.5 6 NA
272 "2022-02-09 08:50:03" 45.5 45 9.5 6 NA
273 "2022-02-09 08:50:13" 45.5 45 9.5 6 NA
274 "2022-02-09 08:50:23" 45.5 45 9.5 6 NA
275 "2022-02-09 08:50:33" 45.5 45 9.5 6 NA
276 "2022-02-09 08:50:43" 45.5 45 9.5 6 NA
277 "2022-02-09 08:50:53" 45.5 45 9.5 6 NA
278 "2022-02-09 08:51:03" 45.5 45 9.5 6 NA
279 "2022-02-09 08:51:13" 45.5 45 9.5 6 NA
280 "2022-02-09 08:51:23" 45.5 45 9.5 6 NA
281 "2022-02-09 08:51:33" 45.5 45 9.5 6 NA
282 "2022-02-09 08:51:43" 45.5 45 9.5 6 NA
283 "2022-02-09 08:51:53" 45.5 45 9.5 6 NA
284 "2022-02-09 08:52:03" 45.5 45 9.5 6 NA
285 "2022-02-09 08:52:13" 45.5 45 9.5 6 NA
286 "2022-02-09 08:52:23" 45.5 45 9.5 6 NA
287 "2022-02-09 08:52:33" 45.5 45 9.5 6 NA
288 "2022-02-09 08:52:43" 45.5 45 9.5 6 NA
289 "2022-02-09 08:52:53" 45.5 45 9.5 6 NA
290 "2022-02-09 08:53:03" 45.5 45 9 5.2 NA
291 "2022-02-09 08:53:13" 45.5 45 9 5.2 NA
292 "2022-02-09 08:53:23" 45.5 45 9 5.2 NA
293 "2022-02-09 08:53:33" 45.5 45 9 5.2 NA
294 "2022-02-09 08:53:43" 45.5 45 9 5.2 NA
295 "2022-02-09 08:53:53" 45.5 45 9 5.2 NA
296 "2022-02-09 08:54:03" 45.5 45 9.5 6 NA
297 "2022-02-09 08:54:13" 45.5 45 9.5 6 NA
298 "2022-02-09 08:54:23" 45.5 45 9 5.2 NA
299 "2022-02-09 08:54:33" 45.5 45 9 5.2 NA
300 "2022-02-09 08:54:43" 45.5 45 9 5.2 NA
301 "2022-02-09 08:54:53" 45.5 45 9 5.2 NA
302 "2022-02-09 08:55:03" 45.5 45 9 5.2 NA
303 "2022-02-09 08:55:13" 45.5 45 9 5.2 NA
304 "2022-02-09 08:55:23" 45.5 45 9 5.2 NA
305 "2022-02-09 08:55:33" 45.5 45 9 5.2 NA
306 "2022-02-09 08:55:43" 45.5 45 9 5.2 NA
307 "2022-02-09 08:55:53" 45.5 45 9 5.2 NA
308 "2022-02-09 08:56:03" 45.5 45 9 5.2 NA
309 "2022-02-09 08:56:13" 45.5 45 9 5.2 NA
310 "2022-02-09 08:56:23" 45.5 45 9 5.2 NA
311 "2022-02-09 08:56:33" 45.5 45 9 5.2 NA
312 "2022-02-09 08:56:43" 45.5 45 9 5.2 NA
313 "2022-02-09 08:56:53" 45.5 45 9 5.2 NA
314 "2022-02-09 08:57:03" 45.5 45 9 5.2 NA
315 "2022-02-09 08:57:13" 45.5 45 9 5.2 NA
316 "2022-02-09 08:57:23" 45.5 45 9 5.2 NA
317 "2022-02-09 08:57:33" 45.5 45 9 5.2 NA
318 "2022-02-09 08:57:43" 45.5 45 9 5.2 NA
319 "2022-02-09 08:57:53" 45.5 45 9 5.2 NA
320 "2022-02-09 08:58:03" 45.5 45 9 5.2 NA
321 "2022-02-09 08:58:13" 45.5 45 9 5.2 NA
322 "2022-02-09 08:58:23" 45.5 45 9 5.2 NA
323 "2022-02-09 08:58:33" 45.5 45 9 5.2 NA
324 "2022-02-09 08:58:43" 45.5 45 9 5.2 NA
325 "2022-02-09 08:58:53" 45.5 45 9 5.2 NA
326 "2022-02-09 08:59:03" 45.5 45 9 5.2 NA
327 "2022-02-09 08:59:13" 45.5 45 9 5.2 NA
328 "2022-02-09 08:59:23" 45.5 45 9 5.2 NA
329 "2022-02-09 08:59:33" 45.5 45 9 5.2 NA
330 "2022-02-09 08:59:43" 45.5 45 9 5.2 NA
331 "2022-02-09 08:59:53" 45.5 45 9 5.2 NA
332 "2022-02-09 09:00:03" 45.5 45 9 5.2 NA
333 "2022-02-09 09:00:13" 45.5 45 9 5.2 NA
334 "2022-02-09 09:00:23" 45.5 45 9 5.2 NA
335 "2022-02-09 09:00:33" 45.5 45 9 5.2 NA
336 "2022-02-09 09:00:43" 45.5 45 9 5.2 NA
337 "2022-02-09 09:00:53" 45.5 45 9 5.2 NA
338 "2022-02-09 09:01:03" 45.5 45 9 5.2 NA
339 "2022-02-09 09:01:13" 45.5 45 9 5.2 NA
340 "2022-02-09 09:01:23" 45.5 45 9 5.2 NA
341 "2022-02-09 09:01:33" 45.5 45 9 5.2 NA
342 "2022-02-09 09:01:43" 45.5 45 9 5.2 NA
343 "2022-02-09 09:01:53" 45.5 45 9 5.2 NA
344 "2022-02-09 09:02:03" 45.5 45 9 5.2 NA
345 "2022-02-09 09:02:13" 45.5 45 9 5.2 NA
346 "2022-02-09 09:02:23" 45.5 45 9 5.2 NA
347 "2022-02-09 09:02:33" 45.5 45 9 5.2 NA
348 "2022-02-09 09:02:43" 45.5 45 9 5.2 NA
349 "2022-02-09 09:02:53" 45.5 45 9 5.2 NA
350 "2022-02-09 09:03:03" 45.5 45 9 5.2 NA
351 "2022-02-09 09:03:13" 45.5 45 9 5.2 NA
352 "2022-02-09 09:03:23" 45.5 45 9 5.2 NA
353 "2022-02-09 09:03:33" 45.5 45 9 5.2 NA
354 "2022-02-09 09:03:43" 45.5 45 9 5.2 NA
355 "2022-02-09 09:03:53" 45.5 45 9.5 6 NA
356 "2022-02-09 09:04:03" 45.5 45 9.5 6 NA
357 "2022-02-09 09:04:13" 45.5 45 9.5 6 NA
358 "2022-02-09 09:04:23" 45.5 45 9.5 6 NA
359 "2022-02-09 09:04:33" 45.5 45 9.5 6 NA
360 "2022-02-09 09:04:43" 45.5 45 9.5 6 NA
361 "2022-02-09 09:04:53" 45.5 45 9.5 6 NA
362 "2022-02-09 09:05:03" 45.5 45 9.5 6 NA
363 "2022-02-09 09:05:13" 45.5 45 9.5 6 NA
364 "2022-02-09 09:05:23" 45.5 45 9.5 6 NA
365 "2022-02-09 09:05:33" 45.5 45 9.5 6 NA
366 "2022-02-09 09:05:43" 45.5 45 9.5 6 NA
367 "2022-02-09 09:05:53" 45.5 45 9.5 6 NA
368 "2022-02-09 09:06:03" 45.5 45 9.5 6 NA
369 "2022-02-09 09:06:13" 45.5 45 9.5 6 NA
370 "2022-02-09 09:06:23" 45.5 45 9.5 6 NA
371 "2022-02-09 09:06:33" 45.5 45 9.5 6 NA
372 "2022-02-09 09:06:43" 45 45 9.5 5.6 NA
373 "2022-02-09 09:06:53" 45 45 9.5 5.6 NA
374 "2022-02-09 09:07:03" 45 45 9.5 5.6 NA
375 "2022-02-09 09:07:13" 45 45 9.5 5.6 NA
376 "2022-02-09 09:07:23" 45 45 9.5 5.6 NA
377 "2022-02-09 09:07:33" 45 45 9.5 5.6 NA
378 "2022-02-09 09:07:43" 45 45 9.5 5.6 NA
379 "2022-02-09 09:07:53" 45 45 9.5 5.6 NA
380 "2022-02-09 09:08:03" 45 45 9.5 5.6 NA
381 "2022-02-09 09:08:13" 45 45 9.5 5.6 NA
382 "2022-02-09 09:08:23" 45 45 9.5 5.6 NA
383 "2022-02-09 09:08:33" 45 45 9.5 5.6 NA
384 "2022-02-09 09:08:43" 45 45 9.5 5.6 NA
385 "2022-02-09 09:08:53" 45 45 9.5 5.6 NA
386 "2022-02-09 09:09:03" 45 45 9.5 5.6 NA
387 "2022-02-09 09:09:13" 44.5 45 9.5 5.2 NA
388 "2022-02-09 09:09:23" 44.5 45 9.5 5.2 NA
389 "2022-02-09 09:09:33" 44.5 45 9.5 5.2 NA
390 "2022-02-09 09:09:43" 44.5 45 9.5 5.2 NA
391 "2022-02-09 09:09:53" 44.5 45 9.5 5.2 NA
392 "2022-02-09 09:10:03" 44.5 45 9.5 5.2 NA
393 "2022-02-09 09:10:13" 44 45 9.5 4.9 NA
394 "2022-02-09 09:10:23" 44 45 9.5 4.9 NA
395 "2022-02-09 09:10:33" 44 45 9.5 4.9 NA
396 "2022-02-09 09:10:43" 44 45 9.5 4.9 NA
397 "2022-02-09 09:10:53" 43.5 45 9.5 4.5 NA
398 "2022-02-09 09:11:03" 43.5 45 9.5 4.5 NA
399 "2022-02-09 09:11:13" 43.5 45 9.5 4.5 NA
400 "2022-02-09 09:11:23" 43.5 45 9.5 4.5 NA
401 "2022-02-09 09:11:33" 43 45 9.5 4.1 NA
402 "2022-02-09 09:11:43" 43 45 9.5 4.1 NA
403 "2022-02-09 09:11:53" 43 45 9.5 4.1 NA
404 "2022-02-09 09:12:03" 43 45 9.5 4.1 NA
405 "2022-02-09 09:12:13" 42.5 45 9.5 3.8 NA
406 "2022-02-09 09:12:23" 42.5 45 9.5 3.8 NA
407 "2022-02-09 09:12:33" 42.5 45 10 4.5 NA
408 "2022-02-09 09:12:43" 42.5 45 10 4.5 NA
409 "2022-02-09 09:12:53" 42.5 45 10 4.5 NA
410 "2022-02-09 09:13:03" 42 45 10 4.1 NA
411 "2022-02-09 09:13:13" 42 45 10 4.1 NA
412 "2022-02-09 09:13:23" 42 45 10 4.1 NA
413 "2022-02-09 09:13:33" 41.5 45 10 3.7 NA
414 "2022-02-09 09:13:43" 41.5 45 10 3.7 NA
415 "2022-02-09 09:13:53" 41.5 45 10 3.7 NA
416 "2022-02-09 09:14:03" 41.5 45 10 3.7 NA
417 "2022-02-09 09:14:13" 41 45 10 3.4 NA
418 "2022-02-09 09:14:23" 41 45 10 3.4 NA
419 "2022-02-09 09:14:33" 41 45 10 3.4 NA
420 "2022-02-09 09:14:43" 41 45 10.5 4.1 NA
421 "2022-02-09 09:14:53" 40.5 45 10.5 3.7 NA
422 "2022-02-09 09:15:03" 40.5 45 10.5 3.7 NA
423 "2022-02-09 09:15:13" 40.5 45 10.5 3.7 NA
424 "2022-02-09 09:15:23" 40.5 45 10.5 3.7 NA
425 "2022-02-09 09:15:33" 40 45 10.5 3.3 NA
426 "2022-02-09 09:15:43" 40 45 10.5 3.3 NA
427 "2022-02-09 09:15:53" 40 45 10.5 3.3 NA
428 "2022-02-09 09:16:03" 40 45 10.5 3.3 NA
429 "2022-02-09 09:16:13" 40 45 10.5 3.3 NA
430 "2022-02-09 09:16:23" 39.5 45 10.5 2.9 NA
431 "2022-02-09 09:16:33" 39.5 45 11 3.6 NA
432 "2022-02-09 09:16:43" 39.5 45 11 3.6 NA
433 "2022-02-09 09:16:53" 39.5 45 11 3.6 NA
434 "2022-02-09 09:17:03" 39 45 11 3.2 NA
435 "2022-02-09 09:17:13" 39 45 11 3.2 NA
436 "2022-02-09 09:17:23" 39 45 11 3.2 NA
437 "2022-02-09 09:17:33" 39 45 11 3.2 NA
438 "2022-02-09 09:17:43" 39 45 11 3.2 NA
439 "2022-02-09 09:17:53" 38.5 45 11 2.8 NA
440 "2022-02-09 09:18:03" 38.5 45 11 2.8 NA
441 "2022-02-09 09:18:13" 38.5 45 11 2.8 NA
442 "2022-02-09 09:18:23" 38.5 45 11 2.8 NA
443 "2022-02-09 09:18:33" 38 45 11 2.4 NA
444 "2022-02-09 09:18:43" 38 45 11.5 3.1 NA
445 "2022-02-09 09:18:53" 38 45 11 2.4 NA
446 "2022-02-09 09:19:03" 38 45 11 2.4 NA
447 "2022-02-09 09:19:13" 38 45 11.5 3.1 NA
448 "2022-02-09 09:19:23" 37.5 45 11.5 2.7 NA
449 "2022-02-09 09:19:33" 37.5 45 11.5 2.7 NA
450 "2022-02-09 09:19:43" 37.5 45 11.5 2.7 NA
451 "2022-02-09 09:19:53" 37.5 45 11.5 2.7 NA
452 "2022-02-09 09:20:03" 37.5 45 11.5 2.7 NA
453 "2022-02-09 09:20:13" 37 45 11.5 2.3 NA
454 "2022-02-09 09:20:23" 37 45 11.5 2.3 NA
455 "2022-02-09 09:20:33" 37 45 11.5 2.3 NA
456 "2022-02-09 09:20:43" 37 45 11.5 2.3 NA
457 "2022-02-09 09:20:53" 37 45 11.5 2.3 NA
458 "2022-02-09 09:21:03" 37 45 11.5 2.3 NA
459 "2022-02-09 09:21:13" 36.5 45 11.5 1.9 NA
460 "2022-02-09 09:21:23" 36.5 45 12 2.5 NA
461 "2022-02-09 09:21:33" 36.5 45 12 2.5 NA
462 "2022-02-09 09:21:43" 36.5 45 12 2.5 NA
463 "2022-02-09 09:21:53" 36.5 45 12 2.5 NA
464 "2022-02-09 09:22:03" 36.5 45 12 2.5 NA
465 "2022-02-09 09:22:13" 36 45 12 2.1 NA
466 "2022-02-09 09:22:23" 36 45 12 2.1 NA
467 "2022-02-09 09:22:33" 36 45 12 2.1 NA
468 "2022-02-09 09:22:43" 36 45 12 2.1 NA
469 "2022-02-09 09:22:53" 36 45 12 2.1 NA
470 "2022-02-09 09:23:03" 36 45 12 2.1 NA
471 "2022-02-09 09:23:13" 35.5 45 12 1.8 NA
472 "2022-02-09 09:23:23" 35.5 45 12 1.8 NA
473 "2022-02-09 09:23:33" 35.5 45 12.5 2.3 NA
474 "2022-02-09 09:23:43" 35.5 45 12.5 2.3 NA
475 "2022-02-09 09:23:53" 35.5 45 12.5 2.3 NA
476 "2022-02-09 09:24:03" 35.5 45 12.5 2.3 NA
477 "2022-02-09 09:24:13" 35.5 45 12.5 2.3 NA
478 "2022-02-09 09:24:23" 35 45 12.5 1.9 NA
479 "2022-02-09 09:24:33" 35 45 12.5 1.9 NA
480 "2022-02-09 09:24:43" 35 45 12.5 1.9 NA
481 "2022-02-09 09:24:53" 35 45 12.5 1.9 NA
482 "2022-02-09 09:25:03" 35 45 12.5 1.9 NA
483 "2022-02-09 09:25:13" 35 45 12.5 1.9 NA
484 "2022-02-09 09:25:23" 35 45 12.5 1.9 NA
485 "2022-02-09 09:25:33" 34.5 45 12.5 1.6 NA
486 "2022-02-09 09:25:43" 34.5 45 12.5 1.6 NA
487 "2022-02-09 09:25:53" 34.5 45 12.5 1.6 NA
488 "2022-02-09 09:26:03" 34.5 45 13 2.1 NA
489 "2022-02-09 09:26:13" 34.5 45 13 2.1 NA
490 "2022-02-09 09:26:23" 34.5 45 13 2.1 NA
491 "2022-02-09 09:26:33" 34.5 45 13 2.1 NA
492 "2022-02-09 09:26:43" 34 45 13 1.7 NA
493 "2022-02-09 09:26:53" 34 45 13 1.7 NA
494 "2022-02-09 09:27:03" 34 45 13 1.7 NA
495 "2022-02-09 09:27:13" 34 45 13 1.7 NA
496 "2022-02-09 09:27:23" 34 45 13 1.7 NA
497 "2022-02-09 09:27:33" 34 45 13 1.7 NA
498 "2022-02-09 09:27:43" 34 45 13 1.7 NA
499 "2022-02-09 09:27:53" 34 45 13 1.7 NA
500 "2022-02-09 09:28:03" 33.5 45 13 1.3 NA
501 "2022-02-09 09:28:13" 33.5 45 13 1.3 NA
502 "2022-02-09 09:28:23" 33.5 45 13 1.3 NA
503 "2022-02-09 09:28:33" 33.5 45 13 1.3 NA
504 "2022-02-09 09:28:43" 33.5 45 13 1.3 NA
505 "2022-02-09 09:28:53" 33.5 45 13 1.3 NA
506 "2022-02-09 09:29:03" 33.5 45 13 1.3 NA
507 "2022-02-09 09:29:13" 33.5 45 13.5 1.9 NA
508 "2022-02-09 09:29:23" 33.5 45 13.5 1.9 NA
509 "2022-02-09 09:29:33" 33 45 13.5 1.5 NA
510 "2022-02-09 09:29:43" 33 45 13.5 1.5 NA
511 "2022-02-09 09:29:53" 33 45 13.5 1.5 NA
512 "2022-02-09 09:30:03" 33 45 13.5 1.5 NA
513 "2022-02-09 09:30:13" 33 45 13.5 1.5 NA
514 "2022-02-09 09:30:23" 33 45 13.5 1.5 NA
515 "2022-02-09 09:30:33" 33 45 13.5 1.5 NA
516 "2022-02-09 09:30:43" 33 45 13.5 1.5 NA
517 "2022-02-09 09:30:53" 33 45 13.5 1.5 NA
518 "2022-02-09 09:31:03" 32.5 45 13.5 1.1 NA
519 "2022-02-09 09:31:13" 32.5 45 13.5 1.1 NA
520 "2022-02-09 09:31:23" 32.5 45 13.5 1.1 NA
521 "2022-02-09 09:31:33" 32.5 45 13.5 1.1 NA
522 "2022-02-09 09:31:43" 32.5 45 14 1.6 NA
523 "2022-02-09 09:31:53" 32.5 45 14 1.6 NA
524 "2022-02-09 09:32:03" 32.5 45 14 1.6 NA
525 "2022-02-09 09:32:13" 32.5 45 14 1.6 NA
526 "2022-02-09 09:32:23" 32.5 45 14 1.6 NA
527 "2022-02-09 09:32:33" 32.5 45 14 1.6 NA
528 "2022-02-09 09:32:43" 32.5 45 14 1.6 NA
529 "2022-02-09 09:32:53" 32 45 14 1.2 NA
530 "2022-02-09 09:33:03" 32 45 14 1.2 NA
531 "2022-02-09 09:33:13" 32 45 14 1.2 NA
532 "2022-02-09 09:33:23" 32 45 14 1.2 NA
533 "2022-02-09 09:33:33" 32 45 14 1.2 NA
534 "2022-02-09 09:33:43" 32 45 14 1.2 NA
535 "2022-02-09 09:33:53" 32 45 14 1.2 NA
536 "2022-02-09 09:34:03" 32 45 14 1.2 NA
537 "2022-02-09 09:34:13" 32 45 14 1.2 NA
538 "2022-02-09 09:34:23" 32 45 14 1.2 NA
539 "2022-02-09 09:34:33" 32 45 14 1.2 NA
540 "2022-02-09 09:34:43" 31.5 45 14 0.8 NA
541 "2022-02-09 09:34:53" 31.5 45 14 0.8 NA
542 "2022-02-09 09:35:03" 31.5 45 14.5 1.3 NA
543 "2022-02-09 09:35:13" 31.5 45 14.5 1.3 NA
544 "2022-02-09 09:35:23" 31.5 45 14.5 1.3 NA
545 "2022-02-09 09:35:33" 31.5 45 14.5 1.3 NA
546 "2022-02-09 09:35:43" 31.5 45 14.5 1.3 NA
547 "2022-02-09 09:35:53" 31.5 45 14.5 1.3 NA
548 "2022-02-09 09:36:03" 31.5 45 14.5 1.3 NA
549 "2022-02-09 09:36:13" 31.5 45 14.5 1.3 NA
550 "2022-02-09 09:36:23" 31.5 45 14.5 1.3 NA
551 "2022-02-09 09:36:33" 31.5 45 14.5 1.3 NA
552 "2022-02-09 09:36:43" 31.5 45 14.5 1.3 NA
553 "2022-02-09 09:36:53" 31 45 14.5 0.9 NA
554 "2022-02-09 09:37:03" 31 45 14.5 0.9 NA
555 "2022-02-09 09:37:13" 31 45 14.5 0.9 NA
556 "2022-02-09 09:37:23" 31 45 14.5 0.9 NA
557 "2022-02-09 09:37:33" 31 45 14.5 0.9 NA
558 "2022-02-09 09:37:43" 31 45 15 1.4 NA
559 "2022-02-09 09:37:53" 31 45 15 1.4 NA
560 "2022-02-09 09:38:03" 31 45 15 1.4 NA
561 "2022-02-09 09:38:13" 31 45 15 1.4 NA
562 "2022-02-09 09:38:23" 31 45 15 1.4 NA
563 "2022-02-09 09:38:33" 31 45 15 1.4 NA
564 "2022-02-09 09:38:43" 31 45 15 1.4 NA
565 "2022-02-09 09:38:53" 31 45 17 3.1 NA
