"V1" "V2" "V3" "V4" "V5" "V6" "V7"
1 "2022-01-26 07:46:04" 23 44.5 19 -1.8 10126936
2 "2022-01-26 07:46:14" 23 44.5 19 -1.8 NA
3 "2022-01-26 07:46:24" 23 44.5 25 1.9 NA
4 "2022-01-26 07:46:34" 23 44.5 24.5 1.7 NA
5 "2022-01-26 07:46:44" 23.5 44.5 21.5 0.3 NA
6 "2022-01-26 07:46:54" 23.5 44.5 20 -0.7 NA
7 "2022-01-26 07:47:04" 24 44.5 19.5 -0.7 NA
8 "2022-01-26 07:47:14" 24 44.5 19 -1 NA
9 "2022-01-26 07:47:24" 24 44.5 19 -1 NA
10 "2022-01-26 07:47:34" 24.5 44.5 19 -0.6 NA
11 "2022-01-26 07:47:44" 24.5 44.5 18.5 -1 NA
12 "2022-01-26 07:47:54" 25 44.5 18.5 -0.6 NA
13 "2022-01-26 07:48:04" 25 44.5 18 -0.9 NA
14 "2022-01-26 07:48:14" 25.5 44.5 18 -0.5 NA
15 "2022-01-26 07:48:24" 25.5 44.5 18 -0.5 NA
16 "2022-01-26 07:48:34" 25.5 44.5 17.5 -0.9 NA
17 "2022-01-26 07:48:44" 26 44.5 17.5 -0.5 NA
18 "2022-01-26 07:48:54" 26 44.5 17.5 -0.5 NA
19 "2022-01-26 07:49:04" 26.5 44.5 17.5 -0.1 NA
20 "2022-01-26 07:49:14" 26.5 44.5 17 -0.5 NA
21 "2022-01-26 07:49:24" 27 44.5 17 -0.1 NA
22 "2022-01-26 07:49:34" 27 44.5 17 -0.1 NA
23 "2022-01-26 07:49:44" 27 44.5 17 -0.1 NA
24 "2022-01-26 07:49:54" 27.5 44.5 16.5 -0.1 NA
25 "2022-01-26 07:50:04" 27.5 44.5 16.5 -0.1 NA
26 "2022-01-26 07:50:14" 28 44.5 16 -0.1 NA
27 "2022-01-26 07:50:24" 28 44.5 16 -0.1 NA
28 "2022-01-26 07:50:34" 28 44.5 16 -0.1 NA
29 "2022-01-26 07:50:44" 28.5 44.5 16 0.3 NA
30 "2022-01-26 07:50:54" 28.5 44.5 15.5 -0.2 NA
31 "2022-01-26 07:51:04" 29 44.5 15.5 0.2 NA
32 "2022-01-26 07:51:14" 29 44.5 15.5 0.2 NA
33 "2022-01-26 07:51:24" 29 44.5 15.5 0.2 NA
34 "2022-01-26 07:51:34" 29.5 44.5 15 0.2 NA
35 "2022-01-26 07:51:44" 29.5 44.5 15 0.2 NA
36 "2022-01-26 07:51:54" 30 44.5 15 0.6 NA
37 "2022-01-26 07:52:04" 30 44.5 15 0.6 NA
38 "2022-01-26 07:52:14" 30 44.5 15 0.6 NA
39 "2022-01-26 07:52:24" 30.5 44.5 14.5 0.5 NA
40 "2022-01-26 07:52:34" 30.5 44.5 14.5 0.5 NA
41 "2022-01-26 07:52:44" 31 44.5 14.5 0.9 NA
42 "2022-01-26 07:52:54" 31 44.5 14.5 0.9 NA
43 "2022-01-26 07:53:04" 31 44.5 14.5 0.9 NA
44 "2022-01-26 07:53:14" 31.5 44.5 14.5 1.3 NA
45 "2022-01-26 07:53:24" 31.5 44.5 14 0.8 NA
46 "2022-01-26 07:53:34" 31.5 44.5 14 0.8 NA
47 "2022-01-26 07:53:44" 32 44.5 14 1.2 NA
48 "2022-01-26 07:53:54" 32 44.5 14 1.2 NA
49 "2022-01-26 07:54:04" 32 44.5 13.5 0.7 NA
50 "2022-01-26 07:54:14" 32.5 44.5 13.5 1.1 NA
51 "2022-01-26 07:54:24" 32.5 44.5 13.5 1.1 NA
52 "2022-01-26 07:54:34" 32.5 44.5 13.5 1.1 NA
53 "2022-01-26 07:54:44" 33 44.5 13.5 1.5 NA
54 "2022-01-26 07:54:54" 33 44.5 13.5 1.5 NA
55 "2022-01-26 07:55:04" 33 44.5 13.5 1.5 NA
56 "2022-01-26 07:55:14" 33.5 44.5 13 1.3 NA
57 "2022-01-26 07:55:24" 33.5 44.5 13 1.3 NA
58 "2022-01-26 07:55:34" 33.5 44.5 13 1.3 NA
59 "2022-01-26 07:55:44" 34 44.5 13 1.7 NA
60 "2022-01-26 07:55:54" 34 44.5 13 1.7 NA
61 "2022-01-26 07:56:04" 34 44.5 13 1.7 NA
62 "2022-01-26 07:56:14" 34 44.5 13.5 2.2 NA
63 "2022-01-26 07:56:24" 34.5 44.5 13 2.1 NA
64 "2022-01-26 07:56:34" 34.5 44.5 13 2.1 NA
65 "2022-01-26 07:56:44" 34.5 44.5 12.5 1.6 NA
66 "2022-01-26 07:56:54" 34.5 44.5 12.5 1.6 NA
67 "2022-01-26 07:57:04" 35 44.5 12.5 1.9 NA
68 "2022-01-26 07:57:14" 35 44.5 12.5 1.9 NA
69 "2022-01-26 07:57:24" 35 44.5 12.5 1.9 NA
70 "2022-01-26 07:57:34" 35 44.5 12.5 1.9 NA
71 "2022-01-26 07:57:44" 35.5 44.5 12.5 2.3 NA
72 "2022-01-26 07:57:54" 35.5 44.5 12.5 2.3 NA
73 "2022-01-26 07:58:04" 35.5 44.5 12.5 2.3 NA
74 "2022-01-26 07:58:14" 35.5 44.5 12.5 2.3 NA
75 "2022-01-26 07:58:24" 35.5 44.5 12.5 2.3 NA
76 "2022-01-26 07:58:34" 36 44.5 12 2.1 NA
77 "2022-01-26 07:58:44" 36 44.5 12 2.1 NA
78 "2022-01-26 07:58:54" 36 44.5 12 2.1 NA
79 "2022-01-26 07:59:04" 36 44.5 12 2.1 NA
80 "2022-01-26 07:59:14" 36 44.5 12 2.1 NA
81 "2022-01-26 07:59:24" 36.5 44.5 12 2.5 NA
82 "2022-01-26 07:59:34" 36.5 44.5 12 2.5 NA
83 "2022-01-26 07:59:44" 36.5 44.5 12 2.5 NA
84 "2022-01-26 07:59:54" 36.5 44.5 12 2.5 NA
85 "2022-01-26 08:00:04" 36.5 44.5 11.5 1.9 NA
86 "2022-01-26 08:00:14" 37 44.5 11.5 2.3 NA
87 "2022-01-26 08:00:24" 37 44.5 11.5 2.3 NA
88 "2022-01-26 08:00:34" 37 44.5 11.5 2.3 NA
89 "2022-01-26 08:00:44" 37 44.5 11.5 2.3 NA
90 "2022-01-26 08:00:54" 37 44.5 11.5 2.3 NA
91 "2022-01-26 08:01:04" 37.5 44.5 11.5 2.7 NA
92 "2022-01-26 08:01:14" 37.5 44.5 12.5 3.9 NA
93 "2022-01-26 08:01:24" 37.5 44.5 12 3.3 NA
94 "2022-01-26 08:01:34" 37.5 44.5 11.5 2.7 NA
95 "2022-01-26 08:01:44" 37.5 44.5 11.5 2.7 NA
96 "2022-01-26 08:01:54" 37.5 44.5 11.5 2.7 NA
97 "2022-01-26 08:02:04" 38 44.5 11.5 3.1 NA
98 "2022-01-26 08:02:14" 38 44.5 11.5 3.1 NA
99 "2022-01-26 08:02:24" 38 44.5 11.5 3.1 NA
100 "2022-01-26 08:02:34" 38 44.5 11.5 3.1 NA
101 "2022-01-26 08:02:44" 38 44.5 11.5 3.1 NA
102 "2022-01-26 08:02:54" 38 44.5 11.5 3.1 NA
103 "2022-01-26 08:03:04" 38 44.5 11.5 3.1 NA
104 "2022-01-26 08:03:14" 38.5 44.5 11.5 3.5 NA
105 "2022-01-26 08:03:24" 38.5 44.5 11.5 3.5 NA
106 "2022-01-26 08:03:34" 38.5 44.5 11.5 3.5 NA
107 "2022-01-26 08:03:44" 38.5 44.5 11 2.8 NA
108 "2022-01-26 08:03:54" 38.5 44.5 11 2.8 NA
109 "2022-01-26 08:04:04" 38.5 44.5 11 2.8 NA
110 "2022-01-26 08:04:14" 39 44.5 11 3.2 NA
111 "2022-01-26 08:04:24" 39 44.5 11 3.2 NA
112 "2022-01-26 08:04:34" 39 44.5 11 3.2 NA
113 "2022-01-26 08:04:44" 39 44.5 11 3.2 NA
114 "2022-01-26 08:04:54" 39 44.5 11 3.2 NA
115 "2022-01-26 08:05:04" 39 44.5 11 3.2 NA
116 "2022-01-26 08:05:14" 39.5 44.5 11 3.6 NA
117 "2022-01-26 08:05:24" 39.5 44.5 11 3.6 NA
118 "2022-01-26 08:05:34" 39.5 44.5 11 3.6 NA
119 "2022-01-26 08:05:44" 39.5 44.5 11 3.6 NA
120 "2022-01-26 08:05:54" 39.5 44.5 11 3.6 NA
121 "2022-01-26 08:06:04" 39.5 44.5 11 3.6 NA
122 "2022-01-26 08:06:14" 40 44.5 11 4 NA
123 "2022-01-26 08:06:24" 40 44.5 11 4 NA
124 "2022-01-26 08:06:34" 40 44.5 10.5 3.3 NA
125 "2022-01-26 08:06:44" 40 44.5 10.5 3.3 NA
126 "2022-01-26 08:06:54" 40 44.5 10.5 3.3 NA
127 "2022-01-26 08:07:04" 40 44.5 10.5 3.3 NA
128 "2022-01-26 08:07:14" 40 44.5 10.5 3.3 NA
129 "2022-01-26 08:07:24" 40 44.5 10.5 3.3 NA
130 "2022-01-26 08:07:34" 40.5 44.5 10.5 3.7 NA
131 "2022-01-26 08:07:44" 40.5 44.5 10.5 3.7 NA
132 "2022-01-26 08:07:54" 40.5 44.5 10.5 3.7 NA
133 "2022-01-26 08:08:04" 40.5 44.5 10.5 3.7 NA
134 "2022-01-26 08:08:14" 40.5 44.5 10.5 3.7 NA
135 "2022-01-26 08:08:24" 40.5 44.5 10.5 3.7 NA
136 "2022-01-26 08:08:34" 40.5 44.5 10.5 3.7 NA
137 "2022-01-26 08:08:44" 41 44.5 10.5 4.1 NA
138 "2022-01-26 08:08:54" 41 44.5 10.5 4.1 NA
139 "2022-01-26 08:09:04" 41 44.5 10.5 4.1 NA
140 "2022-01-26 08:09:14" 41 44.5 10.5 4.1 NA
141 "2022-01-26 08:09:24" 41 44.5 10.5 4.1 NA
142 "2022-01-26 08:09:34" 41 44.5 10.5 4.1 NA
143 "2022-01-26 08:09:44" 41 44.5 10.5 4.1 NA
144 "2022-01-26 08:09:54" 41 44.5 10.5 4.1 NA
145 "2022-01-26 08:10:04" 41.5 44.5 10.5 4.4 NA
146 "2022-01-26 08:10:14" 41.5 44.5 10.5 4.4 NA
147 "2022-01-26 08:10:24" 41.5 44.5 10.5 4.4 NA
148 "2022-01-26 08:10:34" 41.5 44.5 10.5 4.4 NA
149 "2022-01-26 08:10:44" 41.5 44.5 10.5 4.4 NA
150 "2022-01-26 08:10:54" 41.5 44.5 10.5 4.4 NA
151 "2022-01-26 08:11:04" 41.5 44.5 10.5 4.4 NA
152 "2022-01-26 08:11:14" 41.5 44.5 10.5 4.4 NA
153 "2022-01-26 08:11:24" 41.5 44.5 10.5 4.4 NA
154 "2022-01-26 08:11:34" 42 44.5 10.5 4.8 NA
155 "2022-01-26 08:11:44" 42 44.5 10 4.1 NA
156 "2022-01-26 08:11:54" 42 44.5 10.5 4.8 NA
157 "2022-01-26 08:12:04" 42 44.5 10 4.1 NA
158 "2022-01-26 08:12:14" 42 44.5 10 4.1 NA
159 "2022-01-26 08:12:24" 42 44.5 10 4.1 NA
160 "2022-01-26 08:12:34" 42 44.5 10 4.1 NA
161 "2022-01-26 08:12:44" 42 44.5 10 4.1 NA
162 "2022-01-26 08:12:54" 42 44.5 10 4.1 NA
163 "2022-01-26 08:13:04" 42 44.5 10 4.1 NA
164 "2022-01-26 08:13:14" 42.5 44.5 10 4.5 NA
165 "2022-01-26 08:13:24" 42.5 44.5 10 4.5 NA
166 "2022-01-26 08:13:34" 42.5 44.5 10 4.5 NA
167 "2022-01-26 08:13:44" 42.5 44.5 10 4.5 NA
168 "2022-01-26 08:13:54" 42.5 44.5 10 4.5 NA
169 "2022-01-26 08:14:04" 42.5 44.5 10 4.5 NA
170 "2022-01-26 08:14:14" 42.5 44.5 10 4.5 NA
171 "2022-01-26 08:14:24" 42.5 44.5 10 4.5 NA
172 "2022-01-26 08:14:34" 42.5 44.5 10 4.5 NA
173 "2022-01-26 08:14:44" 42.5 44.5 10 4.5 NA
174 "2022-01-26 08:14:54" 42.5 44.5 10 4.5 NA
175 "2022-01-26 08:15:04" 43 44.5 10 4.9 NA
176 "2022-01-26 08:15:14" 43 44.5 10 4.9 NA
177 "2022-01-26 08:15:24" 43 44.5 10 4.9 NA
178 "2022-01-26 08:15:34" 43 44.5 10 4.9 NA
179 "2022-01-26 08:15:44" 43 44.5 10 4.9 NA
180 "2022-01-26 08:15:54" 43 44.5 10 4.9 NA
181 "2022-01-26 08:16:04" 43 44.5 10 4.9 NA
182 "2022-01-26 08:16:14" 43 44.5 10 4.9 NA
183 "2022-01-26 08:16:24" 43 44.5 10 4.9 NA
184 "2022-01-26 08:16:34" 43 44.5 10 4.9 NA
185 "2022-01-26 08:16:44" 43 44.5 10 4.9 NA
186 "2022-01-26 08:16:54" 43.5 44.5 10 5.2 NA
187 "2022-01-26 08:17:04" 43.5 44.5 10 5.2 NA
188 "2022-01-26 08:17:14" 43.5 44.5 9.5 4.5 NA
189 "2022-01-26 08:17:24" 43.5 44.5 9.5 4.5 NA
190 "2022-01-26 08:17:34" 43.5 44.5 10 5.2 NA
191 "2022-01-26 08:17:44" 43.5 44.5 9.5 4.5 NA
192 "2022-01-26 08:17:54" 43.5 44.5 9.5 4.5 NA
193 "2022-01-26 08:18:04" 43.5 44.5 9.5 4.5 NA
194 "2022-01-26 08:18:14" 43.5 44.5 9.5 4.5 NA
195 "2022-01-26 08:18:24" 43.5 44.5 9.5 4.5 NA
196 "2022-01-26 08:18:34" 43.5 44.5 9.5 4.5 NA
197 "2022-01-26 08:18:44" 43.5 44.5 9.5 4.5 NA
198 "2022-01-26 08:18:54" 43.5 44.5 9.5 4.5 NA
199 "2022-01-26 08:19:04" 44 44.5 9.5 4.9 NA
200 "2022-01-26 08:19:14" 44 44.5 9.5 4.9 NA
201 "2022-01-26 08:19:24" 44 44.5 9.5 4.9 NA
202 "2022-01-26 08:19:34" 44 44.5 9.5 4.9 NA
203 "2022-01-26 08:19:44" 44 44.5 9.5 4.9 NA
204 "2022-01-26 08:19:54" 44 44.5 9.5 4.9 NA
205 "2022-01-26 08:20:04" 44 44.5 9.5 4.9 NA
206 "2022-01-26 08:20:14" 44 44.5 9.5 4.9 NA
207 "2022-01-26 08:20:24" 44 44.5 10 5.6 NA
208 "2022-01-26 08:20:34" 44 44.5 9.5 4.9 NA
209 "2022-01-26 08:20:44" 44 44.5 9.5 4.9 NA
210 "2022-01-26 08:20:54" 44 44.5 9.5 4.9 NA
211 "2022-01-26 08:21:04" 44 44.5 9.5 4.9 NA
212 "2022-01-26 08:21:14" 44 44.5 9.5 4.9 NA
213 "2022-01-26 08:21:24" 44.5 44.5 9.5 5.2 NA
214 "2022-01-26 08:21:34" 44.5 44.5 9.5 5.2 NA
215 "2022-01-26 08:21:44" 44.5 44.5 9.5 5.2 NA
216 "2022-01-26 08:21:54" 44.5 44.5 9.5 5.2 NA
217 "2022-01-26 08:22:04" 44.5 44.5 9.5 5.2 NA
218 "2022-01-26 08:22:14" 44.5 44.5 9.5 5.2 NA
219 "2022-01-26 08:22:24" 44.5 44.5 9.5 5.2 NA
220 "2022-01-26 08:22:34" 44.5 44.5 9.5 5.2 NA
221 "2022-01-26 08:22:44" 44.5 44.5 9.5 5.2 NA
222 "2022-01-26 08:22:54" 44.5 44.5 9.5 5.2 NA
223 "2022-01-26 08:23:04" 44.5 44.5 9.5 5.2 NA
224 "2022-01-26 08:23:14" 44.5 44.5 9.5 5.2 NA
225 "2022-01-26 08:23:24" 44.5 44.5 9.5 5.2 NA
226 "2022-01-26 08:23:34" 44.5 44.5 9.5 5.2 NA
227 "2022-01-26 08:23:44" 44.5 44.5 9.5 5.2 NA
228 "2022-01-26 08:23:54" 44.5 44.5 9.5 5.2 NA
229 "2022-01-26 08:24:04" 45 44.5 9.5 5.6 NA
230 "2022-01-26 08:24:14" 45 44.5 9.5 5.6 NA
231 "2022-01-26 08:24:24" 45 44.5 9.5 5.6 NA
232 "2022-01-26 08:24:34" 45 44.5 9.5 5.6 NA
233 "2022-01-26 08:24:44" 45 44.5 9.5 5.6 NA
234 "2022-01-26 08:24:54" 45 44.5 9.5 5.6 NA
235 "2022-01-26 08:25:04" 45 44.5 9.5 5.6 NA
236 "2022-01-26 08:25:14" 45 44.5 9.5 5.6 NA
237 "2022-01-26 08:25:24" 45 44.5 9.5 5.6 NA
238 "2022-01-26 08:25:34" 45 44.5 9.5 5.6 NA
239 "2022-01-26 08:25:44" 45 44.5 9.5 5.6 NA
240 "2022-01-26 08:25:54" 45 44.5 10 6.4 NA
241 "2022-01-26 08:26:04" 45 44.5 9.5 5.6 NA
242 "2022-01-26 08:26:14" 45 44.5 9.5 5.6 NA
243 "2022-01-26 08:26:24" 45 44.5 9.5 5.6 NA
244 "2022-01-26 08:26:34" 45 44.5 9 4.8 NA
245 "2022-01-26 08:26:44" 45 44.5 9 4.8 NA
246 "2022-01-26 08:26:54" 45 44.5 9 4.8 NA
247 "2022-01-26 08:27:04" 45 44.5 9 4.8 NA
248 "2022-01-26 08:27:14" 45 44.5 9 4.8 NA
249 "2022-01-26 08:27:24" 45 44.5 9 4.8 NA
250 "2022-01-26 08:27:34" 45 44.5 9.5 5.6 NA
251 "2022-01-26 08:27:44" 45 44.5 9 4.8 NA
252 "2022-01-26 08:27:54" 45 44.5 9 4.8 NA
253 "2022-01-26 08:28:04" 45 44.5 9 4.8 NA
254 "2022-01-26 08:28:14" 45 44.5 9 4.8 NA
255 "2022-01-26 08:28:24" 45 44.5 9 4.8 NA
256 "2022-01-26 08:28:34" 45 44.5 9 4.8 NA
257 "2022-01-26 08:28:44" 45 44.5 9 4.8 NA
258 "2022-01-26 08:28:54" 45 44.5 10 6.4 NA
259 "2022-01-26 08:29:04" 45 44.5 10.5 7.1 NA
260 "2022-01-26 08:29:14" 45 44.5 10 6.4 NA
261 "2022-01-26 08:29:24" 45 44.5 10 6.4 NA
262 "2022-01-26 08:29:34" 45 44.5 9 4.8 NA
263 "2022-01-26 08:29:44" 45 44.5 9.5 5.6 NA
264 "2022-01-26 08:29:54" 45 44.5 10 6.4 NA
265 "2022-01-26 08:30:04" 45 44.5 9.5 5.6 NA
266 "2022-01-26 08:30:14" 45 44.5 9.5 5.6 NA
267 "2022-01-26 08:30:24" 45 44.5 9 4.8 NA
268 "2022-01-26 08:30:34" 45 44.5 9 4.8 NA
269 "2022-01-26 08:30:44" 45 44.5 9 4.8 NA
270 "2022-01-26 08:30:54" 45 44.5 9 4.8 NA
271 "2022-01-26 08:31:04" 45 44.5 9 4.8 NA
272 "2022-01-26 08:31:14" 45 44.5 9 4.8 NA
273 "2022-01-26 08:31:24" 45 44.5 9 4.8 NA
274 "2022-01-26 08:31:34" 45 44.5 9 4.8 NA
275 "2022-01-26 08:31:44" 45 44.5 9 4.8 NA
276 "2022-01-26 08:31:54" 45 44.5 9 4.8 NA
277 "2022-01-26 08:32:04" 45 44.5 9 4.8 NA
278 "2022-01-26 08:32:14" 45 44.5 9 4.8 NA
279 "2022-01-26 08:32:24" 45 44.5 9 4.8 NA
280 "2022-01-26 08:32:34" 45 44.5 9 4.8 NA
281 "2022-01-26 08:32:44" 45 44.5 9 4.8 NA
282 "2022-01-26 08:32:54" 45 44.5 9 4.8 NA
283 "2022-01-26 08:33:04" 45 44.5 9 4.8 NA
284 "2022-01-26 08:33:14" 45 44.5 9 4.8 NA
285 "2022-01-26 08:33:24" 45 44.5 9 4.8 NA
286 "2022-01-26 08:33:34" 45 44.5 9 4.8 NA
287 "2022-01-26 08:33:44" 45 44.5 9 4.8 NA
288 "2022-01-26 08:33:54" 45 44.5 9 4.8 NA
289 "2022-01-26 08:34:04" 45 44.5 9 4.8 NA
290 "2022-01-26 08:34:14" 45 44.5 9 4.8 NA
291 "2022-01-26 08:34:24" 45 44.5 9 4.8 NA
292 "2022-01-26 08:34:34" 45 44.5 9 4.8 NA
293 "2022-01-26 08:34:44" 45 44.5 9 4.8 NA
294 "2022-01-26 08:34:54" 45 44.5 9 4.8 NA
295 "2022-01-26 08:35:04" 45 44.5 9 4.8 NA
296 "2022-01-26 08:35:14" 45 44.5 9 4.8 NA
297 "2022-01-26 08:35:24" 45 44.5 9 4.8 NA
298 "2022-01-26 08:35:34" 45 44.5 9 4.8 NA
299 "2022-01-26 08:35:44" 45 44.5 9 4.8 NA
300 "2022-01-26 08:35:54" 45 44.5 9 4.8 NA
301 "2022-01-26 08:36:04" 45 44.5 9 4.8 NA
302 "2022-01-26 08:36:14" 45 44.5 9 4.8 NA
303 "2022-01-26 08:36:24" 45 44.5 9 4.8 NA
304 "2022-01-26 08:36:34" 45 44.5 9 4.8 NA
305 "2022-01-26 08:36:44" 45 44.5 9 4.8 NA
306 "2022-01-26 08:36:54" 45 44.5 9 4.8 NA
307 "2022-01-26 08:37:04" 45 44.5 9 4.8 NA
308 "2022-01-26 08:37:14" 45 44.5 9 4.8 NA
309 "2022-01-26 08:37:24" 45 44.5 9 4.8 NA
310 "2022-01-26 08:37:34" 45 44.5 9 4.8 NA
311 "2022-01-26 08:37:44" 45 44.5 9 4.8 NA
312 "2022-01-26 08:37:54" 45 44.5 9 4.8 NA
313 "2022-01-26 08:38:04" 45 44.5 9 4.8 NA
314 "2022-01-26 08:38:14" 45 44.5 9.5 5.6 NA
315 "2022-01-26 08:38:24" 45 44.5 9 4.8 NA
316 "2022-01-26 08:38:34" 45 44.5 9 4.8 NA
317 "2022-01-26 08:38:44" 45 44.5 9 4.8 NA
318 "2022-01-26 08:38:54" 45 44.5 9 4.8 NA
319 "2022-01-26 08:39:04" 45 44.5 9 4.8 NA
320 "2022-01-26 08:39:14" 45 44.5 9 4.8 NA
321 "2022-01-26 08:39:24" 45 44.5 9 4.8 NA
322 "2022-01-26 08:39:34" 45 44.5 9 4.8 NA
323 "2022-01-26 08:39:44" 45 44.5 9 4.8 NA
324 "2022-01-26 08:39:54" 45 44.5 9 4.8 NA
325 "2022-01-26 08:40:04" 45 44.5 9 4.8 NA
326 "2022-01-26 08:40:14" 45 44.5 9 4.8 NA
327 "2022-01-26 08:40:24" 45 44.5 9 4.8 NA
328 "2022-01-26 08:40:34" 44.5 44.5 9 4.5 NA
329 "2022-01-26 08:40:44" 44.5 44.5 9 4.5 NA
330 "2022-01-26 08:40:54" 44.5 44.5 9 4.5 NA
331 "2022-01-26 08:41:04" 44.5 44.5 9 4.5 NA
332 "2022-01-26 08:41:14" 44.5 44.5 9 4.5 NA
333 "2022-01-26 08:41:24" 44.5 44.5 9 4.5 NA
334 "2022-01-26 08:41:34" 44.5 44.5 9 4.5 NA
335 "2022-01-26 08:41:44" 44.5 44.5 9 4.5 NA
336 "2022-01-26 08:41:54" 44.5 44.5 9 4.5 NA
337 "2022-01-26 08:42:04" 44.5 44.5 9 4.5 NA
338 "2022-01-26 08:42:14" 44.5 44.5 9.5 5.2 NA
339 "2022-01-26 08:42:24" 44.5 44.5 9 4.5 NA
340 "2022-01-26 08:42:34" 44.5 44.5 9 4.5 NA
341 "2022-01-26 08:42:44" 44.5 44.5 9 4.5 NA
342 "2022-01-26 08:42:54" 44.5 44.5 9 4.5 NA
343 "2022-01-26 08:43:04" 44.5 44.5 9.5 5.2 NA
344 "2022-01-26 08:43:14" 44.5 44.5 9.5 5.2 NA
345 "2022-01-26 08:43:24" 44.5 44.5 9 4.5 NA
346 "2022-01-26 08:43:34" 44.5 44.5 9.5 5.2 NA
347 "2022-01-26 08:43:44" 44.5 44.5 10 6 NA
348 "2022-01-26 08:43:54" 44.5 44.5 9.5 5.2 NA
349 "2022-01-26 08:44:04" 44.5 44.5 9 4.5 NA
350 "2022-01-26 08:44:14" 44.5 44.5 9 4.5 NA
351 "2022-01-26 08:44:24" 44.5 44.5 9 4.5 NA
352 "2022-01-26 08:44:34" 44.5 44.5 9 4.5 NA
353 "2022-01-26 08:44:44" 44.5 44.5 9 4.5 NA
354 "2022-01-26 08:44:54" 44.5 44.5 9 4.5 NA
355 "2022-01-26 08:45:04" 44.5 44.5 9 4.5 NA
356 "2022-01-26 08:45:14" 44.5 44.5 9 4.5 NA
357 "2022-01-26 08:45:24" 44.5 44.5 9 4.5 NA
358 "2022-01-26 08:45:34" 44.5 44.5 9 4.5 NA
359 "2022-01-26 08:45:44" 44.5 44.5 9 4.5 NA
360 "2022-01-26 08:45:54" 44.5 44.5 9 4.5 NA
361 "2022-01-26 08:46:04" 44.5 44.5 9 4.5 NA
362 "2022-01-26 08:46:14" 44.5 44.5 9 4.5 NA
363 "2022-01-26 08:46:24" 44.5 44.5 9 4.5 NA
364 "2022-01-26 08:46:34" 44.5 44.5 9 4.5 NA
365 "2022-01-26 08:46:44" 44.5 44.5 9 4.5 NA
366 "2022-01-26 08:46:54" 44.5 44.5 9 4.5 NA
367 "2022-01-26 08:47:04" 44.5 44.5 9 4.5 NA
368 "2022-01-26 08:47:14" 44.5 44.5 9 4.5 NA
369 "2022-01-26 08:47:24" 44.5 44.5 9 4.5 NA
370 "2022-01-26 08:47:34" 44.5 44.5 9 4.5 NA
371 "2022-01-26 08:47:44" 44.5 44.5 9 4.5 NA
372 "2022-01-26 08:47:54" 44.5 44.5 9 4.5 NA
373 "2022-01-26 08:48:04" 44.5 44.5 9 4.5 NA
374 "2022-01-26 08:48:14" 44.5 44.5 9 4.5 NA
375 "2022-01-26 08:48:24" 44.5 44.5 9 4.5 NA
376 "2022-01-26 08:48:34" 44.5 44.5 9 4.5 NA
377 "2022-01-26 08:48:44" 44.5 44.5 9 4.5 NA
378 "2022-01-26 08:48:54" 44.5 44.5 9 4.5 NA
379 "2022-01-26 08:49:04" 44.5 44.5 9 4.5 NA
380 "2022-01-26 08:49:14" 44.5 44.5 9 4.5 NA
381 "2022-01-26 08:49:24" 44.5 44.5 9 4.5 NA
382 "2022-01-26 08:49:34" 44.5 44.5 9 4.5 NA
383 "2022-01-26 08:49:44" 44.5 44.5 9 4.5 NA
384 "2022-01-26 08:49:54" 44.5 44.5 9 4.5 NA
385 "2022-01-26 08:50:04" 44.5 44.5 9 4.5 NA
386 "2022-01-26 08:50:14" 44.5 44.5 9 4.5 NA
387 "2022-01-26 08:50:24" 44.5 44.5 9 4.5 NA
388 "2022-01-26 08:50:34" 44.5 44.5 9 4.5 NA
389 "2022-01-26 08:50:44" 44.5 44.5 9 4.5 NA
390 "2022-01-26 08:50:54" 44.5 44.5 9 4.5 NA
391 "2022-01-26 08:51:04" 44.5 44.5 9 4.5 NA
392 "2022-01-26 08:51:14" 44.5 44.5 9 4.5 NA
393 "2022-01-26 08:51:24" 44.5 44.5 9 4.5 NA
394 "2022-01-26 08:51:34" 44.5 44.5 9 4.5 NA
395 "2022-01-26 08:51:44" 44.5 44.5 9 4.5 NA
396 "2022-01-26 08:51:54" 44.5 44.5 9 4.5 NA
397 "2022-01-26 08:52:04" 44.5 44.5 9 4.5 NA
398 "2022-01-26 08:52:14" 44.5 44.5 9 4.5 NA
399 "2022-01-26 08:52:24" 44.5 44.5 9 4.5 NA
400 "2022-01-26 08:52:34" 44.5 44.5 9 4.5 NA
401 "2022-01-26 08:52:44" 44.5 44.5 9 4.5 NA
402 "2022-01-26 08:52:54" 44.5 44.5 9 4.5 NA
403 "2022-01-26 08:53:04" 44.5 44.5 9 4.5 NA
404 "2022-01-26 08:53:14" 44.5 44.5 9 4.5 NA
405 "2022-01-26 08:53:24" 44.5 44.5 9 4.5 NA
406 "2022-01-26 08:53:34" 44.5 44.5 9 4.5 NA
407 "2022-01-26 08:53:44" 44.5 44.5 9 4.5 NA
408 "2022-01-26 08:53:54" 44.5 44.5 9 4.5 NA
409 "2022-01-26 08:54:04" 44.5 44.5 9 4.5 NA
410 "2022-01-26 08:54:14" 44.5 44.5 9 4.5 NA
411 "2022-01-26 08:54:24" 44.5 44.5 9 4.5 NA
412 "2022-01-26 08:54:34" 44.5 44.5 9 4.5 NA
413 "2022-01-26 08:54:44" 44.5 44.5 9 4.5 NA
414 "2022-01-26 08:54:54" 44.5 44.5 9 4.5 NA
415 "2022-01-26 08:55:04" 44.5 44.5 9 4.5 NA
416 "2022-01-26 08:55:14" 44.5 44.5 9 4.5 NA
417 "2022-01-26 08:55:24" 44.5 44.5 9 4.5 NA
418 "2022-01-26 08:55:34" 44.5 44.5 9 4.5 NA
419 "2022-01-26 08:55:44" 44.5 44.5 9 4.5 NA
420 "2022-01-26 08:55:54" 44.5 44.5 9 4.5 NA
421 "2022-01-26 08:56:04" 44.5 44.5 9 4.5 NA
422 "2022-01-26 08:56:14" 44.5 44.5 9 4.5 NA
423 "2022-01-26 08:56:24" 44.5 44.5 9 4.5 NA
424 "2022-01-26 08:56:34" 44.5 44.5 9 4.5 NA
425 "2022-01-26 08:56:44" 44.5 44.5 9 4.5 NA
426 "2022-01-26 08:56:54" 44.5 44.5 9 4.5 NA
427 "2022-01-26 08:57:04" 44 44.5 9 4.1 NA
428 "2022-01-26 08:57:14" 44 44.5 9 4.1 NA
429 "2022-01-26 08:57:24" 44 44.5 9 4.1 NA
430 "2022-01-26 08:57:34" 44 44.5 9 4.1 NA
431 "2022-01-26 08:57:44" 44 44.5 9 4.1 NA
432 "2022-01-26 08:57:54" 44 44.5 9.5 4.9 NA
433 "2022-01-26 08:58:04" 44 44.5 9.5 4.9 NA
434 "2022-01-26 08:58:14" 43.5 44.5 9.5 4.5 NA
435 "2022-01-26 08:58:24" 43.5 44.5 9.5 4.5 NA
436 "2022-01-26 08:58:34" 43.5 44.5 9.5 4.5 NA
437 "2022-01-26 08:58:44" 43.5 44.5 9.5 4.5 NA
438 "2022-01-26 08:58:54" 43.5 44.5 9.5 4.5 NA
439 "2022-01-26 08:59:04" 43.5 44.5 9.5 4.5 NA
440 "2022-01-26 08:59:14" 43 44.5 9.5 4.1 NA
441 "2022-01-26 08:59:24" 43 44.5 9.5 4.1 NA
442 "2022-01-26 08:59:34" 43 44.5 9.5 4.1 NA
443 "2022-01-26 08:59:44" 43 44.5 9.5 4.1 NA
444 "2022-01-26 08:59:54" 42.5 44.5 9.5 3.8 NA
445 "2022-01-26 09:00:04" 42.5 44.5 9.5 3.8 NA
446 "2022-01-26 09:00:14" 42.5 44.5 9.5 3.8 NA
447 "2022-01-26 09:00:24" 42.5 44.5 9.5 3.8 NA
448 "2022-01-26 09:00:34" 42.5 44.5 9.5 3.8 NA
449 "2022-01-26 09:00:44" 42 44.5 9.5 3.4 NA
450 "2022-01-26 09:00:54" 42 44.5 9.5 3.4 NA
451 "2022-01-26 09:01:04" 42 44.5 9.5 3.4 NA
452 "2022-01-26 09:01:14" 42 44.5 9.5 3.4 NA
453 "2022-01-26 09:01:24" 42 44.5 9.5 3.4 NA
454 "2022-01-26 09:01:34" 41.5 44.5 9.5 3 NA
455 "2022-01-26 09:01:44" 41.5 44.5 9.5 3 NA
456 "2022-01-26 09:01:54" 41.5 44.5 9.5 3 NA
457 "2022-01-26 09:02:04" 41 44.5 9.5 2.6 NA
458 "2022-01-26 09:02:14" 41 44.5 9.5 2.6 NA
459 "2022-01-26 09:02:24" 41 44.5 10 3.4 NA
460 "2022-01-26 09:02:34" 41 44.5 10 3.4 NA
461 "2022-01-26 09:02:44" 40.5 44.5 10 3 NA
462 "2022-01-26 09:02:54" 40.5 44.5 10 3 NA
463 "2022-01-26 09:03:04" 40.5 44.5 10 3 NA
464 "2022-01-26 09:03:14" 40 44.5 10 2.6 NA
465 "2022-01-26 09:03:24" 40 44.5 10 2.6 NA
466 "2022-01-26 09:03:34" 40 44.5 10 2.6 NA
467 "2022-01-26 09:03:44" 40 44.5 10 2.6 NA
468 "2022-01-26 09:03:54" 39.5 44.5 10 2.2 NA
469 "2022-01-26 09:04:04" 39.5 44.5 10 2.2 NA
470 "2022-01-26 09:04:14" 39.5 44.5 10 2.2 NA
471 "2022-01-26 09:04:24" 39 44.5 10.5 2.6 NA
472 "2022-01-26 09:04:34" 39 44.5 10.5 2.6 NA
473 "2022-01-26 09:04:44" 39 44.5 10.5 2.6 NA
474 "2022-01-26 09:04:54" 39 44.5 10.5 2.6 NA
475 "2022-01-26 09:05:04" 38.5 44.5 10.5 2.2 NA
476 "2022-01-26 09:05:14" 38.5 44.5 10.5 2.2 NA
477 "2022-01-26 09:05:24" 38.5 44.5 10.5 2.2 NA
478 "2022-01-26 09:05:34" 38 44.5 10.5 1.8 NA
479 "2022-01-26 09:05:44" 38 44.5 10.5 1.8 NA
480 "2022-01-26 09:05:54" 38 44.5 10.5 1.8 NA
481 "2022-01-26 09:06:04" 38 44.5 10.5 1.8 NA
482 "2022-01-26 09:06:14" 37.5 44.5 10.5 1.4 NA
483 "2022-01-26 09:06:24" 37.5 44.5 10.5 1.4 NA
484 "2022-01-26 09:06:34" 37.5 44.5 10.5 1.4 NA
485 "2022-01-26 09:06:44" 37.5 44.5 10.5 1.4 NA
486 "2022-01-26 09:06:54" 37 44.5 10.5 1 NA
487 "2022-01-26 09:07:04" 37 44.5 10.5 1 NA
488 "2022-01-26 09:07:14" 37 44.5 11 1.7 NA
489 "2022-01-26 09:07:24" 37 44.5 11 1.7 NA
490 "2022-01-26 09:07:34" 37 44.5 11 1.7 NA
491 "2022-01-26 09:07:44" 36.5 44.5 11 1.3 NA
492 "2022-01-26 09:07:54" 36.5 44.5 11 1.3 NA
493 "2022-01-26 09:08:04" 36.5 44.5 11 1.3 NA
494 "2022-01-26 09:08:14" 36.5 44.5 11 1.3 NA
495 "2022-01-26 09:08:24" 36 44.5 11 0.9 NA
496 "2022-01-26 09:08:34" 36 44.5 11 0.9 NA
497 "2022-01-26 09:08:44" 36 44.5 11 0.9 NA
498 "2022-01-26 09:08:54" 36 44.5 11 0.9 NA
499 "2022-01-26 09:09:04" 36 44.5 11.5 1.5 NA
500 "2022-01-26 09:09:14" 35.5 44.5 11.5 1.2 NA
501 "2022-01-26 09:09:24" 35.5 44.5 11.5 1.2 NA
502 "2022-01-26 09:09:34" 35.5 44.5 11.5 1.2 NA
503 "2022-01-26 09:09:44" 35.5 44.5 11.5 1.2 NA
504 "2022-01-26 09:09:54" 35.5 44.5 11.5 1.2 NA
505 "2022-01-26 09:10:04" 35 44.5 11.5 0.8 NA
506 "2022-01-26 09:10:14" 35 44.5 11.5 0.8 NA
507 "2022-01-26 09:10:24" 35 44.5 13 2.5 NA
508 "2022-01-26 09:10:34" 35 44.5 19.5 8.3 NA
509 "2022-01-26 09:10:44" 35 44.5 13.5 3 NA
