"V1" "V2" "V3" "V4" "V5" "V6" "V7"
1 "2022-02-05 07:51:00" 22 45 20 -2 10045488
2 "2022-02-05 07:51:10" 22 45 20 -2 NA
3 "2022-02-05 07:51:20" 22 45 25 1.1 NA
4 "2022-02-05 07:51:30" 22 45 20.5 -1.6 NA
5 "2022-02-05 07:51:40" 22 45 20 -2 NA
6 "2022-02-05 07:51:50" 22.5 45 19.5 -1.9 NA
7 "2022-02-05 07:52:00" 22.5 45 19.5 -1.9 NA
8 "2022-02-05 07:52:10" 22.5 45 19 -2.2 NA
9 "2022-02-05 07:52:20" 22.5 45 19 -2.2 NA
10 "2022-02-05 07:52:30" 22.5 45 19 -2.2 NA
11 "2022-02-05 07:52:40" 22.5 45 19 -2.2 NA
12 "2022-02-05 07:52:50" 22.5 45 19 -2.2 NA
13 "2022-02-05 07:53:00" 22.5 45 19 -2.2 NA
14 "2022-02-05 07:53:10" 22.5 45 19 -2.2 NA
15 "2022-02-05 07:53:20" 22.5 45 19 -2.2 NA
16 "2022-02-05 07:53:30" 22.5 45 19 -2.2 NA
17 "2022-02-05 07:53:40" 22.5 45 19 -2.2 NA
18 "2022-02-05 07:53:50" 22.5 45 19 -2.2 NA
19 "2022-02-05 07:54:00" 22.5 45 19 -2.2 NA
20 "2022-02-05 07:54:10" 22.5 45 19.5 -1.9 NA
21 "2022-02-05 07:54:20" 22.5 45 20.5 -1.2 NA
22 "2022-02-05 07:54:30" 23 45 20 -1.1 NA
23 "2022-02-05 07:54:40" 23 45 19.5 -1.5 NA
24 "2022-02-05 07:54:50" 23 45 19.5 -1.5 NA
25 "2022-02-05 07:55:00" 23 45 19.5 -1.5 NA
26 "2022-02-05 07:55:10" 23.5 45 19.5 -1.1 NA
27 "2022-02-05 07:55:20" 23.5 45 19.5 -1.1 NA
28 "2022-02-05 07:55:30" 24 45 19 -1 NA
29 "2022-02-05 07:55:40" 24 45 19 -1 NA
30 "2022-02-05 07:55:50" 24 45 19 -1 NA
31 "2022-02-05 07:56:00" 24.5 45 18.5 -1 NA
32 "2022-02-05 07:56:10" 24.5 45 18.5 -1 NA
33 "2022-02-05 07:56:20" 25 45 18.5 -0.6 NA
34 "2022-02-05 07:56:30" 25 45 18 -0.9 NA
35 "2022-02-05 07:56:40" 25.5 45 18 -0.5 NA
36 "2022-02-05 07:56:50" 25.5 45 18 -0.5 NA
37 "2022-02-05 07:57:00" 26 45 17.5 -0.5 NA
38 "2022-02-05 07:57:10" 26.5 45 17.5 -0.1 NA
39 "2022-02-05 07:57:20" 26.5 45 17.5 -0.1 NA
40 "2022-02-05 07:57:30" 27 45 17 -0.1 NA
41 "2022-02-05 07:57:40" 27 45 17 -0.1 NA
42 "2022-02-05 07:57:50" 27.5 45 17 0.3 NA
43 "2022-02-05 07:58:00" 27.5 45 16.5 -0.1 NA
44 "2022-02-05 07:58:10" 28 45 16.5 0.3 NA
45 "2022-02-05 07:58:20" 28 45 16.5 0.3 NA
46 "2022-02-05 07:58:30" 28 45 16 -0.1 NA
47 "2022-02-05 07:58:40" 28.5 45 16 0.3 NA
48 "2022-02-05 07:58:50" 28.5 45 16 0.3 NA
49 "2022-02-05 07:59:00" 29 45 16 0.7 NA
50 "2022-02-05 07:59:10" 29 45 15.5 0.2 NA
51 "2022-02-05 07:59:20" 29.5 45 15.5 0.6 NA
52 "2022-02-05 07:59:30" 29.5 45 15.5 0.6 NA
53 "2022-02-05 07:59:40" 29.5 45 15 0.2 NA
54 "2022-02-05 07:59:50" 30 45 15 0.6 NA
55 "2022-02-05 08:00:00" 30 45 15 0.6 NA
56 "2022-02-05 08:00:10" 30.5 45 15 1 NA
57 "2022-02-05 08:00:20" 30.5 45 15 1 NA
58 "2022-02-05 08:00:30" 30.5 45 15 1 NA
59 "2022-02-05 08:00:40" 31 45 15 1.4 NA
60 "2022-02-05 08:00:50" 31 45 14.5 0.9 NA
61 "2022-02-05 08:01:00" 31 45 14.5 0.9 NA
62 "2022-02-05 08:01:10" 31.5 45 14.5 1.3 NA
63 "2022-02-05 08:01:20" 31.5 45 14.5 1.3 NA
64 "2022-02-05 08:01:30" 31.5 45 14.5 1.3 NA
65 "2022-02-05 08:01:40" 32 45 14 1.2 NA
66 "2022-02-05 08:01:50" 32 45 14 1.2 NA
67 "2022-02-05 08:02:00" 32 45 14.5 1.7 NA
68 "2022-02-05 08:02:10" 32 45 14.5 1.7 NA
69 "2022-02-05 08:02:20" 32.5 45 14.5 2.1 NA
70 "2022-02-05 08:02:30" 32.5 45 14 1.6 NA
71 "2022-02-05 08:02:40" 32.5 45 14.5 2.1 NA
72 "2022-02-05 08:02:50" 33 45 14 2 NA
73 "2022-02-05 08:03:00" 33 45 14.5 2.5 NA
74 "2022-02-05 08:03:10" 33 45 14 2 NA
75 "2022-02-05 08:03:20" 33 45 14.5 2.5 NA
76 "2022-02-05 08:03:30" 33.5 45 14 2.4 NA
77 "2022-02-05 08:03:40" 33.5 45 13.5 1.9 NA
78 "2022-02-05 08:03:50" 33.5 45 14 2.4 NA
79 "2022-02-05 08:04:00" 33.5 45 14 2.4 NA
80 "2022-02-05 08:04:10" 34 45 14 2.8 NA
81 "2022-02-05 08:04:20" 34 45 14 2.8 NA
82 "2022-02-05 08:04:30" 34 45 13.5 2.2 NA
83 "2022-02-05 08:04:40" 34 45 14 2.8 NA
84 "2022-02-05 08:04:50" 34 45 13.5 2.2 NA
85 "2022-02-05 08:05:00" 34.5 45 13 2.1 NA
86 "2022-02-05 08:05:10" 34.5 45 13 2.1 NA
87 "2022-02-05 08:05:20" 34.5 45 13 2.1 NA
88 "2022-02-05 08:05:30" 34.5 45 13 2.1 NA
89 "2022-02-05 08:05:40" 35 45 13 2.5 NA
90 "2022-02-05 08:05:50" 35 45 13 2.5 NA
91 "2022-02-05 08:06:00" 35 45 13 2.5 NA
92 "2022-02-05 08:06:10" 35 45 13 2.5 NA
93 "2022-02-05 08:06:20" 35.5 45 12.5 2.3 NA
94 "2022-02-05 08:06:30" 35.5 45 13 2.9 NA
95 "2022-02-05 08:06:40" 35.5 45 12.5 2.3 NA
96 "2022-02-05 08:06:50" 35.5 45 12.5 2.3 NA
97 "2022-02-05 08:07:00" 36 45 13 3.3 NA
98 "2022-02-05 08:07:10" 36 45 13 3.3 NA
99 "2022-02-05 08:07:20" 36 45 12.5 2.7 NA
100 "2022-02-05 08:07:30" 36 45 12 2.1 NA
101 "2022-02-05 08:07:40" 36 45 13 3.3 NA
102 "2022-02-05 08:07:50" 36.5 45 12.5 3.1 NA
103 "2022-02-05 08:08:00" 36.5 45 12.5 3.1 NA
104 "2022-02-05 08:08:10" 36.5 45 13 3.7 NA
105 "2022-02-05 08:08:20" 36.5 45 12.5 3.1 NA
106 "2022-02-05 08:08:30" 37 45 12 2.9 NA
107 "2022-02-05 08:08:40" 37 45 12.5 3.5 NA
108 "2022-02-05 08:08:50" 37 45 12.5 3.5 NA
109 "2022-02-05 08:09:00" 37 45 12.5 3.5 NA
110 "2022-02-05 08:09:10" 37 45 12 2.9 NA
111 "2022-02-05 08:09:20" 37.5 45 12.5 3.9 NA
112 "2022-02-05 08:09:30" 37.5 45 12.5 3.9 NA
113 "2022-02-05 08:09:40" 37.5 45 12 3.3 NA
114 "2022-02-05 08:09:50" 37.5 45 12 3.3 NA
115 "2022-02-05 08:10:00" 37.5 45 12.5 3.9 NA
116 "2022-02-05 08:10:10" 37.5 45 12.5 3.9 NA
117 "2022-02-05 08:10:20" 38 45 12 3.7 NA
118 "2022-02-05 08:10:30" 38 45 11.5 3.1 NA
119 "2022-02-05 08:10:40" 38 45 12 3.7 NA
120 "2022-02-05 08:10:50" 38 45 12 3.7 NA
121 "2022-02-05 08:11:00" 38 45 12 3.7 NA
122 "2022-02-05 08:11:10" 38 45 11.5 3.1 NA
123 "2022-02-05 08:11:20" 38.5 45 12 4.1 NA
124 "2022-02-05 08:11:30" 38.5 45 12 4.1 NA
125 "2022-02-05 08:11:40" 38.5 45 12 4.1 NA
126 "2022-02-05 08:11:50" 38.5 45 11.5 3.5 NA
127 "2022-02-05 08:12:00" 38.5 45 11.5 3.5 NA
128 "2022-02-05 08:12:10" 38.5 45 11.5 3.5 NA
129 "2022-02-05 08:12:20" 38.5 45 11.5 3.5 NA
130 "2022-02-05 08:12:30" 39 45 11.5 3.8 NA
131 "2022-02-05 08:12:40" 39 45 11.5 3.8 NA
132 "2022-02-05 08:12:50" 39 45 11.5 3.8 NA
133 "2022-02-05 08:13:00" 39 45 11.5 3.8 NA
134 "2022-02-05 08:13:10" 39 45 11.5 3.8 NA
135 "2022-02-05 08:13:20" 39 45 11.5 3.8 NA
136 "2022-02-05 08:13:30" 39.5 45 11.5 4.2 NA
137 "2022-02-05 08:13:40" 39.5 45 11 3.6 NA
138 "2022-02-05 08:13:50" 39.5 45 11 3.6 NA
139 "2022-02-05 08:14:00" 39.5 45 11 3.6 NA
140 "2022-02-05 08:14:10" 39.5 45 11 3.6 NA
141 "2022-02-05 08:14:20" 39.5 45 11 3.6 NA
142 "2022-02-05 08:14:30" 40 45 11 4 NA
143 "2022-02-05 08:14:40" 40 45 11 4 NA
144 "2022-02-05 08:14:50" 40 45 11 4 NA
145 "2022-02-05 08:15:00" 40 45 11 4 NA
146 "2022-02-05 08:15:10" 40 45 11 4 NA
147 "2022-02-05 08:15:20" 40 45 11 4 NA
148 "2022-02-05 08:15:30" 40.5 45 11 4.3 NA
149 "2022-02-05 08:15:40" 40.5 45 11 4.3 NA
150 "2022-02-05 08:15:50" 40.5 45 11 4.3 NA
151 "2022-02-05 08:16:00" 40.5 45 11 4.3 NA
152 "2022-02-05 08:16:10" 40.5 45 10.5 3.7 NA
153 "2022-02-05 08:16:20" 40.5 45 11 4.3 NA
154 "2022-02-05 08:16:30" 41 45 11 4.7 NA
155 "2022-02-05 08:16:40" 41 45 11 4.7 NA
156 "2022-02-05 08:16:50" 41 45 11 4.7 NA
157 "2022-02-05 08:17:00" 41 45 11 4.7 NA
158 "2022-02-05 08:17:10" 41 45 10.5 4.1 NA
159 "2022-02-05 08:17:20" 41 45 10.5 4.1 NA
160 "2022-02-05 08:17:30" 41 45 10.5 4.1 NA
161 "2022-02-05 08:17:40" 41.5 45 10.5 4.4 NA
162 "2022-02-05 08:17:50" 41.5 45 10.5 4.4 NA
163 "2022-02-05 08:18:00" 41.5 45 10.5 4.4 NA
164 "2022-02-05 08:18:10" 41.5 45 10.5 4.4 NA
165 "2022-02-05 08:18:20" 41.5 45 10.5 4.4 NA
166 "2022-02-05 08:18:30" 41.5 45 10.5 4.4 NA
167 "2022-02-05 08:18:40" 41.5 45 10.5 4.4 NA
168 "2022-02-05 08:18:50" 41.5 45 10.5 4.4 NA
169 "2022-02-05 08:19:00" 42 45 10.5 4.8 NA
170 "2022-02-05 08:19:10" 42 45 10.5 4.8 NA
171 "2022-02-05 08:19:20" 42 45 10.5 4.8 NA
172 "2022-02-05 08:19:30" 42 45 10 4.1 NA
173 "2022-02-05 08:19:40" 42 45 10.5 4.8 NA
174 "2022-02-05 08:19:50" 42 45 10.5 4.8 NA
175 "2022-02-05 08:20:00" 42 45 10 4.1 NA
176 "2022-02-05 08:20:10" 42 45 10 4.1 NA
177 "2022-02-05 08:20:20" 42.5 45 10 4.5 NA
178 "2022-02-05 08:20:30" 42.5 45 10 4.5 NA
179 "2022-02-05 08:20:40" 42.5 45 10 4.5 NA
180 "2022-02-05 08:20:50" 42.5 45 10 4.5 NA
181 "2022-02-05 08:21:00" 42.5 45 10 4.5 NA
182 "2022-02-05 08:21:10" 42.5 45 10 4.5 NA
183 "2022-02-05 08:21:20" 42.5 45 10 4.5 NA
184 "2022-02-05 08:21:30" 42.5 45 10 4.5 NA
185 "2022-02-05 08:21:40" 42.5 45 10 4.5 NA
186 "2022-02-05 08:21:50" 42.5 45 10 4.5 NA
187 "2022-02-05 08:22:00" 43 45 10 4.9 NA
188 "2022-02-05 08:22:10" 43 45 10 4.9 NA
189 "2022-02-05 08:22:20" 43 45 10 4.9 NA
190 "2022-02-05 08:22:30" 43 45 10 4.9 NA
191 "2022-02-05 08:22:40" 43 45 10 4.9 NA
192 "2022-02-05 08:22:50" 43 45 10 4.9 NA
193 "2022-02-05 08:23:00" 43 45 10 4.9 NA
194 "2022-02-05 08:23:10" 43 45 10 4.9 NA
195 "2022-02-05 08:23:20" 43 45 10 4.9 NA
196 "2022-02-05 08:23:30" 43 45 10 4.9 NA
197 "2022-02-05 08:23:40" 43 45 10 4.9 NA
198 "2022-02-05 08:23:50" 43.5 45 10 5.2 NA
199 "2022-02-05 08:24:00" 43.5 45 9.5 4.5 NA
200 "2022-02-05 08:24:10" 43.5 45 10 5.2 NA
201 "2022-02-05 08:24:20" 43.5 45 10 5.2 NA
202 "2022-02-05 08:24:30" 43.5 45 10 5.2 NA
203 "2022-02-05 08:24:40" 43.5 45 10 5.2 NA
204 "2022-02-05 08:24:50" 43.5 45 9.5 4.5 NA
205 "2022-02-05 08:25:00" 43.5 45 9.5 4.5 NA
206 "2022-02-05 08:25:10" 43.5 45 9.5 4.5 NA
207 "2022-02-05 08:25:20" 43.5 45 9.5 4.5 NA
208 "2022-02-05 08:25:30" 43.5 45 9.5 4.5 NA
209 "2022-02-05 08:25:40" 43.5 45 9.5 4.5 NA
210 "2022-02-05 08:25:50" 43.5 45 9.5 4.5 NA
211 "2022-02-05 08:26:00" 43.5 45 9.5 4.5 NA
212 "2022-02-05 08:26:10" 44 45 9.5 4.9 NA
213 "2022-02-05 08:26:20" 44 45 9.5 4.9 NA
214 "2022-02-05 08:26:30" 44 45 9.5 4.9 NA
215 "2022-02-05 08:26:40" 44 45 9.5 4.9 NA
216 "2022-02-05 08:26:50" 44 45 9.5 4.9 NA
217 "2022-02-05 08:27:00" 44 45 9.5 4.9 NA
218 "2022-02-05 08:27:10" 44 45 10 5.6 NA
219 "2022-02-05 08:27:20" 44 45 9.5 4.9 NA
220 "2022-02-05 08:27:30" 44 45 10.5 6.3 NA
221 "2022-02-05 08:27:40" 44 45 9.5 4.9 NA
222 "2022-02-05 08:27:50" 44 45 9.5 4.9 NA
223 "2022-02-05 08:28:00" 44 45 9.5 4.9 NA
224 "2022-02-05 08:28:10" 44 45 9.5 4.9 NA
225 "2022-02-05 08:28:20" 44 45 9.5 4.9 NA
226 "2022-02-05 08:28:30" 44 45 9.5 4.9 NA
227 "2022-02-05 08:28:40" 44 45 9.5 4.9 NA
228 "2022-02-05 08:28:50" 44 45 9.5 4.9 NA
229 "2022-02-05 08:29:00" 44 45 9.5 4.9 NA
230 "2022-02-05 08:29:10" 44 45 9.5 4.9 NA
231 "2022-02-05 08:29:20" 44 45 9.5 4.9 NA
232 "2022-02-05 08:29:30" 44 45 9.5 4.9 NA
233 "2022-02-05 08:29:40" 44.5 45 9.5 5.2 NA
234 "2022-02-05 08:29:50" 44.5 45 9.5 5.2 NA
235 "2022-02-05 08:30:00" 44.5 45 9.5 5.2 NA
236 "2022-02-05 08:30:10" 44.5 45 9.5 5.2 NA
237 "2022-02-05 08:30:20" 44.5 45 9.5 5.2 NA
238 "2022-02-05 08:30:30" 44.5 45 9.5 5.2 NA
239 "2022-02-05 08:30:40" 44.5 45 9.5 5.2 NA
240 "2022-02-05 08:30:50" 44.5 45 9.5 5.2 NA
241 "2022-02-05 08:31:00" 44.5 45 9.5 5.2 NA
242 "2022-02-05 08:31:10" 44.5 45 10 6 NA
243 "2022-02-05 08:31:20" 44.5 45 9.5 5.2 NA
244 "2022-02-05 08:31:30" 44.5 45 9.5 5.2 NA
245 "2022-02-05 08:31:40" 44.5 45 9.5 5.2 NA
246 "2022-02-05 08:31:50" 44.5 45 9.5 5.2 NA
247 "2022-02-05 08:32:00" 44.5 45 9.5 5.2 NA
248 "2022-02-05 08:32:10" 44.5 45 9.5 5.2 NA
249 "2022-02-05 08:32:20" 44.5 45 9.5 5.2 NA
250 "2022-02-05 08:32:30" 44.5 45 9.5 5.2 NA
251 "2022-02-05 08:32:40" 44.5 45 9.5 5.2 NA
252 "2022-02-05 08:32:50" 44.5 45 9.5 5.2 NA
253 "2022-02-05 08:33:00" 44.5 45 9.5 5.2 NA
254 "2022-02-05 08:33:10" 44.5 45 9.5 5.2 NA
255 "2022-02-05 08:33:20" 44.5 45 9.5 5.2 NA
256 "2022-02-05 08:33:30" 44.5 45 9.5 5.2 NA
257 "2022-02-05 08:33:40" 44.5 45 10 6 NA
258 "2022-02-05 08:33:50" 44.5 45 9.5 5.2 NA
259 "2022-02-05 08:34:00" 44.5 45 9.5 5.2 NA
260 "2022-02-05 08:34:10" 44.5 45 9.5 5.2 NA
261 "2022-02-05 08:34:20" 44.5 45 10 6 NA
262 "2022-02-05 08:34:30" 44.5 45 9.5 5.2 NA
263 "2022-02-05 08:34:40" 44.5 45 9 4.5 NA
264 "2022-02-05 08:34:50" 45 45 9.5 5.6 NA
265 "2022-02-05 08:35:00" 45 45 9.5 5.6 NA
266 "2022-02-05 08:35:10" 45 45 9.5 5.6 NA
267 "2022-02-05 08:35:20" 45 45 9.5 5.6 NA
268 "2022-02-05 08:35:30" 45 45 9.5 5.6 NA
269 "2022-02-05 08:35:40" 45 45 9.5 5.6 NA
270 "2022-02-05 08:35:50" 45 45 9.5 5.6 NA
271 "2022-02-05 08:36:00" 45 45 9.5 5.6 NA
272 "2022-02-05 08:36:10" 45 45 9.5 5.6 NA
273 "2022-02-05 08:36:20" 45 45 9.5 5.6 NA
274 "2022-02-05 08:36:30" 45 45 9 4.8 NA
275 "2022-02-05 08:36:40" 45 45 9.5 5.6 NA
276 "2022-02-05 08:36:50" 45 45 9.5 5.6 NA
277 "2022-02-05 08:37:00" 45 45 9.5 5.6 NA
278 "2022-02-05 08:37:10" 45 45 9 4.8 NA
279 "2022-02-05 08:37:20" 45 45 9.5 5.6 NA
280 "2022-02-05 08:37:30" 45 45 9 4.8 NA
281 "2022-02-05 08:37:40" 45 45 10.5 7.1 NA
282 "2022-02-05 08:37:50" 45 45 9.5 5.6 NA
283 "2022-02-05 08:38:00" 45 45 9 4.8 NA
284 "2022-02-05 08:38:10" 45 45 9 4.8 NA
285 "2022-02-05 08:38:20" 45 45 9 4.8 NA
286 "2022-02-05 08:38:30" 45 45 9 4.8 NA
287 "2022-02-05 08:38:40" 45 45 9.5 5.6 NA
288 "2022-02-05 08:38:50" 45 45 9 4.8 NA
289 "2022-02-05 08:39:00" 45 45 9 4.8 NA
290 "2022-02-05 08:39:10" 45 45 9 4.8 NA
291 "2022-02-05 08:39:20" 45 45 9 4.8 NA
292 "2022-02-05 08:39:30" 45 45 9 4.8 NA
293 "2022-02-05 08:39:40" 45 45 9 4.8 NA
294 "2022-02-05 08:39:50" 45 45 9 4.8 NA
295 "2022-02-05 08:40:00" 45 45 9 4.8 NA
296 "2022-02-05 08:40:10" 45 45 9 4.8 NA
297 "2022-02-05 08:40:20" 45 45 9 4.8 NA
298 "2022-02-05 08:40:30" 45 45 9 4.8 NA
299 "2022-02-05 08:40:40" 45 45 9 4.8 NA
300 "2022-02-05 08:40:50" 45 45 9 4.8 NA
301 "2022-02-05 08:41:00" 45 45 9 4.8 NA
302 "2022-02-05 08:41:10" 45 45 9 4.8 NA
303 "2022-02-05 08:41:20" 45 45 9 4.8 NA
304 "2022-02-05 08:41:30" 45 45 9 4.8 NA
305 "2022-02-05 08:41:40" 45 45 9 4.8 NA
306 "2022-02-05 08:41:50" 45 45 9 4.8 NA
307 "2022-02-05 08:42:00" 45 45 9 4.8 NA
308 "2022-02-05 08:42:10" 45 45 9 4.8 NA
309 "2022-02-05 08:42:20" 45 45 9 4.8 NA
310 "2022-02-05 08:42:30" 45 45 9 4.8 NA
311 "2022-02-05 08:42:40" 45 45 9 4.8 NA
312 "2022-02-05 08:42:50" 45 45 9 4.8 NA
313 "2022-02-05 08:43:00" 45 45 9 4.8 NA
314 "2022-02-05 08:43:10" 45.5 45 9 5.2 NA
315 "2022-02-05 08:43:20" 45.5 45 9 5.2 NA
316 "2022-02-05 08:43:30" 45.5 45 9 5.2 NA
317 "2022-02-05 08:43:40" 45.5 45 9 5.2 NA
318 "2022-02-05 08:43:50" 45.5 45 9 5.2 NA
319 "2022-02-05 08:44:00" 45.5 45 9 5.2 NA
320 "2022-02-05 08:44:10" 45.5 45 9 5.2 NA
321 "2022-02-05 08:44:20" 45.5 45 9 5.2 NA
322 "2022-02-05 08:44:30" 45.5 45 9 5.2 NA
323 "2022-02-05 08:44:40" 45.5 45 9 5.2 NA
324 "2022-02-05 08:44:50" 45.5 45 9 5.2 NA
325 "2022-02-05 08:45:00" 45.5 45 9 5.2 NA
326 "2022-02-05 08:45:10" 45.5 45 9 5.2 NA
327 "2022-02-05 08:45:20" 45.5 45 9 5.2 NA
328 "2022-02-05 08:45:30" 45.5 45 9 5.2 NA
329 "2022-02-05 08:45:40" 45.5 45 9 5.2 NA
330 "2022-02-05 08:45:50" 45.5 45 9 5.2 NA
331 "2022-02-05 08:46:00" 45.5 45 9 5.2 NA
332 "2022-02-05 08:46:10" 45.5 45 9 5.2 NA
333 "2022-02-05 08:46:20" 45.5 45 9 5.2 NA
334 "2022-02-05 08:46:30" 45.5 45 9 5.2 NA
335 "2022-02-05 08:46:40" 45.5 45 9 5.2 NA
336 "2022-02-05 08:46:50" 45.5 45 9 5.2 NA
337 "2022-02-05 08:47:00" 45.5 45 9 5.2 NA
338 "2022-02-05 08:47:10" 45.5 45 9 5.2 NA
339 "2022-02-05 08:47:20" 45.5 45 9 5.2 NA
340 "2022-02-05 08:47:30" 45.5 45 9 5.2 NA
341 "2022-02-05 08:47:40" 45.5 45 9 5.2 NA
342 "2022-02-05 08:47:50" 45.5 45 9 5.2 NA
343 "2022-02-05 08:48:00" 45.5 45 9 5.2 NA
344 "2022-02-05 08:48:10" 45.5 45 9 5.2 NA
345 "2022-02-05 08:48:20" 45.5 45 9 5.2 NA
346 "2022-02-05 08:48:30" 45.5 45 8.5 4.4 NA
347 "2022-02-05 08:48:40" 45.5 45 9 5.2 NA
348 "2022-02-05 08:48:50" 45.5 45 9 5.2 NA
349 "2022-02-05 08:49:00" 45.5 45 9 5.2 NA
350 "2022-02-05 08:49:10" 45.5 45 9 5.2 NA
351 "2022-02-05 08:49:20" 45.5 45 9 5.2 NA
352 "2022-02-05 08:49:30" 45.5 45 9 5.2 NA
353 "2022-02-05 08:49:40" 45.5 45 8.5 4.4 NA
354 "2022-02-05 08:49:50" 45.5 45 8.5 4.4 NA
355 "2022-02-05 08:50:00" 45.5 45 8.5 4.4 NA
356 "2022-02-05 08:50:10" 45.5 45 9 5.2 NA
357 "2022-02-05 08:50:20" 45.5 45 9 5.2 NA
358 "2022-02-05 08:50:30" 45.5 45 8.5 4.4 NA
359 "2022-02-05 08:50:40" 45.5 45 8.5 4.4 NA
360 "2022-02-05 08:50:50" 45.5 45 8.5 4.4 NA
361 "2022-02-05 08:51:00" 45.5 45 8.5 4.4 NA
362 "2022-02-05 08:51:10" 45.5 45 8.5 4.4 NA
363 "2022-02-05 08:51:20" 45.5 45 8.5 4.4 NA
364 "2022-02-05 08:51:30" 45.5 45 9 5.2 NA
365 "2022-02-05 08:51:40" 45.5 45 9 5.2 NA
366 "2022-02-05 08:51:50" 45.5 45 8.5 4.4 NA
367 "2022-02-05 08:52:00" 45.5 45 8.5 4.4 NA
368 "2022-02-05 08:52:10" 45.5 45 8.5 4.4 NA
369 "2022-02-05 08:52:20" 45.5 45 8.5 4.4 NA
370 "2022-02-05 08:52:30" 45.5 45 8.5 4.4 NA
371 "2022-02-05 08:52:40" 45.5 45 8.5 4.4 NA
372 "2022-02-05 08:52:50" 45.5 45 8.5 4.4 NA
373 "2022-02-05 08:53:00" 45.5 45 8.5 4.4 NA
374 "2022-02-05 08:53:10" 45.5 45 8.5 4.4 NA
375 "2022-02-05 08:53:20" 45.5 45 8.5 4.4 NA
376 "2022-02-05 08:53:30" 45.5 45 8.5 4.4 NA
377 "2022-02-05 08:53:40" 45.5 45 8.5 4.4 NA
378 "2022-02-05 08:53:50" 45.5 45 8.5 4.4 NA
379 "2022-02-05 08:54:00" 45.5 45 8.5 4.4 NA
380 "2022-02-05 08:54:10" 45.5 45 8.5 4.4 NA
381 "2022-02-05 08:54:20" 45.5 45 8.5 4.4 NA
382 "2022-02-05 08:54:30" 45.5 45 8.5 4.4 NA
383 "2022-02-05 08:54:40" 45.5 45 9 5.2 NA
384 "2022-02-05 08:54:50" 45.5 45 8.5 4.4 NA
385 "2022-02-05 08:55:00" 45.5 45 9 5.2 NA
386 "2022-02-05 08:55:10" 45.5 45 9 5.2 NA
387 "2022-02-05 08:55:20" 45.5 45 8.5 4.4 NA
388 "2022-02-05 08:55:30" 45.5 45 8.5 4.4 NA
389 "2022-02-05 08:55:40" 45.5 45 8.5 4.4 NA
390 "2022-02-05 08:55:50" 45.5 45 8.5 4.4 NA
391 "2022-02-05 08:56:00" 45.5 45 8.5 4.4 NA
392 "2022-02-05 08:56:10" 45.5 45 8.5 4.4 NA
393 "2022-02-05 08:56:20" 45.5 45 8.5 4.4 NA
394 "2022-02-05 08:56:30" 45.5 45 8.5 4.4 NA
395 "2022-02-05 08:56:40" 45.5 45 8.5 4.4 NA
396 "2022-02-05 08:56:50" 45.5 45 8.5 4.4 NA
397 "2022-02-05 08:57:00" 45.5 45 8.5 4.4 NA
398 "2022-02-05 08:57:10" 45.5 45 8.5 4.4 NA
399 "2022-02-05 08:57:20" 45.5 45 8.5 4.4 NA
400 "2022-02-05 08:57:30" 45 45 8.5 4 NA
401 "2022-02-05 08:57:40" 45 45 8.5 4 NA
402 "2022-02-05 08:57:50" 45 45 8.5 4 NA
403 "2022-02-05 08:58:00" 45 45 8.5 4 NA
404 "2022-02-05 08:58:10" 45 45 8.5 4 NA
405 "2022-02-05 08:58:20" 45 45 8.5 4 NA
406 "2022-02-05 08:58:30" 45 45 8.5 4 NA
407 "2022-02-05 08:58:40" 44.5 45 8.5 3.7 NA
408 "2022-02-05 08:58:50" 44.5 45 8.5 3.7 NA
409 "2022-02-05 08:59:00" 44.5 45 8.5 3.7 NA
410 "2022-02-05 08:59:10" 44.5 45 8.5 3.7 NA
411 "2022-02-05 08:59:20" 44.5 45 8.5 3.7 NA
412 "2022-02-05 08:59:30" 44 45 8.5 3.3 NA
413 "2022-02-05 08:59:40" 44 45 8.5 3.3 NA
414 "2022-02-05 08:59:50" 44 45 8.5 3.3 NA
415 "2022-02-05 09:00:00" 44 45 8.5 3.3 NA
416 "2022-02-05 09:00:10" 44 45 8.5 3.3 NA
417 "2022-02-05 09:00:20" 43.5 45 8.5 2.9 NA
418 "2022-02-05 09:00:30" 43.5 45 8.5 2.9 NA
419 "2022-02-05 09:00:40" 43.5 45 8.5 2.9 NA
420 "2022-02-05 09:00:50" 43.5 45 9 3.7 NA
421 "2022-02-05 09:01:00" 43 45 8.5 2.6 NA
422 "2022-02-05 09:01:10" 43 45 8.5 2.6 NA
423 "2022-02-05 09:01:20" 43 45 9 3.4 NA
424 "2022-02-05 09:01:30" 43 45 9 3.4 NA
425 "2022-02-05 09:01:40" 43 45 9 3.4 NA
426 "2022-02-05 09:01:50" 42.5 45 12.5 7.7 NA
