HSPi_4_02_19_22,Time,Celsius(°C),High Alarm,Humidity(%rh),Dew Point(°C),Serial Number
1,2022-02-19 08:18:54,22.5,45.0,21.5,-0.6,010126307
2,2022-02-19 08:19:04,22.5,45.0,21.5,-0.6
3,2022-02-19 08:19:14,22.5,45.0,24.0,0.9
4,2022-02-19 08:19:24,22.5,45.0,22.0,-0.3
5,2022-02-19 08:19:34,23.0,45.0,22.5,0.5
6,2022-02-19 08:19:44,23.0,45.0,22.0,0.2
7,2022-02-19 08:19:54,23.0,45.0,21.5,-0.2
8,2022-02-19 08:20:04,23.0,45.0,21.5,-0.2
9,2022-02-19 08:20:14,23.0,45.0,21.5,-0.2
10,2022-02-19 08:20:24,23.0,45.0,21.0,-0.5
11,2022-02-19 08:20:34,23.0,45.0,21.0,-0.5
12,2022-02-19 08:20:44,23.0,45.0,21.0,-0.5
13,2022-02-19 08:20:54,23.5,45.0,21.5,0.3
14,2022-02-19 08:21:04,23.5,45.0,22.0,0.6
15,2022-02-19 08:21:14,23.5,45.0,22.0,0.6
16,2022-02-19 08:21:24,23.5,45.0,21.5,0.3
17,2022-02-19 08:21:34,24.0,45.0,21.5,0.7
18,2022-02-19 08:21:44,24.0,45.0,21.0,0.4
19,2022-02-19 08:21:54,24.5,45.0,21.0,0.8
20,2022-02-19 08:22:04,25.0,45.0,20.5,0.8
21,2022-02-19 08:22:14,25.0,45.0,20.5,0.8
22,2022-02-19 08:22:24,25.5,45.0,20.0,0.9
23,2022-02-19 08:22:34,26.0,45.0,19.5,1.0
24,2022-02-19 08:22:44,26.0,45.0,19.5,1.0
25,2022-02-19 08:22:54,26.5,45.0,19.0,1.0
26,2022-02-19 08:23:04,27.0,45.0,19.0,1.4
27,2022-02-19 08:23:14,27.5,45.0,18.5,1.5
28,2022-02-19 08:23:24,27.5,45.0,18.0,1.1
29,2022-02-19 08:23:34,28.0,45.0,18.0,1.5
30,2022-02-19 08:23:44,28.5,45.0,17.5,1.5
31,2022-02-19 08:23:54,28.5,45.0,17.5,1.5
32,2022-02-19 08:24:04,29.0,45.0,17.0,1.5
33,2022-02-19 08:24:14,29.5,45.0,17.0,1.9
34,2022-02-19 08:24:24,29.5,45.0,16.5,1.5
35,2022-02-19 08:24:34,30.0,45.0,16.5,1.9
36,2022-02-19 08:24:44,30.5,45.0,16.0,1.9
37,2022-02-19 08:24:54,30.5,45.0,16.0,1.9
38,2022-02-19 08:25:04,31.0,45.0,16.0,2.3
39,2022-02-19 08:25:14,31.0,45.0,15.5,1.8
40,2022-02-19 08:25:24,31.5,45.0,15.5,2.2
41,2022-02-19 08:25:34,31.5,45.0,15.5,2.2
42,2022-02-19 08:25:44,32.0,45.0,15.5,2.6
43,2022-02-19 08:25:54,32.5,45.0,15.0,2.5
44,2022-02-19 08:26:04,32.5,45.0,15.0,2.5
45,2022-02-19 08:26:14,33.0,45.0,15.0,2.9
46,2022-02-19 08:26:24,33.0,45.0,14.5,2.5
47,2022-02-19 08:26:34,33.5,45.0,14.5,2.9
48,2022-02-19 08:26:44,33.5,45.0,14.5,2.9
49,2022-02-19 08:26:54,34.0,45.0,14.0,2.8
50,2022-02-19 08:27:04,34.0,45.0,14.0,2.8
51,2022-02-19 08:27:14,34.5,45.0,14.0,3.1
52,2022-02-19 08:27:24,34.5,45.0,14.0,3.1
53,2022-02-19 08:27:34,34.5,45.0,13.5,2.6
54,2022-02-19 08:27:44,35.0,45.0,13.5,3.0
55,2022-02-19 08:27:54,35.0,45.0,13.5,3.0
56,2022-02-19 08:28:04,35.5,45.0,13.5,3.4
57,2022-02-19 08:28:14,35.5,45.0,13.0,2.9
58,2022-02-19 08:28:24,35.5,45.0,13.0,2.9
59,2022-02-19 08:28:34,36.0,45.0,13.0,3.3
60,2022-02-19 08:28:44,36.0,45.0,13.0,3.3
61,2022-02-19 08:28:54,36.5,45.0,12.5,3.1
62,2022-02-19 08:29:04,36.5,45.0,12.5,3.1
63,2022-02-19 08:29:14,36.5,45.0,12.5,3.1
64,2022-02-19 08:29:24,37.0,45.0,12.5,3.5
65,2022-02-19 08:29:34,37.0,45.0,12.5,3.5
66,2022-02-19 08:29:44,37.0,45.0,12.5,3.5
67,2022-02-19 08:29:54,37.5,45.0,12.5,3.9
68,2022-02-19 08:30:04,37.5,45.0,12.5,3.9
69,2022-02-19 08:30:14,37.5,45.0,12.5,3.9
70,2022-02-19 08:30:24,38.0,45.0,12.0,3.7
71,2022-02-19 08:30:34,38.0,45.0,12.0,3.7
72,2022-02-19 08:30:44,38.0,45.0,12.0,3.7
73,2022-02-19 08:30:54,38.5,45.0,12.0,4.1
74,2022-02-19 08:31:04,38.5,45.0,12.0,4.1
75,2022-02-19 08:31:14,38.5,45.0,12.0,4.1
76,2022-02-19 08:31:24,39.0,45.0,11.5,3.8
77,2022-02-19 08:31:34,39.0,45.0,11.5,3.8
78,2022-02-19 08:31:44,39.0,45.0,11.5,3.8
79,2022-02-19 08:31:54,39.5,45.0,11.5,4.2
80,2022-02-19 08:32:04,39.5,45.0,11.5,4.2
81,2022-02-19 08:32:14,39.5,45.0,11.5,4.2
82,2022-02-19 08:32:24,39.5,45.0,11.5,4.2
83,2022-02-19 08:32:34,40.0,45.0,11.5,4.6
84,2022-02-19 08:32:44,40.0,45.0,11.5,4.6
85,2022-02-19 08:32:54,40.0,45.0,11.0,4.0
86,2022-02-19 08:33:04,40.0,45.0,11.0,4.0
87,2022-02-19 08:33:14,40.5,45.0,11.0,4.3
88,2022-02-19 08:33:24,40.5,45.0,11.0,4.3
89,2022-02-19 08:33:34,40.5,45.0,11.0,4.3
90,2022-02-19 08:33:44,41.0,45.0,11.0,4.7
91,2022-02-19 08:33:54,41.0,45.0,11.0,4.7
92,2022-02-19 08:34:04,41.0,45.0,11.0,4.7
93,2022-02-19 08:34:14,41.0,45.0,11.0,4.7
94,2022-02-19 08:34:24,41.5,45.0,11.0,5.1
95,2022-02-19 08:34:34,41.5,45.0,11.0,5.1
96,2022-02-19 08:34:44,41.5,45.0,10.5,4.4
97,2022-02-19 08:34:54,41.5,45.0,10.5,4.4
98,2022-02-19 08:35:04,41.5,45.0,10.5,4.4
99,2022-02-19 08:35:14,42.0,45.0,10.5,4.8
100,2022-02-19 08:35:24,42.0,45.0,10.5,4.8
101,2022-02-19 08:35:34,42.0,45.0,10.5,4.8
102,2022-02-19 08:35:44,42.0,45.0,10.5,4.8
103,2022-02-19 08:35:54,42.5,45.0,10.5,5.2
104,2022-02-19 08:36:04,42.5,45.0,10.5,5.2
105,2022-02-19 08:36:14,42.5,45.0,10.5,5.2
106,2022-02-19 08:36:24,42.5,45.0,10.5,5.2
107,2022-02-19 08:36:34,42.5,45.0,10.5,5.2
108,2022-02-19 08:36:44,42.5,45.0,10.5,5.2
109,2022-02-19 08:36:54,43.0,45.0,10.5,5.6
110,2022-02-19 08:37:04,43.0,45.0,10.5,5.6
111,2022-02-19 08:37:14,43.0,45.0,10.5,5.6
112,2022-02-19 08:37:24,43.0,45.0,10.5,5.6
113,2022-02-19 08:37:34,43.0,45.0,10.0,4.9
114,2022-02-19 08:37:44,43.5,45.0,10.0,5.2
115,2022-02-19 08:37:54,43.5,45.0,10.0,5.2
116,2022-02-19 08:38:04,43.5,45.0,10.0,5.2
117,2022-02-19 08:38:14,43.5,45.0,10.0,5.2
118,2022-02-19 08:38:24,43.5,45.0,10.0,5.2
119,2022-02-19 08:38:34,43.5,45.0,10.0,5.2
120,2022-02-19 08:38:44,44.0,45.0,10.0,5.6
121,2022-02-19 08:38:54,44.0,45.0,10.0,5.6
122,2022-02-19 08:39:04,44.0,45.0,10.0,5.6
123,2022-02-19 08:39:14,44.0,45.0,10.0,5.6
124,2022-02-19 08:39:24,44.0,45.0,10.0,5.6
125,2022-02-19 08:39:34,44.0,45.0,10.0,5.6
126,2022-02-19 08:39:44,44.0,45.0,10.0,5.6
127,2022-02-19 08:39:54,44.5,45.0,10.0,6.0
128,2022-02-19 08:40:04,44.5,45.0,10.0,6.0
129,2022-02-19 08:40:14,44.5,45.0,10.0,6.0
130,2022-02-19 08:40:24,44.5,45.0,10.0,6.0
131,2022-02-19 08:40:34,44.5,45.0,9.5,5.2
132,2022-02-19 08:40:44,44.5,45.0,9.5,5.2
133,2022-02-19 08:40:54,44.5,45.0,9.5,5.2
134,2022-02-19 08:41:04,44.5,45.0,9.5,5.2
135,2022-02-19 08:41:14,45.0,45.0,9.5,5.6
136,2022-02-19 08:41:24,45.0,45.0,9.5,5.6
137,2022-02-19 08:41:34,45.0,45.0,9.5,5.6
138,2022-02-19 08:41:44,45.0,45.0,9.5,5.6
139,2022-02-19 08:41:54,45.0,45.0,9.5,5.6
140,2022-02-19 08:42:04,45.0,45.0,9.5,5.6
141,2022-02-19 08:42:14,45.0,45.0,9.5,5.6
142,2022-02-19 08:42:24,45.0,45.0,9.5,5.6
143,2022-02-19 08:42:34,45.0,45.0,9.5,5.6
144,2022-02-19 08:42:44,45.0,45.0,9.5,5.6
145,2022-02-19 08:42:54,45.0,45.0,9.5,5.6
146,2022-02-19 08:43:04,45.0,45.0,9.5,5.6
147,2022-02-19 08:43:14,45.0,45.0,9.5,5.6
148,2022-02-19 08:43:24,45.0,45.0,9.5,5.6
149,2022-02-19 08:43:34,45.0,45.0,9.5,5.6
150,2022-02-19 08:43:44,45.0,45.0,9.5,5.6
151,2022-02-19 08:43:54,45.0,45.0,9.5,5.6
152,2022-02-19 08:44:04,45.0,45.0,9.5,5.6
153,2022-02-19 08:44:14,45.0,45.0,9.5,5.6
154,2022-02-19 08:44:24,45.5,45.0,9.5,6.0
155,2022-02-19 08:44:34,45.5,45.0,9.5,6.0
156,2022-02-19 08:44:44,45.5,45.0,9.5,6.0
157,2022-02-19 08:44:54,45.5,45.0,9.5,6.0
158,2022-02-19 08:45:04,45.5,45.0,9.5,6.0
159,2022-02-19 08:45:14,45.5,45.0,9.5,6.0
160,2022-02-19 08:45:24,45.5,45.0,9.5,6.0
161,2022-02-19 08:45:34,45.5,45.0,9.5,6.0
162,2022-02-19 08:45:44,45.5,45.0,9.5,6.0
163,2022-02-19 08:45:54,45.5,45.0,9.5,6.0
164,2022-02-19 08:46:04,45.5,45.0,9.5,6.0
165,2022-02-19 08:46:14,45.5,45.0,9.5,6.0
166,2022-02-19 08:46:24,45.5,45.0,9.5,6.0
167,2022-02-19 08:46:34,45.5,45.0,9.5,6.0
168,2022-02-19 08:46:44,45.5,45.0,9.5,6.0
169,2022-02-19 08:46:54,45.0,45.0,9.5,5.6
170,2022-02-19 08:47:04,45.0,45.0,9.5,5.6
171,2022-02-19 08:47:14,45.0,45.0,9.5,5.6
172,2022-02-19 08:47:24,45.0,45.0,9.5,5.6
173,2022-02-19 08:47:34,45.0,45.0,9.5,5.6
174,2022-02-19 08:47:44,45.0,45.0,9.5,5.6
175,2022-02-19 08:47:54,45.0,45.0,9.5,5.6
176,2022-02-19 08:48:04,45.0,45.0,9.5,5.6
177,2022-02-19 08:48:14,45.0,45.0,9.5,5.6
178,2022-02-19 08:48:24,45.0,45.0,9.5,5.6
179,2022-02-19 08:48:34,45.0,45.0,9.5,5.6
180,2022-02-19 08:48:44,45.0,45.0,9.5,5.6
181,2022-02-19 08:48:54,45.0,45.0,9.5,5.6
182,2022-02-19 08:49:04,45.0,45.0,9.5,5.6
183,2022-02-19 08:49:14,45.0,45.0,9.5,5.6
184,2022-02-19 08:49:24,45.0,45.0,9.5,5.6
185,2022-02-19 08:49:34,45.0,45.0,9.5,5.6
186,2022-02-19 08:49:44,45.0,45.0,9.5,5.6
187,2022-02-19 08:49:54,45.0,45.0,9.5,5.6
188,2022-02-19 08:50:04,45.0,45.0,9.5,5.6
189,2022-02-19 08:50:14,45.0,45.0,9.5,5.6
190,2022-02-19 08:50:24,45.0,45.0,9.5,5.6
191,2022-02-19 08:50:34,45.0,45.0,9.5,5.6
192,2022-02-19 08:50:44,45.0,45.0,9.5,5.6
193,2022-02-19 08:50:54,45.0,45.0,9.5,5.6
194,2022-02-19 08:51:04,45.0,45.0,9.5,5.6
195,2022-02-19 08:51:14,45.0,45.0,9.5,5.6
196,2022-02-19 08:51:24,45.0,45.0,9.5,5.6
197,2022-02-19 08:51:34,45.0,45.0,9.5,5.6
198,2022-02-19 08:51:44,45.0,45.0,9.5,5.6
199,2022-02-19 08:51:54,45.0,45.0,9.5,5.6
200,2022-02-19 08:52:04,45.0,45.0,9.5,5.6
201,2022-02-19 08:52:14,45.0,45.0,9.5,5.6
202,2022-02-19 08:52:24,45.0,45.0,9.5,5.6
203,2022-02-19 08:52:34,45.0,45.0,9.5,5.6
204,2022-02-19 08:52:44,45.0,45.0,9.5,5.6
205,2022-02-19 08:52:54,45.0,45.0,9.5,5.6
206,2022-02-19 08:53:04,45.0,45.0,9.5,5.6
207,2022-02-19 08:53:14,45.0,45.0,9.5,5.6
208,2022-02-19 08:53:24,45.0,45.0,9.5,5.6
209,2022-02-19 08:53:34,45.0,45.0,9.5,5.6
210,2022-02-19 08:53:44,45.0,45.0,9.5,5.6
211,2022-02-19 08:53:54,45.0,45.0,9.5,5.6
212,2022-02-19 08:54:04,45.0,45.0,9.5,5.6
213,2022-02-19 08:54:14,45.0,45.0,9.5,5.6
214,2022-02-19 08:54:24,45.0,45.0,9.5,5.6
215,2022-02-19 08:54:34,45.0,45.0,9.5,5.6
216,2022-02-19 08:54:44,45.0,45.0,9.5,5.6
217,2022-02-19 08:54:54,45.0,45.0,9.5,5.6
218,2022-02-19 08:55:04,45.0,45.0,9.5,5.6
219,2022-02-19 08:55:14,45.0,45.0,9.5,5.6
220,2022-02-19 08:55:24,45.0,45.0,9.5,5.6
221,2022-02-19 08:55:34,45.0,45.0,9.5,5.6
222,2022-02-19 08:55:44,45.0,45.0,9.5,5.6
223,2022-02-19 08:55:54,45.0,45.0,10.0,6.4
224,2022-02-19 08:56:04,45.0,45.0,9.5,5.6
225,2022-02-19 08:56:14,45.0,45.0,9.5,5.6
226,2022-02-19 08:56:24,45.0,45.0,10.0,6.4
227,2022-02-19 08:56:34,45.0,45.0,9.5,5.6
228,2022-02-19 08:56:44,45.0,45.0,9.5,5.6
229,2022-02-19 08:56:54,45.0,45.0,9.5,5.6
230,2022-02-19 08:57:04,45.0,45.0,10.0,6.4
231,2022-02-19 08:57:14,45.0,45.0,10.0,6.4
232,2022-02-19 08:57:24,45.0,45.0,9.5,5.6
233,2022-02-19 08:57:34,45.0,45.0,9.5,5.6
234,2022-02-19 08:57:44,45.0,45.0,9.5,5.6
235,2022-02-19 08:57:54,45.0,45.0,9.5,5.6
236,2022-02-19 08:58:04,45.0,45.0,9.5,5.6
237,2022-02-19 08:58:14,45.0,45.0,9.5,5.6
238,2022-02-19 08:58:24,45.0,45.0,9.5,5.6
239,2022-02-19 08:58:34,45.0,45.0,9.5,5.6
240,2022-02-19 08:58:44,45.0,45.0,9.5,5.6
241,2022-02-19 08:58:54,45.0,45.0,9.5,5.6
242,2022-02-19 08:59:04,45.0,45.0,9.5,5.6
243,2022-02-19 08:59:14,45.0,45.0,9.5,5.6
244,2022-02-19 08:59:24,45.0,45.0,9.5,5.6
245,2022-02-19 08:59:34,45.0,45.0,9.5,5.6
246,2022-02-19 08:59:44,45.0,45.0,9.5,5.6
247,2022-02-19 08:59:54,45.0,45.0,9.5,5.6
248,2022-02-19 09:00:04,45.0,45.0,9.5,5.6
249,2022-02-19 09:00:14,45.0,45.0,9.5,5.6
250,2022-02-19 09:00:24,45.0,45.0,9.5,5.6
251,2022-02-19 09:00:34,45.0,45.0,9.5,5.6
252,2022-02-19 09:00:44,45.0,45.0,9.5,5.6
253,2022-02-19 09:00:54,45.0,45.0,9.5,5.6
254,2022-02-19 09:01:04,45.0,45.0,9.5,5.6
255,2022-02-19 09:01:14,45.0,45.0,9.5,5.6
256,2022-02-19 09:01:24,45.0,45.0,9.5,5.6
257,2022-02-19 09:01:34,45.0,45.0,9.5,5.6
258,2022-02-19 09:01:44,45.0,45.0,9.5,5.6
259,2022-02-19 09:01:54,45.0,45.0,9.5,5.6
260,2022-02-19 09:02:04,45.0,45.0,9.5,5.6
261,2022-02-19 09:02:14,45.0,45.0,9.5,5.6
262,2022-02-19 09:02:24,45.0,45.0,9.5,5.6
263,2022-02-19 09:02:34,45.0,45.0,9.5,5.6
264,2022-02-19 09:02:44,45.0,45.0,9.5,5.6
265,2022-02-19 09:02:54,45.0,45.0,9.5,5.6
266,2022-02-19 09:03:04,45.0,45.0,9.5,5.6
267,2022-02-19 09:03:14,45.0,45.0,9.5,5.6
268,2022-02-19 09:03:24,45.0,45.0,9.5,5.6
269,2022-02-19 09:03:34,45.0,45.0,9.5,5.6
270,2022-02-19 09:03:44,45.0,45.0,9.5,5.6
271,2022-02-19 09:03:54,45.0,45.0,9.5,5.6
272,2022-02-19 09:04:04,45.0,45.0,9.5,5.6
273,2022-02-19 09:04:14,45.0,45.0,9.5,5.6
274,2022-02-19 09:04:24,45.0,45.0,9.5,5.6
275,2022-02-19 09:04:34,45.0,45.0,9.5,5.6
276,2022-02-19 09:04:44,45.0,45.0,9.5,5.6
277,2022-02-19 09:04:54,45.0,45.0,9.5,5.6
278,2022-02-19 09:05:04,45.0,45.0,9.5,5.6
279,2022-02-19 09:05:14,45.0,45.0,9.5,5.6
280,2022-02-19 09:05:24,45.0,45.0,9.5,5.6
281,2022-02-19 09:05:34,45.0,45.0,9.5,5.6
282,2022-02-19 09:05:44,45.0,45.0,9.5,5.6
283,2022-02-19 09:05:54,45.0,45.0,9.5,5.6
284,2022-02-19 09:06:04,45.0,45.0,9.5,5.6
285,2022-02-19 09:06:14,45.0,45.0,9.5,5.6
286,2022-02-19 09:06:24,45.0,45.0,9.5,5.6
287,2022-02-19 09:06:34,45.0,45.0,9.5,5.6
288,2022-02-19 09:06:44,45.0,45.0,9.5,5.6
289,2022-02-19 09:06:54,45.0,45.0,9.5,5.6
290,2022-02-19 09:07:04,45.0,45.0,9.5,5.6
291,2022-02-19 09:07:14,45.0,45.0,9.5,5.6
292,2022-02-19 09:07:24,45.0,45.0,9.5,5.6
293,2022-02-19 09:07:34,45.0,45.0,9.5,5.6
294,2022-02-19 09:07:44,45.0,45.0,9.5,5.6
295,2022-02-19 09:07:54,45.0,45.0,9.5,5.6
296,2022-02-19 09:08:04,45.0,45.0,9.5,5.6
297,2022-02-19 09:08:14,45.0,45.0,9.5,5.6
298,2022-02-19 09:08:24,45.0,45.0,9.5,5.6
299,2022-02-19 09:08:34,45.0,45.0,9.5,5.6
300,2022-02-19 09:08:44,45.0,45.0,9.5,5.6
301,2022-02-19 09:08:54,45.0,45.0,9.5,5.6
302,2022-02-19 09:09:04,45.0,45.0,9.5,5.6
303,2022-02-19 09:09:14,45.0,45.0,9.5,5.6
304,2022-02-19 09:09:24,45.0,45.0,9.5,5.6
305,2022-02-19 09:09:34,45.0,45.0,9.5,5.6
306,2022-02-19 09:09:44,45.0,45.0,9.5,5.6
307,2022-02-19 09:09:54,45.0,45.0,9.5,5.6
308,2022-02-19 09:10:04,45.0,45.0,9.5,5.6
309,2022-02-19 09:10:14,45.0,45.0,9.5,5.6
310,2022-02-19 09:10:24,45.0,45.0,9.5,5.6
311,2022-02-19 09:10:34,45.0,45.0,9.5,5.6
312,2022-02-19 09:10:44,45.0,45.0,9.5,5.6
313,2022-02-19 09:10:54,45.0,45.0,9.5,5.6
314,2022-02-19 09:11:04,45.0,45.0,9.5,5.6
315,2022-02-19 09:11:14,45.0,45.0,9.5,5.6
316,2022-02-19 09:11:24,45.0,45.0,9.5,5.6
317,2022-02-19 09:11:34,45.0,45.0,9.5,5.6
318,2022-02-19 09:11:44,45.0,45.0,9.5,5.6
319,2022-02-19 09:11:54,45.0,45.0,9.5,5.6
320,2022-02-19 09:12:04,45.0,45.0,9.5,5.6
321,2022-02-19 09:12:14,45.0,45.0,9.5,5.6
322,2022-02-19 09:12:24,45.0,45.0,9.5,5.6
323,2022-02-19 09:12:34,45.0,45.0,9.5,5.6
324,2022-02-19 09:12:44,45.0,45.0,9.5,5.6
325,2022-02-19 09:12:54,45.0,45.0,9.5,5.6
326,2022-02-19 09:13:04,45.0,45.0,9.5,5.6
327,2022-02-19 09:13:14,45.0,45.0,9.5,5.6
328,2022-02-19 09:13:24,45.0,45.0,9.5,5.6
329,2022-02-19 09:13:34,45.0,45.0,9.5,5.6
330,2022-02-19 09:13:44,45.0,45.0,9.5,5.6
331,2022-02-19 09:13:54,45.0,45.0,9.5,5.6
332,2022-02-19 09:14:04,45.0,45.0,9.5,5.6
333,2022-02-19 09:14:14,45.0,45.0,9.5,5.6
334,2022-02-19 09:14:24,45.0,45.0,9.5,5.6
335,2022-02-19 09:14:34,45.0,45.0,9.5,5.6
336,2022-02-19 09:14:44,45.0,45.0,9.5,5.6
337,2022-02-19 09:14:54,45.0,45.0,9.5,5.6
338,2022-02-19 09:15:04,45.0,45.0,9.5,5.6
339,2022-02-19 09:15:14,45.0,45.0,9.5,5.6
340,2022-02-19 09:15:24,45.0,45.0,9.5,5.6
341,2022-02-19 09:15:34,45.0,45.0,9.5,5.6
342,2022-02-19 09:15:44,45.0,45.0,9.5,5.6
343,2022-02-19 09:15:54,45.0,45.0,9.5,5.6
344,2022-02-19 09:16:04,45.0,45.0,9.5,5.6
345,2022-02-19 09:16:14,45.0,45.0,9.5,5.6
346,2022-02-19 09:16:24,45.0,45.0,9.5,5.6
347,2022-02-19 09:16:34,45.0,45.0,9.5,5.6
348,2022-02-19 09:16:44,45.0,45.0,9.5,5.6
349,2022-02-19 09:16:54,45.0,45.0,9.5,5.6
350,2022-02-19 09:17:04,45.0,45.0,9.5,5.6
351,2022-02-19 09:17:14,45.0,45.0,9.5,5.6
352,2022-02-19 09:17:24,45.0,45.0,9.5,5.6
353,2022-02-19 09:17:34,45.0,45.0,9.5,5.6
354,2022-02-19 09:17:44,45.0,45.0,9.5,5.6
355,2022-02-19 09:17:54,45.0,45.0,9.5,5.6
356,2022-02-19 09:18:04,45.0,45.0,9.5,5.6
357,2022-02-19 09:18:14,45.0,45.0,9.5,5.6
358,2022-02-19 09:18:24,45.0,45.0,9.5,5.6
359,2022-02-19 09:18:34,45.0,45.0,9.5,5.6
360,2022-02-19 09:18:44,45.0,45.0,9.5,5.6
361,2022-02-19 09:18:54,45.0,45.0,9.5,5.6
362,2022-02-19 09:19:04,45.0,45.0,9.5,5.6
363,2022-02-19 09:19:14,45.0,45.0,9.5,5.6
364,2022-02-19 09:19:24,45.0,45.0,9.5,5.6
365,2022-02-19 09:19:34,45.0,45.0,9.5,5.6
366,2022-02-19 09:19:44,44.5,45.0,9.5,5.2
367,2022-02-19 09:19:54,44.5,45.0,9.5,5.2
368,2022-02-19 09:20:04,44.5,45.0,9.5,5.2
369,2022-02-19 09:20:14,44.5,45.0,9.5,5.2
370,2022-02-19 09:20:24,44.5,45.0,9.5,5.2
371,2022-02-19 09:20:34,44.5,45.0,9.5,5.2
372,2022-02-19 09:20:44,44.5,45.0,9.5,5.2
373,2022-02-19 09:20:54,44.5,45.0,9.5,5.2
374,2022-02-19 09:21:04,44.5,45.0,9.5,5.2
375,2022-02-19 09:21:14,44.5,45.0,9.5,5.2
376,2022-02-19 09:21:24,44.5,45.0,9.5,5.2
377,2022-02-19 09:21:34,44.5,45.0,9.5,5.2
378,2022-02-19 09:21:44,44.5,45.0,9.5,5.2
379,2022-02-19 09:21:54,44.5,45.0,9.5,5.2
380,2022-02-19 09:22:04,44.5,45.0,9.5,5.2
381,2022-02-19 09:22:14,44.5,45.0,9.5,5.2
382,2022-02-19 09:22:24,44.5,45.0,9.5,5.2
383,2022-02-19 09:22:34,44.5,45.0,9.5,5.2
384,2022-02-19 09:22:44,44.5,45.0,9.5,5.2
385,2022-02-19 09:22:54,44.5,45.0,9.5,5.2
386,2022-02-19 09:23:04,44.0,45.0,9.5,4.9
387,2022-02-19 09:23:14,44.0,45.0,9.5,4.9
388,2022-02-19 09:23:24,44.0,45.0,9.5,4.9
389,2022-02-19 09:23:34,44.0,45.0,9.5,4.9
390,2022-02-19 09:23:44,44.0,45.0,9.5,4.9
391,2022-02-19 09:23:54,44.0,45.0,9.5,4.9
392,2022-02-19 09:24:04,43.5,45.0,9.5,4.5
393,2022-02-19 09:24:14,43.5,45.0,9.5,4.5
394,2022-02-19 09:24:24,43.5,45.0,9.5,4.5
395,2022-02-19 09:24:34,43.5,45.0,9.5,4.5
396,2022-02-19 09:24:44,43.5,45.0,9.5,4.5
397,2022-02-19 09:24:54,43.0,45.0,9.5,4.1
398,2022-02-19 09:25:04,43.0,45.0,9.5,4.1
399,2022-02-19 09:25:14,43.0,45.0,9.5,4.1
400,2022-02-19 09:25:24,43.0,45.0,9.5,4.1
401,2022-02-19 09:25:34,42.5,45.0,9.5,3.8
402,2022-02-19 09:25:44,42.5,45.0,9.5,3.8
403,2022-02-19 09:25:54,42.5,45.0,9.5,3.8
404,2022-02-19 09:26:04,42.5,45.0,9.5,3.8
405,2022-02-19 09:26:14,42.5,45.0,10.0,4.5
406,2022-02-19 09:26:24,42.0,45.0,10.0,4.1
407,2022-02-19 09:26:34,42.0,45.0,10.0,4.1
408,2022-02-19 09:26:44,42.0,45.0,10.0,4.1
409,2022-02-19 09:26:54,42.0,45.0,10.0,4.1
410,2022-02-19 09:27:04,41.5,45.0,10.0,3.7
411,2022-02-19 09:27:14,41.5,45.0,12.0,6.4
412,2022-02-19 09:27:24,41.5,45.0,10.5,4.4
