HSPi_4_02_17_22,Time,Celsius(°C),High Alarm,Humidity(%rh),Dew Point(°C),Serial Number
1,2022-02-17 07:48:58,24.5,45.0,37.5,9.1,010126307
2,2022-02-17 07:49:08,24.5,45.0,37.0,8.9
3,2022-02-17 07:49:18,25.0,45.0,40.0,10.5
4,2022-02-17 07:49:28,25.0,45.0,36.5,9.1
5,2022-02-17 07:49:38,25.0,45.0,35.5,8.7
6,2022-02-17 07:49:48,25.0,45.0,35.0,8.5
7,2022-02-17 07:49:58,25.0,45.0,35.0,8.5
8,2022-02-17 07:50:08,25.0,45.0,34.5,8.3
9,2022-02-17 07:50:18,25.0,45.0,34.5,8.3
10,2022-02-17 07:50:28,25.5,45.0,34.5,8.7
11,2022-02-17 07:50:38,25.5,45.0,34.0,8.5
12,2022-02-17 07:50:48,25.5,45.0,34.0,8.5
13,2022-02-17 07:50:58,25.5,45.0,34.0,8.5
14,2022-02-17 07:51:08,25.5,45.0,34.0,8.5
15,2022-02-17 07:51:18,25.5,45.0,34.0,8.5
16,2022-02-17 07:51:28,25.5,45.0,34.0,8.5
17,2022-02-17 07:51:38,25.5,45.0,34.0,8.5
18,2022-02-17 07:51:48,25.5,45.0,34.0,8.5
19,2022-02-17 07:51:58,25.5,45.0,34.0,8.5
20,2022-02-17 07:52:08,25.5,45.0,34.5,8.7
21,2022-02-17 07:52:18,25.5,45.0,34.5,8.7
22,2022-02-17 07:52:28,26.0,45.0,34.0,8.9
23,2022-02-17 07:52:38,26.0,45.0,34.0,8.9
24,2022-02-17 07:52:48,26.5,45.0,33.5,9.2
25,2022-02-17 07:52:58,27.0,45.0,33.0,9.4
26,2022-02-17 07:53:08,27.0,45.0,32.5,9.1
27,2022-02-17 07:53:18,27.5,45.0,32.0,9.3
28,2022-02-17 07:53:28,28.0,45.0,31.0,9.3
29,2022-02-17 07:53:38,28.5,45.0,30.5,9.5
30,2022-02-17 07:53:48,29.0,45.0,29.5,9.4
31,2022-02-17 07:53:58,29.5,45.0,29.0,9.6
32,2022-02-17 07:54:08,30.0,45.0,28.5,9.8
33,2022-02-17 07:54:18,30.5,45.0,28.0,9.9
34,2022-02-17 07:54:28,30.5,45.0,27.5,9.7
35,2022-02-17 07:54:38,31.0,45.0,27.0,9.8
36,2022-02-17 07:54:48,31.5,45.0,26.0,9.7
37,2022-02-17 07:54:58,32.0,45.0,26.0,10.1
38,2022-02-17 07:55:08,32.5,45.0,25.5,10.2
39,2022-02-17 07:55:18,33.0,45.0,25.0,10.4
40,2022-02-17 07:55:28,33.0,45.0,24.5,10.1
41,2022-02-17 07:55:38,33.5,45.0,24.0,10.2
42,2022-02-17 07:55:48,34.0,45.0,23.5,10.3
43,2022-02-17 07:55:58,34.0,45.0,23.5,10.3
44,2022-02-17 07:56:08,34.5,45.0,23.0,10.4
45,2022-02-17 07:56:18,35.0,45.0,22.5,10.4
46,2022-02-17 07:56:28,35.0,45.0,22.5,10.4
47,2022-02-17 07:56:38,35.5,45.0,22.5,10.9
48,2022-02-17 07:56:48,35.5,45.0,22.0,10.5
49,2022-02-17 07:56:58,36.0,45.0,21.5,10.6
50,2022-02-17 07:57:08,36.0,45.0,21.5,10.6
51,2022-02-17 07:57:18,36.5,45.0,21.0,10.6
52,2022-02-17 07:57:28,36.5,45.0,21.0,10.6
53,2022-02-17 07:57:38,37.0,45.0,21.0,11.1
54,2022-02-17 07:57:48,37.0,45.0,20.5,10.7
55,2022-02-17 07:57:58,37.5,45.0,20.5,11.1
56,2022-02-17 07:58:08,37.5,45.0,20.5,11.1
57,2022-02-17 07:58:18,38.0,45.0,20.0,11.1
58,2022-02-17 07:58:28,38.0,45.0,20.0,11.1
59,2022-02-17 07:58:38,38.5,45.0,19.5,11.2
60,2022-02-17 07:58:48,38.5,45.0,19.5,11.2
61,2022-02-17 07:58:58,38.5,45.0,19.5,11.2
62,2022-02-17 07:59:08,39.0,45.0,19.5,11.6
63,2022-02-17 07:59:18,39.0,45.0,19.0,11.2
64,2022-02-17 07:59:28,39.0,45.0,19.0,11.2
65,2022-02-17 07:59:38,39.5,45.0,19.0,11.6
66,2022-02-17 07:59:48,39.5,45.0,19.0,11.6
67,2022-02-17 07:59:58,39.5,45.0,18.5,11.2
68,2022-02-17 08:00:08,39.5,45.0,18.5,11.2
69,2022-02-17 08:00:18,40.0,45.0,18.5,11.6
70,2022-02-17 08:00:28,40.0,45.0,18.5,11.6
71,2022-02-17 08:00:38,40.0,45.0,18.0,11.2
72,2022-02-17 08:00:48,40.0,45.0,18.0,11.2
73,2022-02-17 08:00:58,40.5,45.0,18.0,11.6
74,2022-02-17 08:01:08,40.5,45.0,18.0,11.6
75,2022-02-17 08:01:18,40.5,45.0,18.0,11.6
76,2022-02-17 08:01:28,40.5,45.0,18.0,11.6
77,2022-02-17 08:01:38,40.5,45.0,17.5,11.1
78,2022-02-17 08:01:48,41.0,45.0,17.5,11.5
79,2022-02-17 08:01:58,41.0,45.0,17.5,11.5
80,2022-02-17 08:02:08,41.0,45.0,17.5,11.5
81,2022-02-17 08:02:18,41.0,45.0,17.5,11.5
82,2022-02-17 08:02:28,41.0,45.0,17.5,11.5
83,2022-02-17 08:02:38,41.5,45.0,17.5,11.9
84,2022-02-17 08:02:48,41.5,45.0,17.5,11.9
85,2022-02-17 08:02:58,41.5,45.0,17.0,11.5
86,2022-02-17 08:03:08,41.5,45.0,17.0,11.5
87,2022-02-17 08:03:18,41.5,45.0,17.0,11.5
88,2022-02-17 08:03:28,41.5,45.0,17.0,11.5
89,2022-02-17 08:03:38,41.5,45.0,17.0,11.5
90,2022-02-17 08:03:48,41.5,45.0,17.0,11.5
91,2022-02-17 08:03:58,41.5,45.0,17.0,11.5
92,2022-02-17 08:04:08,42.0,45.0,17.0,11.9
93,2022-02-17 08:04:18,42.0,45.0,17.0,11.9
94,2022-02-17 08:04:28,42.0,45.0,17.0,11.9
95,2022-02-17 08:04:38,42.0,45.0,17.0,11.9
96,2022-02-17 08:04:48,42.0,45.0,17.0,11.9
97,2022-02-17 08:04:58,42.0,45.0,16.5,11.5
98,2022-02-17 08:05:08,42.0,45.0,16.5,11.5
99,2022-02-17 08:05:18,42.0,45.0,16.5,11.5
100,2022-02-17 08:05:28,42.0,45.0,16.5,11.5
101,2022-02-17 08:05:38,42.0,45.0,16.5,11.5
102,2022-02-17 08:05:48,42.0,45.0,16.5,11.5
103,2022-02-17 08:05:58,42.0,45.0,16.5,11.5
104,2022-02-17 08:06:08,42.0,45.0,16.5,11.5
105,2022-02-17 08:06:18,42.0,45.0,16.5,11.5
106,2022-02-17 08:06:28,42.0,45.0,16.5,11.5
107,2022-02-17 08:06:38,42.5,45.0,16.5,11.8
108,2022-02-17 08:06:48,42.5,45.0,17.0,12.3
109,2022-02-17 08:06:58,42.5,45.0,17.0,12.3
110,2022-02-17 08:07:08,42.5,45.0,16.5,11.8
111,2022-02-17 08:07:18,42.5,45.0,17.0,12.3
112,2022-02-17 08:07:28,42.0,45.0,16.5,11.5
113,2022-02-17 08:07:38,42.0,45.0,16.5,11.5
114,2022-02-17 08:07:48,42.0,45.0,16.5,11.5
115,2022-02-17 08:07:58,42.0,45.0,16.5,11.5
116,2022-02-17 08:08:08,42.0,45.0,16.5,11.5
117,2022-02-17 08:08:18,42.0,45.0,17.0,11.9
118,2022-02-17 08:08:28,42.0,45.0,16.5,11.5
119,2022-02-17 08:08:38,42.0,45.0,16.5,11.5
120,2022-02-17 08:08:48,42.0,45.0,16.5,11.5
121,2022-02-17 08:08:58,42.0,45.0,16.5,11.5
122,2022-02-17 08:09:08,42.0,45.0,16.5,11.5
123,2022-02-17 08:09:18,42.0,45.0,16.5,11.5
124,2022-02-17 08:09:28,42.0,45.0,16.5,11.5
125,2022-02-17 08:09:38,42.0,45.0,16.5,11.5
126,2022-02-17 08:09:48,42.0,45.0,16.5,11.5
127,2022-02-17 08:09:58,42.0,45.0,16.5,11.5
128,2022-02-17 08:10:08,42.0,45.0,16.5,11.5
129,2022-02-17 08:10:18,42.0,45.0,16.5,11.5
130,2022-02-17 08:10:28,42.0,45.0,16.5,11.5
131,2022-02-17 08:10:38,42.0,45.0,16.5,11.5
132,2022-02-17 08:10:48,42.0,45.0,17.0,11.9
133,2022-02-17 08:10:58,42.0,45.0,17.0,11.9
134,2022-02-17 08:11:08,42.0,45.0,16.5,11.5
135,2022-02-17 08:11:18,42.0,45.0,16.5,11.5
136,2022-02-17 08:11:28,42.0,45.0,16.5,11.5
137,2022-02-17 08:11:38,42.0,45.0,16.5,11.5
138,2022-02-17 08:11:48,42.0,45.0,17.0,11.9
139,2022-02-17 08:11:58,42.0,45.0,16.5,11.5
140,2022-02-17 08:12:08,42.0,45.0,16.5,11.5
141,2022-02-17 08:12:18,42.0,45.0,16.5,11.5
142,2022-02-17 08:12:28,42.0,45.0,16.5,11.5
143,2022-02-17 08:12:38,42.0,45.0,16.5,11.5
144,2022-02-17 08:12:48,42.0,45.0,16.5,11.5
145,2022-02-17 08:12:58,42.0,45.0,16.5,11.5
146,2022-02-17 08:13:08,42.0,45.0,16.5,11.5
147,2022-02-17 08:13:18,42.0,45.0,16.5,11.5
148,2022-02-17 08:13:28,42.0,45.0,16.5,11.5
149,2022-02-17 08:13:38,42.0,45.0,16.5,11.5
150,2022-02-17 08:13:48,42.0,45.0,16.5,11.5
151,2022-02-17 08:13:58,42.0,45.0,16.5,11.5
152,2022-02-17 08:14:08,42.0,45.0,16.5,11.5
153,2022-02-17 08:14:18,42.0,45.0,16.5,11.5
154,2022-02-17 08:14:28,42.0,45.0,16.5,11.5
155,2022-02-17 08:14:38,42.0,45.0,16.5,11.5
156,2022-02-17 08:14:48,42.0,45.0,16.5,11.5
157,2022-02-17 08:14:58,42.0,45.0,16.5,11.5
158,2022-02-17 08:15:08,42.0,45.0,16.5,11.5
159,2022-02-17 08:15:18,42.0,45.0,16.5,11.5
160,2022-02-17 08:15:28,42.0,45.0,16.5,11.5
161,2022-02-17 08:15:38,42.0,45.0,16.5,11.5
162,2022-02-17 08:15:48,42.0,45.0,16.5,11.5
163,2022-02-17 08:15:58,42.0,45.0,16.5,11.5
164,2022-02-17 08:16:08,42.0,45.0,16.5,11.5
165,2022-02-17 08:16:18,42.0,45.0,16.5,11.5
166,2022-02-17 08:16:28,42.0,45.0,16.5,11.5
167,2022-02-17 08:16:38,42.0,45.0,16.5,11.5
168,2022-02-17 08:16:48,42.0,45.0,16.5,11.5
169,2022-02-17 08:16:58,42.0,45.0,16.5,11.5
170,2022-02-17 08:17:08,42.0,45.0,16.5,11.5
171,2022-02-17 08:17:18,42.5,45.0,16.5,11.8
172,2022-02-17 08:17:28,42.5,45.0,16.5,11.8
173,2022-02-17 08:17:38,42.5,45.0,16.5,11.8
174,2022-02-17 08:17:48,42.5,45.0,16.5,11.8
175,2022-02-17 08:17:58,42.5,45.0,16.5,11.8
176,2022-02-17 08:18:08,42.5,45.0,16.5,11.8
177,2022-02-17 08:18:18,42.5,45.0,16.5,11.8
178,2022-02-17 08:18:28,42.5,45.0,16.5,11.8
179,2022-02-17 08:18:38,42.5,45.0,16.5,11.8
180,2022-02-17 08:18:48,42.5,45.0,16.5,11.8
181,2022-02-17 08:18:58,42.5,45.0,16.5,11.8
182,2022-02-17 08:19:08,42.5,45.0,16.5,11.8
183,2022-02-17 08:19:18,42.5,45.0,16.5,11.8
184,2022-02-17 08:19:28,42.5,45.0,16.5,11.8
185,2022-02-17 08:19:38,42.5,45.0,16.5,11.8
186,2022-02-17 08:19:48,42.5,45.0,16.5,11.8
187,2022-02-17 08:19:58,42.5,45.0,16.5,11.8
188,2022-02-17 08:20:08,42.5,45.0,16.5,11.8
189,2022-02-17 08:20:18,42.5,45.0,16.5,11.8
190,2022-02-17 08:20:28,42.5,45.0,16.5,11.8
191,2022-02-17 08:20:38,42.5,45.0,16.5,11.8
192,2022-02-17 08:20:48,42.5,45.0,16.5,11.8
193,2022-02-17 08:20:58,42.5,45.0,16.5,11.8
194,2022-02-17 08:21:08,42.5,45.0,16.5,11.8
195,2022-02-17 08:21:18,42.5,45.0,16.5,11.8
196,2022-02-17 08:21:28,42.5,45.0,16.5,11.8
197,2022-02-17 08:21:38,42.5,45.0,16.5,11.8
198,2022-02-17 08:21:48,42.5,45.0,16.5,11.8
199,2022-02-17 08:21:58,42.5,45.0,16.5,11.8
200,2022-02-17 08:22:08,42.5,45.0,16.5,11.8
201,2022-02-17 08:22:18,42.5,45.0,16.5,11.8
202,2022-02-17 08:22:28,42.5,45.0,16.5,11.8
203,2022-02-17 08:22:38,42.5,45.0,16.5,11.8
204,2022-02-17 08:22:48,42.5,45.0,16.5,11.8
205,2022-02-17 08:22:58,42.5,45.0,16.5,11.8
206,2022-02-17 08:23:08,42.5,45.0,16.5,11.8
207,2022-02-17 08:23:18,42.5,45.0,16.5,11.8
208,2022-02-17 08:23:28,42.5,45.0,16.5,11.8
209,2022-02-17 08:23:38,42.5,45.0,16.5,11.8
210,2022-02-17 08:23:48,42.5,45.0,16.5,11.8
211,2022-02-17 08:23:58,42.5,45.0,16.5,11.8
212,2022-02-17 08:24:08,42.5,45.0,16.5,11.8
213,2022-02-17 08:24:18,42.5,45.0,16.5,11.8
214,2022-02-17 08:24:28,42.5,45.0,16.5,11.8
215,2022-02-17 08:24:38,42.5,45.0,16.5,11.8
216,2022-02-17 08:24:48,42.5,45.0,16.5,11.8
217,2022-02-17 08:24:58,43.0,45.0,16.5,12.2
218,2022-02-17 08:25:08,43.0,45.0,16.5,12.2
219,2022-02-17 08:25:18,43.0,45.0,16.5,12.2
220,2022-02-17 08:25:28,43.0,45.0,16.5,12.2
221,2022-02-17 08:25:38,43.0,45.0,16.5,12.2
222,2022-02-17 08:25:48,43.0,45.0,16.5,12.2
223,2022-02-17 08:25:58,43.0,45.0,16.5,12.2
224,2022-02-17 08:26:08,43.0,45.0,16.5,12.2
225,2022-02-17 08:26:18,43.0,45.0,16.5,12.2
226,2022-02-17 08:26:28,43.0,45.0,16.5,12.2
227,2022-02-17 08:26:38,43.0,45.0,16.0,11.8
228,2022-02-17 08:26:48,43.0,45.0,16.0,11.8
229,2022-02-17 08:26:58,43.0,45.0,16.0,11.8
230,2022-02-17 08:27:08,43.0,45.0,16.0,11.8
231,2022-02-17 08:27:18,43.0,45.0,16.5,12.2
232,2022-02-17 08:27:28,43.0,45.0,16.0,11.8
233,2022-02-17 08:27:38,43.0,45.0,16.0,11.8
234,2022-02-17 08:27:48,43.0,45.0,16.0,11.8
235,2022-02-17 08:27:58,43.0,45.0,16.0,11.8
236,2022-02-17 08:28:08,43.0,45.0,16.0,11.8
237,2022-02-17 08:28:18,43.0,45.0,16.0,11.8
238,2022-02-17 08:28:28,43.0,45.0,16.0,11.8
239,2022-02-17 08:28:38,43.0,45.0,16.0,11.8
240,2022-02-17 08:28:48,43.0,45.0,16.0,11.8
241,2022-02-17 08:28:58,43.0,45.0,16.0,11.8
242,2022-02-17 08:29:08,43.0,45.0,16.0,11.8
243,2022-02-17 08:29:18,43.0,45.0,16.0,11.8
244,2022-02-17 08:29:28,43.0,45.0,16.0,11.8
245,2022-02-17 08:29:38,43.0,45.0,16.0,11.8
246,2022-02-17 08:29:48,43.0,45.0,16.0,11.8
247,2022-02-17 08:29:58,43.0,45.0,16.0,11.8
248,2022-02-17 08:30:08,43.0,45.0,16.0,11.8
249,2022-02-17 08:30:18,43.0,45.0,16.0,11.8
250,2022-02-17 08:30:28,43.0,45.0,16.0,11.8
251,2022-02-17 08:30:38,43.0,45.0,16.0,11.8
252,2022-02-17 08:30:48,43.0,45.0,16.0,11.8
253,2022-02-17 08:30:58,43.0,45.0,16.0,11.8
254,2022-02-17 08:31:08,43.0,45.0,16.0,11.8
255,2022-02-17 08:31:18,43.0,45.0,16.0,11.8
256,2022-02-17 08:31:28,43.0,45.0,16.0,11.8
257,2022-02-17 08:31:38,43.0,45.0,16.0,11.8
258,2022-02-17 08:31:48,43.0,45.0,16.0,11.8
259,2022-02-17 08:31:58,43.0,45.0,16.0,11.8
260,2022-02-17 08:32:08,43.0,45.0,16.0,11.8
261,2022-02-17 08:32:18,43.0,45.0,16.0,11.8
262,2022-02-17 08:32:28,43.0,45.0,16.0,11.8
263,2022-02-17 08:32:38,43.0,45.0,16.0,11.8
264,2022-02-17 08:32:48,43.0,45.0,16.0,11.8
265,2022-02-17 08:32:58,43.0,45.0,16.0,11.8
266,2022-02-17 08:33:08,43.0,45.0,16.0,11.8
267,2022-02-17 08:33:18,43.0,45.0,16.0,11.8
268,2022-02-17 08:33:28,43.0,45.0,16.0,11.8
269,2022-02-17 08:33:38,43.0,45.0,16.0,11.8
270,2022-02-17 08:33:48,43.0,45.0,16.0,11.8
271,2022-02-17 08:33:58,43.0,45.0,16.0,11.8
272,2022-02-17 08:34:08,43.0,45.0,16.0,11.8
273,2022-02-17 08:34:18,43.0,45.0,16.0,11.8
274,2022-02-17 08:34:28,43.0,45.0,16.0,11.8
275,2022-02-17 08:34:38,43.0,45.0,16.0,11.8
276,2022-02-17 08:34:48,43.0,45.0,16.0,11.8
277,2022-02-17 08:34:58,43.0,45.0,16.0,11.8
278,2022-02-17 08:35:08,43.0,45.0,16.0,11.8
279,2022-02-17 08:35:18,43.0,45.0,16.0,11.8
280,2022-02-17 08:35:28,43.0,45.0,16.0,11.8
281,2022-02-17 08:35:38,43.0,45.0,16.5,12.2
282,2022-02-17 08:35:48,43.0,45.0,16.0,11.8
283,2022-02-17 08:35:58,43.0,45.0,16.0,11.8
284,2022-02-17 08:36:08,43.0,45.0,16.0,11.8
285,2022-02-17 08:36:18,43.0,45.0,16.0,11.8
286,2022-02-17 08:36:28,43.0,45.0,16.5,12.2
287,2022-02-17 08:36:38,43.0,45.0,16.5,12.2
288,2022-02-17 08:36:48,43.0,45.0,16.0,11.8
289,2022-02-17 08:36:58,42.5,45.0,16.0,11.4
290,2022-02-17 08:37:08,42.5,45.0,16.5,11.8
291,2022-02-17 08:37:18,42.5,45.0,16.5,11.8
292,2022-02-17 08:37:28,42.5,45.0,16.5,11.8
293,2022-02-17 08:37:38,42.5,45.0,16.5,11.8
294,2022-02-17 08:37:48,42.5,45.0,16.5,11.8
295,2022-02-17 08:37:58,42.5,45.0,16.5,11.8
296,2022-02-17 08:38:08,42.5,45.0,16.5,11.8
297,2022-02-17 08:38:18,42.5,45.0,16.5,11.8
298,2022-02-17 08:38:28,42.5,45.0,16.5,11.8
299,2022-02-17 08:38:38,42.5,45.0,16.5,11.8
300,2022-02-17 08:38:48,42.5,45.0,16.5,11.8
301,2022-02-17 08:38:58,42.5,45.0,16.5,11.8
302,2022-02-17 08:39:08,42.5,45.0,16.5,11.8
303,2022-02-17 08:39:18,42.5,45.0,16.5,11.8
304,2022-02-17 08:39:28,42.5,45.0,16.5,11.8
305,2022-02-17 08:39:38,42.5,45.0,16.5,11.8
306,2022-02-17 08:39:48,42.5,45.0,16.5,11.8
307,2022-02-17 08:39:58,42.5,45.0,16.5,11.8
308,2022-02-17 08:40:08,42.5,45.0,16.5,11.8
309,2022-02-17 08:40:18,42.5,45.0,16.5,11.8
310,2022-02-17 08:40:28,42.5,45.0,16.5,11.8
311,2022-02-17 08:40:38,42.5,45.0,16.5,11.8
312,2022-02-17 08:40:48,42.5,45.0,16.5,11.8
313,2022-02-17 08:40:58,42.5,45.0,16.5,11.8
314,2022-02-17 08:41:08,42.5,45.0,16.5,11.8
315,2022-02-17 08:41:18,42.5,45.0,16.5,11.8
316,2022-02-17 08:41:28,42.5,45.0,16.5,11.8
317,2022-02-17 08:41:38,42.5,45.0,16.5,11.8
318,2022-02-17 08:41:48,42.5,45.0,16.5,11.8
319,2022-02-17 08:41:58,42.5,45.0,16.5,11.8
320,2022-02-17 08:42:08,42.5,45.0,16.5,11.8
321,2022-02-17 08:42:18,42.5,45.0,16.5,11.8
322,2022-02-17 08:42:28,42.5,45.0,16.5,11.8
323,2022-02-17 08:42:38,42.5,45.0,16.5,11.8
324,2022-02-17 08:42:48,42.5,45.0,16.5,11.8
325,2022-02-17 08:42:58,42.5,45.0,16.5,11.8
326,2022-02-17 08:43:08,42.5,45.0,16.5,11.8
327,2022-02-17 08:43:18,42.5,45.0,16.5,11.8
328,2022-02-17 08:43:28,42.5,45.0,16.5,11.8
329,2022-02-17 08:43:38,42.5,45.0,16.5,11.8
330,2022-02-17 08:43:48,42.5,45.0,16.5,11.8
331,2022-02-17 08:43:58,42.5,45.0,16.5,11.8
332,2022-02-17 08:44:08,42.5,45.0,16.5,11.8
333,2022-02-17 08:44:18,42.5,45.0,16.5,11.8
334,2022-02-17 08:44:28,42.5,45.0,16.5,11.8
335,2022-02-17 08:44:38,42.5,45.0,16.5,11.8
336,2022-02-17 08:44:48,42.5,45.0,16.5,11.8
337,2022-02-17 08:44:58,42.5,45.0,16.5,11.8
338,2022-02-17 08:45:08,42.5,45.0,16.5,11.8
339,2022-02-17 08:45:18,42.5,45.0,16.5,11.8
340,2022-02-17 08:45:28,42.5,45.0,16.5,11.8
341,2022-02-17 08:45:38,42.5,45.0,16.5,11.8
342,2022-02-17 08:45:48,42.5,45.0,16.5,11.8
343,2022-02-17 08:45:58,42.5,45.0,16.5,11.8
344,2022-02-17 08:46:08,42.5,45.0,16.5,11.8
345,2022-02-17 08:46:18,42.5,45.0,16.5,11.8
346,2022-02-17 08:46:28,42.5,45.0,16.5,11.8
347,2022-02-17 08:46:38,42.5,45.0,16.5,11.8
348,2022-02-17 08:46:48,42.5,45.0,16.5,11.8
349,2022-02-17 08:46:58,42.5,45.0,16.5,11.8
350,2022-02-17 08:47:08,42.5,45.0,16.5,11.8
351,2022-02-17 08:47:18,42.5,45.0,16.5,11.8
352,2022-02-17 08:47:28,42.5,45.0,16.5,11.8
353,2022-02-17 08:47:38,42.5,45.0,16.5,11.8
354,2022-02-17 08:47:48,42.5,45.0,16.5,11.8
355,2022-02-17 08:47:58,42.5,45.0,16.5,11.8
356,2022-02-17 08:48:08,42.5,45.0,16.5,11.8
357,2022-02-17 08:48:18,42.5,45.0,16.5,11.8
358,2022-02-17 08:48:28,42.5,45.0,16.5,11.8
359,2022-02-17 08:48:38,42.5,45.0,16.5,11.8
360,2022-02-17 08:48:48,42.5,45.0,16.5,11.8
361,2022-02-17 08:48:58,42.5,45.0,16.5,11.8
362,2022-02-17 08:49:08,42.5,45.0,16.5,11.8
363,2022-02-17 08:49:18,42.5,45.0,16.5,11.8
364,2022-02-17 08:49:28,42.5,45.0,16.5,11.8
365,2022-02-17 08:49:38,42.5,45.0,16.5,11.8
366,2022-02-17 08:49:48,42.5,45.0,16.5,11.8
367,2022-02-17 08:49:58,42.5,45.0,16.5,11.8
368,2022-02-17 08:50:08,42.5,45.0,16.5,11.8
369,2022-02-17 08:50:18,42.5,45.0,16.5,11.8
370,2022-02-17 08:50:28,42.5,45.0,16.5,11.8
371,2022-02-17 08:50:38,42.5,45.0,16.5,11.8
372,2022-02-17 08:50:48,42.5,45.0,16.5,11.8
373,2022-02-17 08:50:58,42.5,45.0,16.5,11.8
374,2022-02-17 08:51:08,42.5,45.0,16.5,11.8
375,2022-02-17 08:51:18,42.5,45.0,16.5,11.8
376,2022-02-17 08:51:28,42.5,45.0,16.5,11.8
377,2022-02-17 08:51:38,42.5,45.0,16.5,11.8
378,2022-02-17 08:51:48,42.5,45.0,16.5,11.8
379,2022-02-17 08:51:58,42.5,45.0,16.5,11.8
380,2022-02-17 08:52:08,42.5,45.0,16.5,11.8
381,2022-02-17 08:52:18,42.5,45.0,16.5,11.8
382,2022-02-17 08:52:28,42.5,45.0,16.5,11.8
383,2022-02-17 08:52:38,42.5,45.0,16.5,11.8
384,2022-02-17 08:52:48,42.5,45.0,16.5,11.8
385,2022-02-17 08:52:58,42.5,45.0,16.5,11.8
386,2022-02-17 08:53:08,42.5,45.0,16.5,11.8
387,2022-02-17 08:53:18,42.5,45.0,16.5,11.8
388,2022-02-17 08:53:28,42.5,45.0,16.5,11.8
389,2022-02-17 08:53:38,42.5,45.0,16.5,11.8
390,2022-02-17 08:53:48,42.5,45.0,16.5,11.8
391,2022-02-17 08:53:58,42.5,45.0,16.5,11.8
392,2022-02-17 08:54:08,42.5,45.0,16.5,11.8
393,2022-02-17 08:54:18,42.5,45.0,16.0,11.4
394,2022-02-17 08:54:28,42.5,45.0,16.5,11.8
395,2022-02-17 08:54:38,42.5,45.0,16.0,11.4
396,2022-02-17 08:54:48,42.5,45.0,16.0,11.4
397,2022-02-17 08:54:58,42.5,45.0,16.0,11.4
398,2022-02-17 08:55:08,42.5,45.0,16.0,11.4
399,2022-02-17 08:55:18,42.5,45.0,16.0,11.4
400,2022-02-17 08:55:28,42.5,45.0,16.0,11.4
401,2022-02-17 08:55:38,42.5,45.0,16.0,11.4
402,2022-02-17 08:55:48,42.5,45.0,16.0,11.4
403,2022-02-17 08:55:58,42.5,45.0,16.0,11.4
404,2022-02-17 08:56:08,42.5,45.0,16.0,11.4
405,2022-02-17 08:56:18,42.5,45.0,16.0,11.4
406,2022-02-17 08:56:28,42.5,45.0,16.0,11.4
407,2022-02-17 08:56:38,42.5,45.0,16.0,11.4
408,2022-02-17 08:56:48,42.5,45.0,16.0,11.4
409,2022-02-17 08:56:58,42.5,45.0,16.0,11.4
410,2022-02-17 08:57:08,42.5,45.0,16.0,11.4
411,2022-02-17 08:57:18,42.5,45.0,16.0,11.4
412,2022-02-17 08:57:28,42.5,45.0,16.0,11.4
413,2022-02-17 08:57:38,42.5,45.0,16.0,11.4
414,2022-02-17 08:57:48,42.5,45.0,16.0,11.4
415,2022-02-17 08:57:58,42.5,45.0,16.0,11.4
416,2022-02-17 08:58:08,42.5,45.0,16.0,11.4
417,2022-02-17 08:58:18,42.5,45.0,16.0,11.4
418,2022-02-17 08:58:28,42.5,45.0,16.0,11.4
419,2022-02-17 08:58:38,42.5,45.0,16.0,11.4
420,2022-02-17 08:58:48,42.5,45.0,16.0,11.4
421,2022-02-17 08:58:58,42.5,45.0,16.0,11.4
422,2022-02-17 08:59:08,42.5,45.0,16.0,11.4
423,2022-02-17 08:59:18,42.5,45.0,16.0,11.4
424,2022-02-17 08:59:28,42.5,45.0,16.0,11.4
425,2022-02-17 08:59:38,42.5,45.0,16.0,11.4
426,2022-02-17 08:59:48,42.5,45.0,16.0,11.4
427,2022-02-17 08:59:58,42.5,45.0,16.0,11.4
428,2022-02-17 09:00:08,42.5,45.0,16.0,11.4
429,2022-02-17 09:00:18,42.5,45.0,16.0,11.4
430,2022-02-17 09:00:28,42.5,45.0,16.0,11.4
431,2022-02-17 09:00:38,42.5,45.0,16.0,11.4
432,2022-02-17 09:00:48,42.5,45.0,16.0,11.4
433,2022-02-17 09:00:58,42.5,45.0,16.0,11.4
434,2022-02-17 09:01:08,42.5,45.0,16.0,11.4
435,2022-02-17 09:01:18,42.5,45.0,16.5,11.8
436,2022-02-17 09:01:28,42.5,45.0,16.0,11.4
437,2022-02-17 09:01:38,42.5,45.0,16.5,11.8
438,2022-02-17 09:01:48,42.5,45.0,16.5,11.8
439,2022-02-17 09:01:58,42.5,45.0,16.5,11.8
440,2022-02-17 09:02:08,42.5,45.0,16.5,11.8
441,2022-02-17 09:02:18,42.5,45.0,16.5,11.8
442,2022-02-17 09:02:28,42.5,45.0,16.5,11.8
443,2022-02-17 09:02:38,42.5,45.0,16.5,11.8
444,2022-02-17 09:02:48,42.5,45.0,16.5,11.8
445,2022-02-17 09:02:58,42.5,45.0,16.5,11.8
446,2022-02-17 09:03:08,42.5,45.0,16.5,11.8
447,2022-02-17 09:03:18,42.5,45.0,16.5,11.8
448,2022-02-17 09:03:28,42.5,45.0,16.5,11.8
449,2022-02-17 09:03:38,42.5,45.0,16.5,11.8
450,2022-02-17 09:03:48,42.5,45.0,16.5,11.8
451,2022-02-17 09:03:58,42.5,45.0,16.5,11.8
452,2022-02-17 09:04:08,42.5,45.0,16.5,11.8
453,2022-02-17 09:04:18,42.5,45.0,16.5,11.8
454,2022-02-17 09:04:28,42.5,45.0,16.5,11.8
455,2022-02-17 09:04:38,42.5,45.0,16.5,11.8
456,2022-02-17 09:04:48,42.5,45.0,16.5,11.8
457,2022-02-17 09:04:58,42.5,45.0,16.5,11.8
458,2022-02-17 09:05:08,42.5,45.0,16.5,11.8
459,2022-02-17 09:05:18,42.5,45.0,16.5,11.8
460,2022-02-17 09:05:28,42.5,45.0,16.5,11.8
461,2022-02-17 09:05:38,42.5,45.0,16.5,11.8
462,2022-02-17 09:05:48,42.5,45.0,16.0,11.4
463,2022-02-17 09:05:58,42.5,45.0,16.0,11.4
464,2022-02-17 09:06:08,42.5,45.0,16.5,11.8
465,2022-02-17 09:06:18,42.5,45.0,16.0,11.4
466,2022-02-17 09:06:28,42.5,45.0,16.0,11.4
467,2022-02-17 09:06:38,42.5,45.0,16.0,11.4
468,2022-02-17 09:06:48,42.5,45.0,16.5,11.8
469,2022-02-17 09:06:58,42.5,45.0,16.5,11.8
470,2022-02-17 09:07:08,42.5,45.0,16.0,11.4
471,2022-02-17 09:07:18,42.5,45.0,16.0,11.4
472,2022-02-17 09:07:28,42.5,45.0,16.0,11.4
473,2022-02-17 09:07:38,42.5,45.0,16.0,11.4
474,2022-02-17 09:07:48,42.5,45.0,16.5,11.8
475,2022-02-17 09:07:58,42.5,45.0,16.0,11.4
476,2022-02-17 09:08:08,42.5,45.0,16.5,11.8
477,2022-02-17 09:08:18,42.5,45.0,16.5,11.8
478,2022-02-17 09:08:28,42.5,45.0,16.5,11.8
479,2022-02-17 09:08:38,42.5,45.0,16.5,11.8
480,2022-02-17 09:08:48,42.5,45.0,16.0,11.4
481,2022-02-17 09:08:58,42.5,45.0,16.5,11.8
482,2022-02-17 09:09:08,42.5,45.0,16.5,11.8
483,2022-02-17 09:09:18,42.5,45.0,16.0,11.4
484,2022-02-17 09:09:28,42.5,45.0,16.5,11.8
485,2022-02-17 09:09:38,42.5,45.0,16.5,11.8
486,2022-02-17 09:09:48,42.5,45.0,16.5,11.8
487,2022-02-17 09:09:58,42.5,45.0,16.5,11.8
488,2022-02-17 09:10:08,42.5,45.0,16.5,11.8
489,2022-02-17 09:10:18,42.5,45.0,16.5,11.8
490,2022-02-17 09:10:28,42.5,45.0,16.5,11.8
491,2022-02-17 09:10:38,42.5,45.0,16.5,11.8
492,2022-02-17 09:10:48,42.5,45.0,16.5,11.8
493,2022-02-17 09:10:58,42.5,45.0,16.5,11.8
494,2022-02-17 09:11:08,42.5,45.0,16.5,11.8
495,2022-02-17 09:11:18,42.5,45.0,16.5,11.8
496,2022-02-17 09:11:28,42.5,45.0,16.5,11.8
497,2022-02-17 09:11:38,42.5,45.0,16.5,11.8
498,2022-02-17 09:11:48,42.5,45.0,16.5,11.8
499,2022-02-17 09:11:58,42.5,45.0,16.5,11.8
500,2022-02-17 09:12:08,42.5,45.0,16.5,11.8
501,2022-02-17 09:12:18,42.5,45.0,16.5,11.8
502,2022-02-17 09:12:28,42.5,45.0,16.5,11.8
503,2022-02-17 09:12:38,42.5,45.0,16.5,11.8
504,2022-02-17 09:12:48,42.5,45.0,16.5,11.8
505,2022-02-17 09:12:58,42.5,45.0,16.5,11.8
506,2022-02-17 09:13:08,42.5,45.0,16.5,11.8
507,2022-02-17 09:13:18,42.5,45.0,16.5,11.8
508,2022-02-17 09:13:28,42.5,45.0,16.5,11.8
509,2022-02-17 09:13:38,42.5,45.0,16.5,11.8
510,2022-02-17 09:13:48,42.5,45.0,16.5,11.8
511,2022-02-17 09:13:58,42.5,45.0,16.5,11.8
512,2022-02-17 09:14:08,42.5,45.0,16.5,11.8
513,2022-02-17 09:14:18,42.5,45.0,16.5,11.8
514,2022-02-17 09:14:28,42.5,45.0,16.5,11.8
515,2022-02-17 09:14:38,42.5,45.0,16.5,11.8
516,2022-02-17 09:14:48,42.5,45.0,16.5,11.8
517,2022-02-17 09:14:58,42.5,45.0,16.5,11.8
518,2022-02-17 09:15:08,42.5,45.0,16.5,11.8
519,2022-02-17 09:15:18,42.5,45.0,16.5,11.8
520,2022-02-17 09:15:28,42.0,45.0,16.5,11.5
521,2022-02-17 09:15:38,42.0,45.0,16.5,11.5
522,2022-02-17 09:15:48,42.0,45.0,16.5,11.5
523,2022-02-17 09:15:58,42.0,45.0,16.5,11.5
524,2022-02-17 09:16:08,42.0,45.0,16.5,11.5
525,2022-02-17 09:16:18,42.0,45.0,16.5,11.5
526,2022-02-17 09:16:28,42.0,45.0,16.5,11.5
527,2022-02-17 09:16:38,42.0,45.0,16.5,11.5
528,2022-02-17 09:16:48,41.5,45.0,16.5,11.1
529,2022-02-17 09:16:58,41.5,45.0,16.5,11.1
530,2022-02-17 09:17:08,41.5,45.0,16.5,11.1
531,2022-02-17 09:17:18,41.5,45.0,16.5,11.1
532,2022-02-17 09:17:28,41.5,45.0,17.0,11.5
533,2022-02-17 09:17:38,41.5,45.0,17.0,11.5
534,2022-02-17 09:17:48,41.0,45.0,17.0,11.1
535,2022-02-17 09:17:58,41.0,45.0,17.0,11.1
536,2022-02-17 09:18:08,41.0,45.0,17.0,11.1
537,2022-02-17 09:18:18,41.0,45.0,17.0,11.1
538,2022-02-17 09:18:28,41.0,45.0,17.0,11.1
539,2022-02-17 09:18:38,40.5,45.0,17.0,10.7
540,2022-02-17 09:18:48,40.5,45.0,17.5,11.1
541,2022-02-17 09:18:58,40.5,45.0,17.5,11.1
542,2022-02-17 09:19:08,40.5,45.0,17.5,11.1
543,2022-02-17 09:19:18,40.5,45.0,17.5,11.1
544,2022-02-17 09:19:28,40.0,45.0,17.5,10.7
545,2022-02-17 09:19:38,40.0,45.0,17.5,10.7
546,2022-02-17 09:19:48,40.0,45.0,17.5,10.7
547,2022-02-17 09:19:58,40.0,45.0,17.5,10.7
548,2022-02-17 09:20:08,40.0,45.0,17.5,10.7
549,2022-02-17 09:20:18,40.0,45.0,18.0,11.2
550,2022-02-17 09:20:28,39.5,45.0,18.0,10.8
551,2022-02-17 09:20:38,39.5,45.0,18.0,10.8
552,2022-02-17 09:20:48,39.5,45.0,18.0,10.8
553,2022-02-17 09:20:58,39.5,45.0,18.0,10.8
554,2022-02-17 09:21:08,39.5,45.0,18.0,10.8
555,2022-02-17 09:21:18,39.0,45.0,18.0,10.4
556,2022-02-17 09:21:28,39.0,45.0,18.5,10.8
557,2022-02-17 09:21:38,39.0,45.0,18.5,10.8
558,2022-02-17 09:21:48,39.0,45.0,18.5,10.8
559,2022-02-17 09:21:58,39.0,45.0,18.5,10.8
560,2022-02-17 09:22:08,39.0,45.0,18.5,10.8
561,2022-02-17 09:22:18,38.5,45.0,18.5,10.4
562,2022-02-17 09:22:28,38.5,45.0,18.5,10.4
563,2022-02-17 09:22:38,38.5,45.0,18.5,10.4
564,2022-02-17 09:22:48,38.5,45.0,18.5,10.4
565,2022-02-17 09:22:58,38.5,45.0,19.0,10.8
566,2022-02-17 09:23:08,38.0,45.0,19.0,10.4
567,2022-02-17 09:23:18,38.0,45.0,19.0,10.4
568,2022-02-17 09:23:28,38.0,45.0,19.0,10.4
569,2022-02-17 09:23:38,38.0,45.0,19.0,10.4
570,2022-02-17 09:23:48,38.0,45.0,19.0,10.4
571,2022-02-17 09:23:58,38.0,45.0,19.0,10.4
572,2022-02-17 09:24:08,37.5,45.0,19.0,10.0
573,2022-02-17 09:24:18,37.5,45.0,19.5,10.4
574,2022-02-17 09:24:28,37.5,45.0,19.5,10.4
575,2022-02-17 09:24:38,37.5,45.0,19.5,10.4
576,2022-02-17 09:24:48,37.5,45.0,19.5,10.4
577,2022-02-17 09:24:58,37.5,45.0,19.5,10.4
578,2022-02-17 09:25:08,37.5,45.0,19.5,10.4
579,2022-02-17 09:25:18,37.0,45.0,19.5,9.9
580,2022-02-17 09:25:28,37.0,45.0,19.5,9.9
581,2022-02-17 09:25:38,37.0,45.0,19.5,9.9
582,2022-02-17 09:25:48,37.0,45.0,19.5,9.9
583,2022-02-17 09:25:58,37.0,45.0,20.0,10.3
584,2022-02-17 09:26:08,37.0,45.0,20.0,10.3
585,2022-02-17 09:26:18,36.5,45.0,20.0,9.9
586,2022-02-17 09:26:28,36.5,45.0,20.0,9.9
587,2022-02-17 09:26:38,36.5,45.0,20.0,9.9
588,2022-02-17 09:26:48,36.5,45.0,20.0,9.9
589,2022-02-17 09:26:58,36.5,45.0,20.0,9.9
590,2022-02-17 09:27:08,36.5,45.0,20.0,9.9
591,2022-02-17 09:27:18,36.5,45.0,20.0,9.9
592,2022-02-17 09:27:28,36.0,45.0,20.5,9.9
593,2022-02-17 09:27:38,36.0,45.0,20.5,9.9
594,2022-02-17 09:27:48,36.0,45.0,20.5,9.9
595,2022-02-17 09:27:58,36.0,45.0,20.5,9.9
596,2022-02-17 09:28:08,36.0,45.0,20.5,9.9
597,2022-02-17 09:28:18,36.0,45.0,20.5,9.9
598,2022-02-17 09:28:28,36.0,45.0,20.5,9.9
599,2022-02-17 09:28:38,36.0,45.0,20.5,9.9
600,2022-02-17 09:28:48,36.0,45.0,20.5,9.9
601,2022-02-17 09:28:58,35.5,45.0,21.0,9.8
602,2022-02-17 09:29:08,35.5,45.0,21.0,9.8
603,2022-02-17 09:29:18,35.5,45.0,21.0,9.8
604,2022-02-17 09:29:28,35.5,45.0,21.0,9.8
605,2022-02-17 09:29:38,35.5,45.0,21.0,9.8
606,2022-02-17 09:29:48,35.5,45.0,21.0,9.8
607,2022-02-17 09:29:58,35.5,45.0,21.0,9.8
608,2022-02-17 09:30:08,35.5,45.0,21.0,9.8
609,2022-02-17 09:30:18,35.0,45.0,21.0,9.4
610,2022-02-17 09:30:28,35.0,45.0,21.0,9.4
611,2022-02-17 09:30:38,35.0,45.0,21.5,9.8
612,2022-02-17 09:30:48,35.0,45.0,21.5,9.8
613,2022-02-17 09:30:58,35.0,45.0,21.5,9.8
614,2022-02-17 09:31:08,35.0,45.0,21.5,9.8
615,2022-02-17 09:31:18,35.0,45.0,21.5,9.8
616,2022-02-17 09:31:28,35.0,45.0,21.5,9.8
617,2022-02-17 09:31:38,35.0,45.0,21.5,9.8
618,2022-02-17 09:31:48,34.5,45.0,21.5,9.4
619,2022-02-17 09:31:58,34.5,45.0,21.5,9.4
620,2022-02-17 09:32:08,34.5,45.0,22.0,9.7
621,2022-02-17 09:32:18,34.5,45.0,22.0,9.7
622,2022-02-17 09:32:28,34.5,45.0,22.0,9.7
623,2022-02-17 09:32:38,34.5,45.0,22.0,9.7
624,2022-02-17 09:32:48,34.5,45.0,22.0,9.7
625,2022-02-17 09:32:58,34.5,45.0,22.0,9.7
626,2022-02-17 09:33:08,34.5,45.0,22.0,9.7
627,2022-02-17 09:33:18,34.5,45.0,22.0,9.7
628,2022-02-17 09:33:28,34.0,45.0,22.0,9.3
629,2022-02-17 09:33:38,34.0,45.0,22.0,9.3
630,2022-02-17 09:33:48,34.0,45.0,22.0,9.3
631,2022-02-17 09:33:58,34.0,45.0,22.0,9.3
632,2022-02-17 09:34:08,34.0,45.0,22.5,9.6
633,2022-02-17 09:34:18,34.0,45.0,23.5,10.3
634,2022-02-17 09:34:28,34.0,45.0,22.5,9.6
635,2022-02-17 09:34:38,34.0,45.0,27.5,12.6
