HSPi_6_01_28_22,Time,Celsius(°C),High Alarm,Humidity(%rh),Dew Point(°C),Serial Number
1,2022-01-28 08:00:26,24.0,44.5,23.0,1.6,010126936
2,2022-01-28 08:00:36,24.0,44.5,23.0,1.6
3,2022-01-28 08:00:46,24.0,44.5,24.5,2.5
4,2022-01-28 08:00:56,24.0,44.5,31.0,5.8
5,2022-01-28 08:01:06,24.0,44.5,27.5,4.1
6,2022-01-28 08:01:16,24.5,44.5,24.5,2.9
7,2022-01-28 08:01:26,24.5,44.5,23.0,2.0
8,2022-01-28 08:01:36,24.5,44.5,24.5,2.9
9,2022-01-28 08:01:46,24.5,44.5,24.0,2.6
10,2022-01-28 08:01:56,24.5,44.5,24.5,2.9
11,2022-01-28 08:02:06,24.5,44.5,23.0,2.0
12,2022-01-28 08:02:16,24.5,44.5,23.0,2.0
13,2022-01-28 08:02:26,24.5,44.5,22.5,1.7
14,2022-01-28 08:02:36,24.5,44.5,23.0,2.0
15,2022-01-28 08:02:46,24.5,44.5,22.5,1.7
16,2022-01-28 08:02:56,24.5,44.5,22.5,1.7
17,2022-01-28 08:03:06,24.5,44.5,22.5,1.7
18,2022-01-28 08:03:16,24.5,44.5,22.0,1.4
19,2022-01-28 08:03:26,24.5,44.5,22.0,1.4
20,2022-01-28 08:03:36,24.5,44.5,22.0,1.4
21,2022-01-28 08:03:46,24.5,44.5,22.0,1.4
22,2022-01-28 08:03:56,24.5,44.5,22.0,1.4
23,2022-01-28 08:04:06,24.5,44.5,22.0,1.4
24,2022-01-28 08:04:16,24.5,44.5,22.5,1.7
25,2022-01-28 08:04:26,24.5,44.5,22.0,1.4
26,2022-01-28 08:04:36,24.5,44.5,22.5,1.7
27,2022-01-28 08:04:46,24.5,44.5,22.5,1.7
28,2022-01-28 08:04:56,24.5,44.5,23.0,2.0
29,2022-01-28 08:05:06,24.5,44.5,22.5,1.7
30,2022-01-28 08:05:16,24.5,44.5,22.0,1.4
31,2022-01-28 08:05:26,24.5,44.5,22.0,1.4
32,2022-01-28 08:05:36,24.5,44.5,22.0,1.4
33,2022-01-28 08:05:46,24.5,44.5,22.0,1.4
34,2022-01-28 08:05:56,24.5,44.5,22.0,1.4
35,2022-01-28 08:06:06,24.5,44.5,22.5,1.7
36,2022-01-28 08:06:16,24.5,44.5,22.5,1.7
37,2022-01-28 08:06:26,24.5,44.5,24.5,2.9
38,2022-01-28 08:06:36,24.5,44.5,23.5,2.3
39,2022-01-28 08:06:46,24.5,44.5,23.0,2.0
40,2022-01-28 08:06:56,24.5,44.5,22.5,1.7
41,2022-01-28 08:07:06,24.5,44.5,22.5,1.7
42,2022-01-28 08:07:16,24.5,44.5,22.5,1.7
43,2022-01-28 08:07:26,24.5,44.5,22.5,1.7
44,2022-01-28 08:07:36,24.5,44.5,22.5,1.7
45,2022-01-28 08:07:46,24.5,44.5,22.5,1.7
46,2022-01-28 08:07:56,24.5,44.5,22.5,1.7
47,2022-01-28 08:08:06,24.5,44.5,22.5,1.7
48,2022-01-28 08:08:16,24.5,44.5,22.0,1.4
49,2022-01-28 08:08:26,24.5,44.5,22.0,1.4
50,2022-01-28 08:08:36,24.5,44.5,22.0,1.4
51,2022-01-28 08:08:46,24.5,44.5,22.0,1.4
52,2022-01-28 08:08:56,24.5,44.5,22.0,1.4
53,2022-01-28 08:09:06,24.5,44.5,22.0,1.4
54,2022-01-28 08:09:16,24.5,44.5,22.0,1.4
55,2022-01-28 08:09:26,24.5,44.5,22.0,1.4
56,2022-01-28 08:09:36,24.5,44.5,22.0,1.4
57,2022-01-28 08:09:46,24.5,44.5,22.0,1.4
58,2022-01-28 08:09:56,24.5,44.5,22.0,1.4
59,2022-01-28 08:10:06,24.5,44.5,22.0,1.4
60,2022-01-28 08:10:16,24.5,44.5,22.0,1.4
61,2022-01-28 08:10:26,24.5,44.5,22.0,1.4
62,2022-01-28 08:10:36,24.5,44.5,22.0,1.4
63,2022-01-28 08:10:46,24.5,44.5,22.0,1.4
64,2022-01-28 08:10:56,24.5,44.5,22.0,1.4
65,2022-01-28 08:11:06,24.5,44.5,22.0,1.4
66,2022-01-28 08:11:16,24.5,44.5,22.0,1.4
67,2022-01-28 08:11:26,24.5,44.5,22.0,1.4
68,2022-01-28 08:11:36,24.5,44.5,22.0,1.4
69,2022-01-28 08:11:46,24.5,44.5,22.0,1.4
70,2022-01-28 08:11:56,24.5,44.5,22.0,1.4
71,2022-01-28 08:12:06,24.5,44.5,22.0,1.4
72,2022-01-28 08:12:16,24.5,44.5,22.0,1.4
73,2022-01-28 08:12:26,24.5,44.5,22.0,1.4
74,2022-01-28 08:12:36,24.5,44.5,22.0,1.4
75,2022-01-28 08:12:46,24.5,44.5,22.0,1.4
76,2022-01-28 08:12:56,24.5,44.5,22.0,1.4
77,2022-01-28 08:13:06,24.5,44.5,22.0,1.4
78,2022-01-28 08:13:16,24.5,44.5,22.0,1.4
79,2022-01-28 08:13:26,24.5,44.5,22.0,1.4
80,2022-01-28 08:13:36,24.5,44.5,22.0,1.4
81,2022-01-28 08:13:46,24.5,44.5,22.0,1.4
82,2022-01-28 08:13:56,24.5,44.5,22.0,1.4
83,2022-01-28 08:14:06,24.5,44.5,22.0,1.4
84,2022-01-28 08:14:16,24.5,44.5,22.0,1.4
85,2022-01-28 08:14:26,24.5,44.5,22.0,1.4
86,2022-01-28 08:14:36,24.5,44.5,22.0,1.4
87,2022-01-28 08:14:46,24.5,44.5,22.0,1.4
88,2022-01-28 08:14:56,24.5,44.5,22.0,1.4
89,2022-01-28 08:15:06,24.5,44.5,22.0,1.4
90,2022-01-28 08:15:16,24.5,44.5,22.0,1.4
91,2022-01-28 08:15:26,24.5,44.5,22.0,1.4
92,2022-01-28 08:15:36,24.5,44.5,22.0,1.4
93,2022-01-28 08:15:46,24.5,44.5,22.0,1.4
94,2022-01-28 08:15:56,24.5,44.5,22.0,1.4
95,2022-01-28 08:16:06,24.5,44.5,22.0,1.4
96,2022-01-28 08:16:16,24.5,44.5,22.0,1.4
97,2022-01-28 08:16:26,24.5,44.5,22.0,1.4
98,2022-01-28 08:16:36,24.5,44.5,22.0,1.4
99,2022-01-28 08:16:46,24.5,44.5,22.0,1.4
100,2022-01-28 08:16:56,24.5,44.5,22.0,1.4
101,2022-01-28 08:17:06,24.5,44.5,22.5,1.7
102,2022-01-28 08:17:16,24.5,44.5,22.5,1.7
103,2022-01-28 08:17:26,24.5,44.5,22.0,1.4
104,2022-01-28 08:17:36,24.5,44.5,22.0,1.4
105,2022-01-28 08:17:46,24.5,44.5,22.0,1.4
106,2022-01-28 08:17:56,24.5,44.5,22.0,1.4
107,2022-01-28 08:18:06,24.5,44.5,22.0,1.4
108,2022-01-28 08:18:16,24.5,44.5,22.0,1.4
109,2022-01-28 08:18:26,25.0,44.5,22.0,1.8
110,2022-01-28 08:18:36,25.0,44.5,22.0,1.8
111,2022-01-28 08:18:46,25.0,44.5,22.0,1.8
112,2022-01-28 08:18:56,25.0,44.5,22.0,1.8
113,2022-01-28 08:19:06,25.0,44.5,22.0,1.8
114,2022-01-28 08:19:16,25.0,44.5,21.5,1.5
115,2022-01-28 08:19:26,25.0,44.5,21.5,1.5
116,2022-01-28 08:19:36,25.0,44.5,21.5,1.5
117,2022-01-28 08:19:46,25.0,44.5,21.5,1.5
118,2022-01-28 08:19:56,25.0,44.5,21.5,1.5
119,2022-01-28 08:20:06,25.0,44.5,21.5,1.5
120,2022-01-28 08:20:16,25.0,44.5,21.5,1.5
121,2022-01-28 08:20:26,25.0,44.5,21.5,1.5
122,2022-01-28 08:20:36,25.0,44.5,21.5,1.5
123,2022-01-28 08:20:46,25.0,44.5,21.5,1.5
124,2022-01-28 08:20:56,25.0,44.5,21.5,1.5
125,2022-01-28 08:21:06,25.0,44.5,21.5,1.5
126,2022-01-28 08:21:16,25.0,44.5,21.5,1.5
127,2022-01-28 08:21:26,25.0,44.5,21.5,1.5
128,2022-01-28 08:21:36,25.0,44.5,21.5,1.5
129,2022-01-28 08:21:46,25.0,44.5,21.5,1.5
130,2022-01-28 08:21:56,25.0,44.5,21.5,1.5
131,2022-01-28 08:22:06,25.0,44.5,21.5,1.5
132,2022-01-28 08:22:16,25.0,44.5,21.5,1.5
133,2022-01-28 08:22:26,25.0,44.5,21.5,1.5
134,2022-01-28 08:22:36,25.0,44.5,21.5,1.5
135,2022-01-28 08:22:46,25.0,44.5,21.5,1.5
136,2022-01-28 08:22:56,25.0,44.5,21.5,1.5
137,2022-01-28 08:23:06,25.0,44.5,21.5,1.5
138,2022-01-28 08:23:16,25.0,44.5,21.5,1.5
139,2022-01-28 08:23:26,25.0,44.5,21.5,1.5
140,2022-01-28 08:23:36,25.0,44.5,21.5,1.5
141,2022-01-28 08:23:46,25.0,44.5,21.5,1.5
142,2022-01-28 08:23:56,25.0,44.5,21.5,1.5
143,2022-01-28 08:24:06,25.0,44.5,21.5,1.5
144,2022-01-28 08:24:16,25.0,44.5,21.5,1.5
145,2022-01-28 08:24:26,25.0,44.5,21.5,1.5
146,2022-01-28 08:24:36,25.0,44.5,21.5,1.5
147,2022-01-28 08:24:46,25.0,44.5,21.5,1.5
148,2022-01-28 08:24:56,25.0,44.5,21.5,1.5
149,2022-01-28 08:25:06,25.0,44.5,21.5,1.5
150,2022-01-28 08:25:16,25.0,44.5,21.5,1.5
151,2022-01-28 08:25:26,25.0,44.5,21.5,1.5
152,2022-01-28 08:25:36,25.0,44.5,21.5,1.5
153,2022-01-28 08:25:46,25.0,44.5,21.5,1.5
154,2022-01-28 08:25:56,25.0,44.5,21.5,1.5
155,2022-01-28 08:26:06,25.0,44.5,21.5,1.5
156,2022-01-28 08:26:16,25.0,44.5,21.5,1.5
157,2022-01-28 08:26:26,25.0,44.5,21.5,1.5
158,2022-01-28 08:26:36,25.0,44.5,21.5,1.5
159,2022-01-28 08:26:46,25.0,44.5,21.5,1.5
160,2022-01-28 08:26:56,25.0,44.5,21.5,1.5
161,2022-01-28 08:27:06,25.0,44.5,21.5,1.5
162,2022-01-28 08:27:16,25.0,44.5,21.5,1.5
163,2022-01-28 08:27:26,25.0,44.5,21.5,1.5
164,2022-01-28 08:27:36,25.0,44.5,21.5,1.5
165,2022-01-28 08:27:46,25.0,44.5,21.5,1.5
166,2022-01-28 08:27:56,25.0,44.5,21.5,1.5
167,2022-01-28 08:28:06,25.0,44.5,21.5,1.5
168,2022-01-28 08:28:16,25.0,44.5,21.5,1.5
169,2022-01-28 08:28:26,25.0,44.5,21.5,1.5
170,2022-01-28 08:28:36,25.0,44.5,21.5,1.5
171,2022-01-28 08:28:46,25.0,44.5,21.5,1.5
172,2022-01-28 08:28:56,25.0,44.5,21.5,1.5
173,2022-01-28 08:29:06,25.0,44.5,21.5,1.5
174,2022-01-28 08:29:16,25.0,44.5,21.5,1.5
175,2022-01-28 08:29:26,25.0,44.5,21.5,1.5
176,2022-01-28 08:29:36,25.0,44.5,21.5,1.5
177,2022-01-28 08:29:46,25.0,44.5,21.5,1.5
178,2022-01-28 08:29:56,25.0,44.5,21.5,1.5
179,2022-01-28 08:30:06,25.0,44.5,21.5,1.5
180,2022-01-28 08:30:16,25.0,44.5,21.5,1.5
181,2022-01-28 08:30:26,25.0,44.5,21.5,1.5
182,2022-01-28 08:30:36,25.0,44.5,21.5,1.5
183,2022-01-28 08:30:46,25.0,44.5,21.5,1.5
184,2022-01-28 08:30:56,25.0,44.5,21.5,1.5
185,2022-01-28 08:31:06,25.0,44.5,21.5,1.5
186,2022-01-28 08:31:16,25.0,44.5,21.5,1.5
187,2022-01-28 08:31:26,25.0,44.5,21.5,1.5
188,2022-01-28 08:31:36,25.0,44.5,21.5,1.5
189,2022-01-28 08:31:46,25.0,44.5,21.5,1.5
190,2022-01-28 08:31:56,25.0,44.5,21.5,1.5
191,2022-01-28 08:32:06,25.0,44.5,21.5,1.5
192,2022-01-28 08:32:16,25.0,44.5,21.5,1.5
193,2022-01-28 08:32:26,25.0,44.5,21.5,1.5
194,2022-01-28 08:32:36,25.0,44.5,21.5,1.5
195,2022-01-28 08:32:46,25.0,44.5,21.5,1.5
196,2022-01-28 08:32:56,25.0,44.5,21.5,1.5
197,2022-01-28 08:33:06,25.0,44.5,21.0,1.2
198,2022-01-28 08:33:16,25.0,44.5,21.0,1.2
199,2022-01-28 08:33:26,25.0,44.5,21.0,1.2
200,2022-01-28 08:33:36,25.0,44.5,21.0,1.2
201,2022-01-28 08:33:46,25.0,44.5,21.0,1.2
202,2022-01-28 08:33:56,25.0,44.5,21.0,1.2
203,2022-01-28 08:34:06,25.0,44.5,21.0,1.2
204,2022-01-28 08:34:16,25.0,44.5,21.0,1.2
205,2022-01-28 08:34:26,25.0,44.5,21.0,1.2
206,2022-01-28 08:34:36,25.0,44.5,21.0,1.2
207,2022-01-28 08:34:46,25.0,44.5,21.0,1.2
208,2022-01-28 08:34:56,25.0,44.5,21.0,1.2
209,2022-01-28 08:35:06,25.0,44.5,21.0,1.2
210,2022-01-28 08:35:16,25.0,44.5,21.0,1.2
211,2022-01-28 08:35:26,25.0,44.5,21.0,1.2
212,2022-01-28 08:35:36,25.0,44.5,21.0,1.2
213,2022-01-28 08:35:46,25.0,44.5,21.0,1.2
214,2022-01-28 08:35:56,25.0,44.5,21.0,1.2
215,2022-01-28 08:36:06,25.0,44.5,21.5,1.5
216,2022-01-28 08:36:16,25.0,44.5,21.5,1.5
217,2022-01-28 08:36:26,25.0,44.5,21.5,1.5
218,2022-01-28 08:36:36,25.0,44.5,21.5,1.5
219,2022-01-28 08:36:46,25.0,44.5,21.0,1.2
220,2022-01-28 08:36:56,25.0,44.5,21.0,1.2
221,2022-01-28 08:37:06,25.0,44.5,21.0,1.2
222,2022-01-28 08:37:16,25.0,44.5,21.0,1.2
223,2022-01-28 08:37:26,25.0,44.5,21.0,1.2
224,2022-01-28 08:37:36,25.0,44.5,21.0,1.2
225,2022-01-28 08:37:46,25.0,44.5,21.0,1.2
226,2022-01-28 08:37:56,25.0,44.5,21.0,1.2
227,2022-01-28 08:38:06,25.0,44.5,21.0,1.2
228,2022-01-28 08:38:16,25.0,44.5,21.0,1.2
229,2022-01-28 08:38:26,25.0,44.5,21.0,1.2
230,2022-01-28 08:38:36,25.0,44.5,21.0,1.2
231,2022-01-28 08:38:46,25.0,44.5,21.0,1.2
232,2022-01-28 08:38:56,25.0,44.5,21.0,1.2
233,2022-01-28 08:39:06,25.0,44.5,21.0,1.2
234,2022-01-28 08:39:16,25.0,44.5,21.0,1.2
235,2022-01-28 08:39:26,25.0,44.5,21.0,1.2
236,2022-01-28 08:39:36,25.0,44.5,21.0,1.2
237,2022-01-28 08:39:46,25.0,44.5,21.0,1.2
238,2022-01-28 08:39:56,25.0,44.5,21.0,1.2
239,2022-01-28 08:40:06,25.0,44.5,21.0,1.2
240,2022-01-28 08:40:16,25.0,44.5,21.0,1.2
241,2022-01-28 08:40:26,25.0,44.5,21.0,1.2
242,2022-01-28 08:40:36,25.0,44.5,21.0,1.2
243,2022-01-28 08:40:46,25.0,44.5,21.0,1.2
244,2022-01-28 08:40:56,25.0,44.5,21.0,1.2
245,2022-01-28 08:41:06,25.0,44.5,21.0,1.2
246,2022-01-28 08:41:16,25.0,44.5,21.0,1.2
247,2022-01-28 08:41:26,25.0,44.5,21.0,1.2
248,2022-01-28 08:41:36,25.0,44.5,21.0,1.2
249,2022-01-28 08:41:46,25.0,44.5,21.5,1.5
250,2022-01-28 08:41:56,25.0,44.5,21.5,1.5
251,2022-01-28 08:42:06,25.0,44.5,21.5,1.5
252,2022-01-28 08:42:16,25.0,44.5,21.5,1.5
253,2022-01-28 08:42:26,25.0,44.5,21.5,1.5
254,2022-01-28 08:42:36,25.0,44.5,21.5,1.5
255,2022-01-28 08:42:46,25.0,44.5,21.5,1.5
256,2022-01-28 08:42:56,25.0,44.5,21.5,1.5
257,2022-01-28 08:43:06,25.0,44.5,21.5,1.5
258,2022-01-28 08:43:16,25.0,44.5,21.5,1.5
259,2022-01-28 08:43:26,25.0,44.5,21.5,1.5
260,2022-01-28 08:43:36,25.0,44.5,21.5,1.5
261,2022-01-28 08:43:46,25.0,44.5,21.5,1.5
262,2022-01-28 08:43:56,25.0,44.5,21.5,1.5
263,2022-01-28 08:44:06,25.0,44.5,21.5,1.5
264,2022-01-28 08:44:16,25.0,44.5,21.5,1.5
265,2022-01-28 08:44:26,25.0,44.5,21.5,1.5
266,2022-01-28 08:44:36,25.0,44.5,21.5,1.5
267,2022-01-28 08:44:46,25.0,44.5,21.5,1.5
268,2022-01-28 08:44:56,25.0,44.5,21.5,1.5
269,2022-01-28 08:45:06,25.0,44.5,21.5,1.5
270,2022-01-28 08:45:16,25.0,44.5,21.5,1.5
271,2022-01-28 08:45:26,25.0,44.5,21.5,1.5
272,2022-01-28 08:45:36,25.0,44.5,21.5,1.5
273,2022-01-28 08:45:46,25.0,44.5,21.5,1.5
274,2022-01-28 08:45:56,25.0,44.5,21.5,1.5
275,2022-01-28 08:46:06,25.0,44.5,21.5,1.5
276,2022-01-28 08:46:16,25.0,44.5,21.5,1.5
277,2022-01-28 08:46:26,25.0,44.5,21.5,1.5
278,2022-01-28 08:46:36,25.0,44.5,21.5,1.5
279,2022-01-28 08:46:46,25.0,44.5,21.5,1.5
280,2022-01-28 08:46:56,25.0,44.5,21.5,1.5
281,2022-01-28 08:47:06,25.0,44.5,21.5,1.5
282,2022-01-28 08:47:16,25.0,44.5,21.5,1.5
283,2022-01-28 08:47:26,25.0,44.5,21.5,1.5
284,2022-01-28 08:47:36,25.0,44.5,21.0,1.2
285,2022-01-28 08:47:46,25.0,44.5,21.0,1.2
286,2022-01-28 08:47:56,25.0,44.5,21.0,1.2
287,2022-01-28 08:48:06,25.0,44.5,21.0,1.2
288,2022-01-28 08:48:16,25.0,44.5,21.0,1.2
289,2022-01-28 08:48:26,25.0,44.5,21.5,1.5
290,2022-01-28 08:48:36,25.0,44.5,21.5,1.5
291,2022-01-28 08:48:46,25.0,44.5,21.5,1.5
292,2022-01-28 08:48:56,25.0,44.5,21.5,1.5
293,2022-01-28 08:49:06,25.0,44.5,21.5,1.5
294,2022-01-28 08:49:16,25.0,44.5,21.5,1.5
295,2022-01-28 08:49:26,25.0,44.5,21.5,1.5
296,2022-01-28 08:49:36,25.0,44.5,21.5,1.5
297,2022-01-28 08:49:46,25.0,44.5,21.5,1.5
298,2022-01-28 08:49:56,25.0,44.5,21.5,1.5
299,2022-01-28 08:50:06,25.0,44.5,21.5,1.5
300,2022-01-28 08:50:16,25.0,44.5,21.5,1.5
301,2022-01-28 08:50:26,25.0,44.5,21.5,1.5
302,2022-01-28 08:50:36,25.0,44.5,21.5,1.5
303,2022-01-28 08:50:46,25.0,44.5,21.5,1.5
304,2022-01-28 08:50:56,25.0,44.5,21.5,1.5
305,2022-01-28 08:51:06,25.0,44.5,21.5,1.5
306,2022-01-28 08:51:16,25.0,44.5,21.5,1.5
307,2022-01-28 08:51:26,25.0,44.5,21.5,1.5
308,2022-01-28 08:51:36,25.0,44.5,21.5,1.5
309,2022-01-28 08:51:46,25.0,44.5,21.5,1.5
310,2022-01-28 08:51:56,25.0,44.5,21.5,1.5
311,2022-01-28 08:52:06,25.0,44.5,21.5,1.5
312,2022-01-28 08:52:16,25.0,44.5,21.5,1.5
313,2022-01-28 08:52:26,25.0,44.5,21.5,1.5
314,2022-01-28 08:52:36,25.0,44.5,21.5,1.5
315,2022-01-28 08:52:46,25.0,44.5,21.5,1.5
316,2022-01-28 08:52:56,25.0,44.5,21.5,1.5
317,2022-01-28 08:53:06,25.0,44.5,21.5,1.5
318,2022-01-28 08:53:16,25.0,44.5,21.5,1.5
319,2022-01-28 08:53:26,25.0,44.5,21.5,1.5
320,2022-01-28 08:53:36,25.0,44.5,23.0,2.4
321,2022-01-28 08:53:46,25.0,44.5,23.0,2.4
322,2022-01-28 08:53:56,25.0,44.5,22.5,2.1
323,2022-01-28 08:54:06,25.5,44.5,22.5,2.6
324,2022-01-28 08:54:16,25.5,44.5,22.0,2.2
325,2022-01-28 08:54:26,26.0,44.5,22.0,2.7
326,2022-01-28 08:54:36,26.0,44.5,22.0,2.7
327,2022-01-28 08:54:46,26.5,44.5,21.5,2.7
328,2022-01-28 08:54:56,27.0,44.5,21.5,3.2
329,2022-01-28 08:55:06,27.0,44.5,21.0,2.8
330,2022-01-28 08:55:16,27.5,44.5,21.0,3.2
331,2022-01-28 08:55:26,28.0,44.5,20.5,3.3
332,2022-01-28 08:55:36,28.5,44.5,20.0,3.4
333,2022-01-28 08:55:46,28.5,44.5,19.5,3.0
334,2022-01-28 08:55:56,29.0,44.5,19.5,3.4
335,2022-01-28 08:56:06,29.5,44.5,19.0,3.5
336,2022-01-28 08:56:16,30.0,44.5,19.0,3.9
337,2022-01-28 08:56:26,30.0,44.5,18.5,3.5
338,2022-01-28 08:56:36,30.5,44.5,18.5,3.9
339,2022-01-28 08:56:46,31.0,44.5,18.0,3.9
340,2022-01-28 08:56:56,31.0,44.5,18.0,3.9
341,2022-01-28 08:57:06,31.5,44.5,17.5,3.9
342,2022-01-28 08:57:16,32.0,44.5,17.5,4.3
343,2022-01-28 08:57:26,32.0,44.5,17.0,3.9
344,2022-01-28 08:57:36,32.5,44.5,17.0,4.3
345,2022-01-28 08:57:46,33.0,44.5,17.0,4.7
346,2022-01-28 08:57:56,33.0,44.5,16.5,4.3
347,2022-01-28 08:58:06,33.5,44.5,16.5,4.7
348,2022-01-28 08:58:16,33.5,44.5,16.5,4.7
349,2022-01-28 08:58:26,34.0,44.5,16.0,4.6
350,2022-01-28 08:58:36,34.0,44.5,16.0,4.6
351,2022-01-28 08:58:46,34.5,44.5,16.0,5.0
352,2022-01-28 08:58:56,34.5,44.5,15.5,4.6
353,2022-01-28 08:59:06,35.0,44.5,15.5,5.0
354,2022-01-28 08:59:16,35.0,44.5,15.5,5.0
355,2022-01-28 08:59:26,35.5,44.5,15.5,5.4
356,2022-01-28 08:59:36,35.5,44.5,15.0,4.9
357,2022-01-28 08:59:46,36.0,44.5,15.0,5.3
358,2022-01-28 08:59:56,36.0,44.5,15.0,5.3
359,2022-01-28 09:00:06,36.0,44.5,15.0,5.3
360,2022-01-28 09:00:16,36.5,44.5,15.0,5.7
361,2022-01-28 09:00:26,36.5,44.5,14.5,5.2
362,2022-01-28 09:00:36,37.0,44.5,14.5,5.6
363,2022-01-28 09:00:46,37.0,44.5,14.5,5.6
364,2022-01-28 09:00:56,37.0,44.5,14.5,5.6
365,2022-01-28 09:01:06,37.5,44.5,14.5,6.0
366,2022-01-28 09:01:16,37.5,44.5,14.5,6.0
367,2022-01-28 09:01:26,37.5,44.5,15.0,6.5
368,2022-01-28 09:01:36,38.0,44.5,14.0,5.9
369,2022-01-28 09:01:46,38.0,44.5,14.0,5.9
370,2022-01-28 09:01:56,38.0,44.5,14.0,5.9
371,2022-01-28 09:02:06,38.5,44.5,14.0,6.3
372,2022-01-28 09:02:16,38.5,44.5,13.5,5.7
373,2022-01-28 09:02:26,38.5,44.5,13.5,5.7
374,2022-01-28 09:02:36,39.0,44.5,13.5,6.1
375,2022-01-28 09:02:46,39.0,44.5,13.5,6.1
376,2022-01-28 09:02:56,39.0,44.5,13.5,6.1
377,2022-01-28 09:03:06,39.0,44.5,13.5,6.1
378,2022-01-28 09:03:16,39.5,44.5,13.0,6.0
379,2022-01-28 09:03:26,39.5,44.5,13.5,6.5
380,2022-01-28 09:03:36,39.5,44.5,13.0,6.0
381,2022-01-28 09:03:46,40.0,44.5,13.0,6.4
382,2022-01-28 09:03:56,40.0,44.5,13.0,6.4
383,2022-01-28 09:04:06,40.0,44.5,13.0,6.4
384,2022-01-28 09:04:16,40.0,44.5,13.0,6.4
385,2022-01-28 09:04:26,40.0,44.5,13.0,6.4
386,2022-01-28 09:04:36,40.5,44.5,13.0,6.7
387,2022-01-28 09:04:46,40.5,44.5,13.0,6.7
388,2022-01-28 09:04:56,40.5,44.5,13.0,6.7
389,2022-01-28 09:05:06,40.5,44.5,13.0,6.7
390,2022-01-28 09:05:16,41.0,44.5,13.0,7.1
391,2022-01-28 09:05:26,41.0,44.5,13.0,7.1
392,2022-01-28 09:05:36,41.0,44.5,12.5,6.6
393,2022-01-28 09:05:46,41.0,44.5,12.5,6.6
394,2022-01-28 09:05:56,41.0,44.5,12.5,6.6
395,2022-01-28 09:06:06,41.5,44.5,12.5,6.9
396,2022-01-28 09:06:16,41.5,44.5,12.5,6.9
397,2022-01-28 09:06:26,41.5,44.5,12.5,6.9
398,2022-01-28 09:06:36,41.5,44.5,12.5,6.9
399,2022-01-28 09:06:46,41.5,44.5,12.5,6.9
400,2022-01-28 09:06:56,41.5,44.5,12.5,6.9
401,2022-01-28 09:07:06,41.5,44.5,12.5,6.9
402,2022-01-28 09:07:16,42.0,44.5,12.5,7.3
403,2022-01-28 09:07:26,42.0,44.5,12.5,7.3
404,2022-01-28 09:07:36,42.0,44.5,12.5,7.3
405,2022-01-28 09:07:46,42.0,44.5,12.5,7.3
406,2022-01-28 09:07:56,42.0,44.5,12.5,7.3
407,2022-01-28 09:08:06,42.0,44.5,12.5,7.3
408,2022-01-28 09:08:16,42.0,44.5,12.0,6.7
409,2022-01-28 09:08:26,42.0,44.5,12.0,6.7
410,2022-01-28 09:08:36,42.0,44.5,12.0,6.7
411,2022-01-28 09:08:46,42.5,44.5,12.0,7.1
412,2022-01-28 09:08:56,42.5,44.5,12.0,7.1
413,2022-01-28 09:09:06,42.5,44.5,12.0,7.1
414,2022-01-28 09:09:16,42.5,44.5,12.0,7.1
415,2022-01-28 09:09:26,42.5,44.5,12.0,7.1
416,2022-01-28 09:09:36,42.5,44.5,12.0,7.1
417,2022-01-28 09:09:46,42.5,44.5,12.0,7.1
418,2022-01-28 09:09:56,42.5,44.5,12.0,7.1
419,2022-01-28 09:10:06,42.5,44.5,12.0,7.1
420,2022-01-28 09:10:16,42.5,44.5,12.0,7.1
421,2022-01-28 09:10:26,42.5,44.5,12.0,7.1
422,2022-01-28 09:10:36,42.5,44.5,12.0,7.1
423,2022-01-28 09:10:46,42.5,44.5,12.0,7.1
424,2022-01-28 09:10:56,42.5,44.5,12.0,7.1
425,2022-01-28 09:11:06,42.5,44.5,12.0,7.1
426,2022-01-28 09:11:16,42.5,44.5,12.0,7.1
427,2022-01-28 09:11:26,42.5,44.5,12.0,7.1
428,2022-01-28 09:11:36,42.5,44.5,12.0,7.1
429,2022-01-28 09:11:46,42.5,44.5,12.0,7.1
430,2022-01-28 09:11:56,42.5,44.5,12.0,7.1
431,2022-01-28 09:12:06,42.5,44.5,12.0,7.1
432,2022-01-28 09:12:16,42.5,44.5,12.0,7.1
433,2022-01-28 09:12:26,42.5,44.5,12.0,7.1
434,2022-01-28 09:12:36,42.5,44.5,12.0,7.1
435,2022-01-28 09:12:46,42.5,44.5,12.0,7.1
436,2022-01-28 09:12:56,42.5,44.5,12.0,7.1
437,2022-01-28 09:13:06,42.5,44.5,12.0,7.1
438,2022-01-28 09:13:16,42.5,44.5,12.0,7.1
439,2022-01-28 09:13:26,42.5,44.5,12.0,7.1
440,2022-01-28 09:13:36,42.5,44.5,12.0,7.1
441,2022-01-28 09:13:46,42.5,44.5,12.0,7.1
442,2022-01-28 09:13:56,42.5,44.5,12.0,7.1
443,2022-01-28 09:14:06,42.5,44.5,12.0,7.1
444,2022-01-28 09:14:16,42.5,44.5,12.0,7.1
445,2022-01-28 09:14:26,42.5,44.5,12.0,7.1
446,2022-01-28 09:14:36,42.5,44.5,12.0,7.1
447,2022-01-28 09:14:46,42.5,44.5,12.0,7.1
448,2022-01-28 09:14:56,42.5,44.5,12.0,7.1
449,2022-01-28 09:15:06,42.5,44.5,12.0,7.1
450,2022-01-28 09:15:16,42.5,44.5,12.0,7.1
451,2022-01-28 09:15:26,42.5,44.5,12.0,7.1
452,2022-01-28 09:15:36,42.5,44.5,12.0,7.1
453,2022-01-28 09:15:46,42.5,44.5,12.0,7.1
454,2022-01-28 09:15:56,42.5,44.5,12.0,7.1
455,2022-01-28 09:16:06,42.5,44.5,12.0,7.1
456,2022-01-28 09:16:16,42.5,44.5,12.0,7.1
457,2022-01-28 09:16:26,42.5,44.5,12.0,7.1
458,2022-01-28 09:16:36,42.5,44.5,12.0,7.1
459,2022-01-28 09:16:46,42.5,44.5,12.0,7.1
460,2022-01-28 09:16:56,42.5,44.5,12.0,7.1
461,2022-01-28 09:17:06,42.5,44.5,12.0,7.1
462,2022-01-28 09:17:16,42.5,44.5,12.0,7.1
463,2022-01-28 09:17:26,42.5,44.5,12.0,7.1
464,2022-01-28 09:17:36,42.5,44.5,12.0,7.1
465,2022-01-28 09:17:46,42.5,44.5,12.0,7.1
466,2022-01-28 09:17:56,42.5,44.5,12.0,7.1
467,2022-01-28 09:18:06,42.5,44.5,12.0,7.1
468,2022-01-28 09:18:16,42.5,44.5,12.0,7.1
469,2022-01-28 09:18:26,42.5,44.5,12.0,7.1
470,2022-01-28 09:18:36,42.5,44.5,12.0,7.1
471,2022-01-28 09:18:46,42.5,44.5,12.0,7.1
472,2022-01-28 09:18:56,42.5,44.5,12.0,7.1
473,2022-01-28 09:19:06,42.5,44.5,12.0,7.1
474,2022-01-28 09:19:16,42.5,44.5,12.0,7.1
475,2022-01-28 09:19:26,42.5,44.5,12.0,7.1
476,2022-01-28 09:19:36,42.5,44.5,12.0,7.1
477,2022-01-28 09:19:46,42.5,44.5,12.0,7.1
478,2022-01-28 09:19:56,42.5,44.5,12.0,7.1
479,2022-01-28 09:20:06,42.5,44.5,12.0,7.1
480,2022-01-28 09:20:16,42.5,44.5,12.0,7.1
481,2022-01-28 09:20:26,42.5,44.5,12.0,7.1
482,2022-01-28 09:20:36,42.5,44.5,12.0,7.1
483,2022-01-28 09:20:46,42.5,44.5,12.0,7.1
484,2022-01-28 09:20:56,42.5,44.5,12.0,7.1
485,2022-01-28 09:21:06,42.5,44.5,12.0,7.1
486,2022-01-28 09:21:16,42.5,44.5,11.5,6.5
487,2022-01-28 09:21:26,42.5,44.5,12.0,7.1
488,2022-01-28 09:21:36,42.5,44.5,12.0,7.1
489,2022-01-28 09:21:46,42.5,44.5,12.0,7.1
490,2022-01-28 09:21:56,42.5,44.5,12.0,7.1
491,2022-01-28 09:22:06,42.5,44.5,12.0,7.1
492,2022-01-28 09:22:16,42.5,44.5,12.0,7.1
493,2022-01-28 09:22:26,42.5,44.5,11.5,6.5
494,2022-01-28 09:22:36,42.5,44.5,12.0,7.1
495,2022-01-28 09:22:46,42.5,44.5,11.5,6.5
496,2022-01-28 09:22:56,42.5,44.5,11.5,6.5
497,2022-01-28 09:23:06,42.5,44.5,12.0,7.1
498,2022-01-28 09:23:16,42.5,44.5,12.0,7.1
499,2022-01-28 09:23:26,42.5,44.5,12.0,7.1
500,2022-01-28 09:23:36,42.5,44.5,12.0,7.1
501,2022-01-28 09:23:46,42.5,44.5,12.0,7.1
502,2022-01-28 09:23:56,42.5,44.5,12.0,7.1
503,2022-01-28 09:24:06,42.5,44.5,12.0,7.1
504,2022-01-28 09:24:16,42.5,44.5,12.0,7.1
505,2022-01-28 09:24:26,42.5,44.5,12.0,7.1
506,2022-01-28 09:24:36,42.5,44.5,13.0,8.3
507,2022-01-28 09:24:46,42.5,44.5,12.5,7.7
508,2022-01-28 09:24:56,42.5,44.5,13.0,8.3
509,2022-01-28 09:25:06,42.5,44.5,12.5,7.7
510,2022-01-28 09:25:16,42.5,44.5,12.5,7.7
511,2022-01-28 09:25:26,42.5,44.5,12.0,7.1
512,2022-01-28 09:25:36,42.5,44.5,12.0,7.1
513,2022-01-28 09:25:46,42.5,44.5,12.0,7.1
514,2022-01-28 09:25:56,42.5,44.5,12.0,7.1
515,2022-01-28 09:26:06,42.5,44.5,12.0,7.1
516,2022-01-28 09:26:16,42.5,44.5,12.0,7.1
517,2022-01-28 09:26:26,42.5,44.5,12.0,7.1
518,2022-01-28 09:26:36,42.5,44.5,12.0,7.1
519,2022-01-28 09:26:46,42.5,44.5,12.0,7.1
520,2022-01-28 09:26:56,42.5,44.5,12.0,7.1
521,2022-01-28 09:27:06,42.5,44.5,12.0,7.1
522,2022-01-28 09:27:16,42.5,44.5,12.0,7.1
523,2022-01-28 09:27:26,42.5,44.5,12.0,7.1
524,2022-01-28 09:27:36,42.5,44.5,12.0,7.1
525,2022-01-28 09:27:46,42.5,44.5,12.0,7.1
526,2022-01-28 09:27:56,42.5,44.5,12.0,7.1
527,2022-01-28 09:28:06,42.5,44.5,12.0,7.1
528,2022-01-28 09:28:16,42.5,44.5,11.5,6.5
529,2022-01-28 09:28:26,42.5,44.5,12.0,7.1
530,2022-01-28 09:28:36,42.5,44.5,11.5,6.5
531,2022-01-28 09:28:46,42.5,44.5,12.0,7.1
532,2022-01-28 09:28:56,42.5,44.5,12.0,7.1
533,2022-01-28 09:29:06,42.5,44.5,12.0,7.1
534,2022-01-28 09:29:16,42.5,44.5,12.0,7.1
535,2022-01-28 09:29:26,42.5,44.5,11.5,6.5
536,2022-01-28 09:29:36,42.5,44.5,11.5,6.5
537,2022-01-28 09:29:46,42.5,44.5,11.5,6.5
538,2022-01-28 09:29:56,42.5,44.5,11.5,6.5
539,2022-01-28 09:30:06,42.5,44.5,11.5,6.5
540,2022-01-28 09:30:16,42.5,44.5,11.5,6.5
541,2022-01-28 09:30:26,42.5,44.5,11.5,6.5
542,2022-01-28 09:30:36,42.5,44.5,11.5,6.5
543,2022-01-28 09:30:46,42.5,44.5,11.5,6.5
544,2022-01-28 09:30:56,42.5,44.5,11.5,6.5
545,2022-01-28 09:31:06,42.5,44.5,11.5,6.5
546,2022-01-28 09:31:16,42.5,44.5,11.5,6.5
547,2022-01-28 09:31:26,42.5,44.5,11.5,6.5
548,2022-01-28 09:31:36,42.5,44.5,11.5,6.5
549,2022-01-28 09:31:46,42.5,44.5,11.5,6.5
550,2022-01-28 09:31:56,42.5,44.5,11.5,6.5
551,2022-01-28 09:32:06,42.5,44.5,11.5,6.5
552,2022-01-28 09:32:16,42.5,44.5,11.5,6.5
553,2022-01-28 09:32:26,42.5,44.5,11.5,6.5
554,2022-01-28 09:32:36,42.5,44.5,11.5,6.5
555,2022-01-28 09:32:46,42.5,44.5,11.5,6.5
556,2022-01-28 09:32:56,42.5,44.5,11.5,6.5
557,2022-01-28 09:33:06,42.5,44.5,11.5,6.5
558,2022-01-28 09:33:16,42.5,44.5,11.5,6.5
559,2022-01-28 09:33:26,42.5,44.5,11.5,6.5
560,2022-01-28 09:33:36,42.5,44.5,11.5,6.5
561,2022-01-28 09:33:46,42.5,44.5,11.5,6.5
562,2022-01-28 09:33:56,42.5,44.5,11.5,6.5
563,2022-01-28 09:34:06,42.5,44.5,11.5,6.5
564,2022-01-28 09:34:16,42.5,44.5,11.5,6.5
565,2022-01-28 09:34:26,42.5,44.5,11.5,6.5
566,2022-01-28 09:34:36,42.5,44.5,11.5,6.5
567,2022-01-28 09:34:46,42.5,44.5,11.5,6.5
568,2022-01-28 09:34:56,42.5,44.5,11.5,6.5
569,2022-01-28 09:35:06,42.5,44.5,11.5,6.5
570,2022-01-28 09:35:16,42.5,44.5,11.5,6.5
571,2022-01-28 09:35:26,42.5,44.5,11.5,6.5
572,2022-01-28 09:35:36,42.5,44.5,11.5,6.5
573,2022-01-28 09:35:46,42.5,44.5,11.5,6.5
574,2022-01-28 09:35:56,42.5,44.5,11.5,6.5
575,2022-01-28 09:36:06,42.5,44.5,11.5,6.5
576,2022-01-28 09:36:16,42.5,44.5,11.5,6.5
577,2022-01-28 09:36:26,42.5,44.5,11.5,6.5
578,2022-01-28 09:36:36,42.5,44.5,11.5,6.5
579,2022-01-28 09:36:46,42.5,44.5,11.5,6.5
580,2022-01-28 09:36:56,42.5,44.5,11.5,6.5
581,2022-01-28 09:37:06,42.5,44.5,11.5,6.5
582,2022-01-28 09:37:16,42.5,44.5,11.5,6.5
583,2022-01-28 09:37:26,42.5,44.5,11.5,6.5
584,2022-01-28 09:37:36,42.5,44.5,11.5,6.5
585,2022-01-28 09:37:46,42.5,44.5,11.5,6.5
586,2022-01-28 09:37:56,42.5,44.5,11.5,6.5
587,2022-01-28 09:38:06,42.5,44.5,11.5,6.5
588,2022-01-28 09:38:16,42.5,44.5,11.5,6.5
589,2022-01-28 09:38:26,42.5,44.5,11.5,6.5
590,2022-01-28 09:38:36,42.5,44.5,11.5,6.5
591,2022-01-28 09:38:46,42.5,44.5,11.5,6.5
592,2022-01-28 09:38:56,42.5,44.5,11.5,6.5
593,2022-01-28 09:39:06,42.5,44.5,11.5,6.5
594,2022-01-28 09:39:16,42.5,44.5,11.5,6.5
595,2022-01-28 09:39:26,42.5,44.5,11.5,6.5
596,2022-01-28 09:39:36,42.5,44.5,11.5,6.5
597,2022-01-28 09:39:46,42.5,44.5,11.5,6.5
598,2022-01-28 09:39:56,42.5,44.5,11.5,6.5
599,2022-01-28 09:40:06,42.5,44.5,11.5,6.5
600,2022-01-28 09:40:16,42.5,44.5,11.5,6.5
601,2022-01-28 09:40:26,42.5,44.5,11.5,6.5
602,2022-01-28 09:40:36,42.5,44.5,11.5,6.5
603,2022-01-28 09:40:46,42.5,44.5,11.5,6.5
604,2022-01-28 09:40:56,42.5,44.5,11.5,6.5
605,2022-01-28 09:41:06,42.5,44.5,11.5,6.5
606,2022-01-28 09:41:16,42.5,44.5,11.5,6.5
607,2022-01-28 09:41:26,42.5,44.5,11.5,6.5
608,2022-01-28 09:41:36,42.5,44.5,11.5,6.5
609,2022-01-28 09:41:46,42.5,44.5,11.5,6.5
610,2022-01-28 09:41:56,42.5,44.5,11.5,6.5
611,2022-01-28 09:42:06,42.5,44.5,11.5,6.5
612,2022-01-28 09:42:16,42.5,44.5,11.5,6.5
613,2022-01-28 09:42:26,42.5,44.5,11.5,6.5
614,2022-01-28 09:42:36,42.5,44.5,11.5,6.5
615,2022-01-28 09:42:46,42.5,44.5,11.5,6.5
616,2022-01-28 09:42:56,42.5,44.5,11.5,6.5
617,2022-01-28 09:43:06,42.5,44.5,11.5,6.5
618,2022-01-28 09:43:16,42.5,44.5,11.5,6.5
619,2022-01-28 09:43:26,42.5,44.5,11.5,6.5
620,2022-01-28 09:43:36,42.5,44.5,11.5,6.5
621,2022-01-28 09:43:46,42.5,44.5,11.5,6.5
622,2022-01-28 09:43:56,42.5,44.5,11.5,6.5
623,2022-01-28 09:44:06,42.5,44.5,11.5,6.5
624,2022-01-28 09:44:16,42.5,44.5,11.5,6.5
625,2022-01-28 09:44:26,42.0,44.5,11.5,6.1
626,2022-01-28 09:44:36,42.0,44.5,11.5,6.1
627,2022-01-28 09:44:46,42.0,44.5,11.5,6.1
628,2022-01-28 09:44:56,42.0,44.5,11.5,6.1
629,2022-01-28 09:45:06,42.0,44.5,11.5,6.1
630,2022-01-28 09:45:16,42.0,44.5,11.5,6.1
631,2022-01-28 09:45:26,42.0,44.5,11.5,6.1
632,2022-01-28 09:45:36,42.0,44.5,11.5,6.1
633,2022-01-28 09:45:46,42.0,44.5,11.5,6.1
634,2022-01-28 09:45:56,42.0,44.5,11.5,6.1
635,2022-01-28 09:46:06,42.0,44.5,11.5,6.1
636,2022-01-28 09:46:16,42.0,44.5,11.5,6.1
637,2022-01-28 09:46:26,42.0,44.5,11.5,6.1
638,2022-01-28 09:46:36,42.0,44.5,11.5,6.1
639,2022-01-28 09:46:46,42.0,44.5,11.5,6.1
640,2022-01-28 09:46:56,42.0,44.5,11.5,6.1
641,2022-01-28 09:47:06,42.0,44.5,11.5,6.1
642,2022-01-28 09:47:16,42.0,44.5,11.5,6.1
643,2022-01-28 09:47:26,42.0,44.5,11.5,6.1
644,2022-01-28 09:47:36,42.0,44.5,11.5,6.1
645,2022-01-28 09:47:46,42.0,44.5,11.5,6.1
646,2022-01-28 09:47:56,42.0,44.5,11.5,6.1
647,2022-01-28 09:48:06,42.0,44.5,11.5,6.1
648,2022-01-28 09:48:16,42.0,44.5,11.5,6.1
649,2022-01-28 09:48:26,42.0,44.5,11.5,6.1
650,2022-01-28 09:48:36,42.0,44.5,11.5,6.1
651,2022-01-28 09:48:46,42.0,44.5,11.5,6.1
652,2022-01-28 09:48:56,42.0,44.5,11.5,6.1
653,2022-01-28 09:49:06,42.0,44.5,11.5,6.1
654,2022-01-28 09:49:16,42.0,44.5,11.5,6.1
655,2022-01-28 09:49:26,42.0,44.5,11.5,6.1
656,2022-01-28 09:49:36,42.0,44.5,11.5,6.1
657,2022-01-28 09:49:46,42.0,44.5,11.5,6.1
658,2022-01-28 09:49:56,42.0,44.5,11.5,6.1
659,2022-01-28 09:50:06,42.0,44.5,11.5,6.1
660,2022-01-28 09:50:16,42.0,44.5,11.5,6.1
661,2022-01-28 09:50:26,42.0,44.5,11.5,6.1
662,2022-01-28 09:50:36,42.0,44.5,11.5,6.1
663,2022-01-28 09:50:46,42.0,44.5,11.5,6.1
664,2022-01-28 09:50:56,42.0,44.5,11.5,6.1
665,2022-01-28 09:51:06,42.0,44.5,11.5,6.1
666,2022-01-28 09:51:16,42.0,44.5,11.5,6.1
667,2022-01-28 09:51:26,42.0,44.5,11.5,6.1
668,2022-01-28 09:51:36,42.0,44.5,11.5,6.1
669,2022-01-28 09:51:46,42.0,44.5,11.5,6.1
670,2022-01-28 09:51:56,42.0,44.5,11.5,6.1
671,2022-01-28 09:52:06,42.0,44.5,11.5,6.1
672,2022-01-28 09:52:16,42.0,44.5,11.5,6.1
673,2022-01-28 09:52:26,42.0,44.5,11.5,6.1
674,2022-01-28 09:52:36,42.0,44.5,11.5,6.1
675,2022-01-28 09:52:46,42.0,44.5,11.5,6.1
676,2022-01-28 09:52:56,42.0,44.5,11.5,6.1
677,2022-01-28 09:53:06,42.0,44.5,11.5,6.1
678,2022-01-28 09:53:16,42.0,44.5,11.5,6.1
679,2022-01-28 09:53:26,42.0,44.5,11.5,6.1
680,2022-01-28 09:53:36,42.0,44.5,11.5,6.1
681,2022-01-28 09:53:46,42.0,44.5,11.5,6.1
682,2022-01-28 09:53:56,42.0,44.5,11.5,6.1
683,2022-01-28 09:54:06,42.0,44.5,11.5,6.1
684,2022-01-28 09:54:16,42.0,44.5,11.5,6.1
685,2022-01-28 09:54:26,42.0,44.5,11.5,6.1
686,2022-01-28 09:54:36,42.0,44.5,11.5,6.1
687,2022-01-28 09:54:46,42.0,44.5,11.5,6.1
688,2022-01-28 09:54:56,42.0,44.5,11.5,6.1
689,2022-01-28 09:55:06,42.0,44.5,11.5,6.1
690,2022-01-28 09:55:16,42.0,44.5,11.5,6.1
691,2022-01-28 09:55:26,42.0,44.5,11.5,6.1
692,2022-01-28 09:55:36,42.0,44.5,11.5,6.1
693,2022-01-28 09:55:46,42.0,44.5,11.5,6.1
694,2022-01-28 09:55:56,42.0,44.5,11.5,6.1
695,2022-01-28 09:56:06,42.0,44.5,11.5,6.1
696,2022-01-28 09:56:16,42.0,44.5,11.5,6.1
697,2022-01-28 09:56:26,42.0,44.5,11.5,6.1
698,2022-01-28 09:56:36,42.0,44.5,11.5,6.1
699,2022-01-28 09:56:46,41.5,44.5,11.5,5.7
700,2022-01-28 09:56:56,41.5,44.5,11.5,5.7
701,2022-01-28 09:57:06,41.5,44.5,11.5,5.7
702,2022-01-28 09:57:16,41.5,44.5,11.5,5.7
703,2022-01-28 09:57:26,41.5,44.5,11.5,5.7
704,2022-01-28 09:57:36,41.5,44.5,11.5,5.7
705,2022-01-28 09:57:46,41.5,44.5,11.5,5.7
706,2022-01-28 09:57:56,41.5,44.5,11.5,5.7
707,2022-01-28 09:58:06,41.5,44.5,11.5,5.7
708,2022-01-28 09:58:16,41.5,44.5,11.5,5.7
709,2022-01-28 09:58:26,41.0,44.5,11.5,5.4
710,2022-01-28 09:58:36,41.0,44.5,11.5,5.4
711,2022-01-28 09:58:46,41.0,44.5,12.0,6.0
712,2022-01-28 09:58:56,41.0,44.5,12.0,6.0
713,2022-01-28 09:59:06,41.0,44.5,12.0,6.0
714,2022-01-28 09:59:16,41.0,44.5,12.0,6.0
715,2022-01-28 09:59:26,41.0,44.5,12.0,6.0
716,2022-01-28 09:59:36,40.5,44.5,12.0,5.6
717,2022-01-28 09:59:46,40.5,44.5,12.0,5.6
718,2022-01-28 09:59:56,40.5,44.5,12.0,5.6
719,2022-01-28 10:00:06,40.5,44.5,12.0,5.6
720,2022-01-28 10:00:16,40.5,44.5,12.0,5.6
721,2022-01-28 10:00:26,40.5,44.5,12.0,5.6
722,2022-01-28 10:00:36,40.0,44.5,12.0,5.2
723,2022-01-28 10:00:46,40.0,44.5,12.0,5.2
724,2022-01-28 10:00:56,40.0,44.5,12.0,5.2
725,2022-01-28 10:01:06,40.0,44.5,12.0,5.2
726,2022-01-28 10:01:16,40.0,44.5,12.0,5.2
727,2022-01-28 10:01:26,39.5,44.5,12.0,4.8
728,2022-01-28 10:01:36,39.5,44.5,12.0,4.8
729,2022-01-28 10:01:46,39.5,44.5,12.0,4.8
730,2022-01-28 10:01:56,39.5,44.5,12.0,4.8
731,2022-01-28 10:02:06,39.5,44.5,12.0,4.8
732,2022-01-28 10:02:16,39.0,44.5,12.5,5.0
733,2022-01-28 10:02:26,39.0,44.5,12.5,5.0
734,2022-01-28 10:02:36,39.0,44.5,12.5,5.0
735,2022-01-28 10:02:46,39.0,44.5,12.5,5.0
736,2022-01-28 10:02:56,39.0,44.5,12.5,5.0
737,2022-01-28 10:03:06,38.5,44.5,12.5,4.6
738,2022-01-28 10:03:16,38.5,44.5,12.5,4.6
739,2022-01-28 10:03:26,38.5,44.5,12.5,4.6
740,2022-01-28 10:03:36,38.5,44.5,12.5,4.6
741,2022-01-28 10:03:46,38.5,44.5,12.5,4.6
742,2022-01-28 10:03:56,38.5,44.5,13.0,5.2
743,2022-01-28 10:04:06,38.0,44.5,13.0,4.8
744,2022-01-28 10:04:16,38.0,44.5,13.0,4.8
745,2022-01-28 10:04:26,38.0,44.5,13.0,4.8
746,2022-01-28 10:04:36,38.0,44.5,13.0,4.8
747,2022-01-28 10:04:46,38.0,44.5,13.0,4.8
748,2022-01-28 10:04:56,37.5,44.5,13.0,4.4
749,2022-01-28 10:05:06,37.5,44.5,13.0,4.4
750,2022-01-28 10:05:16,37.5,44.5,13.0,4.4
751,2022-01-28 10:05:26,37.5,44.5,13.0,4.4
752,2022-01-28 10:05:36,37.5,44.5,13.0,4.4
753,2022-01-28 10:05:46,37.5,44.5,13.0,4.4
754,2022-01-28 10:05:56,37.0,44.5,13.0,4.0
755,2022-01-28 10:06:06,37.0,44.5,13.0,4.0
756,2022-01-28 10:06:16,37.0,44.5,13.0,4.0
757,2022-01-28 10:06:26,37.0,44.5,13.0,4.0
758,2022-01-28 10:06:36,37.0,44.5,13.0,4.0
759,2022-01-28 10:06:46,36.5,44.5,13.5,4.2
760,2022-01-28 10:06:56,36.5,44.5,13.5,4.2
761,2022-01-28 10:07:06,36.5,44.5,13.5,4.2
762,2022-01-28 10:07:16,36.5,44.5,17.5,7.9
763,2022-01-28 10:07:26,36.5,44.5,15.5,6.2
764,2022-01-28 10:07:36,36.0,44.5,18.5,8.4
