HSPi_4_02_05_22,Time,Celsius(°C),High Alarm,Humidity(%rh),Dew Point(°C),Serial Number
1,2022-02-05 07:51:42,21.5,45.0,21.5,-1.4,010126307
2,2022-02-05 07:51:52,21.5,45.0,22.0,-1.1
3,2022-02-05 07:52:02,21.5,45.0,21.5,-1.4
4,2022-02-05 07:52:12,21.5,45.0,20.5,-2.0
5,2022-02-05 07:52:22,22.0,45.0,20.5,-1.6
6,2022-02-05 07:52:32,22.0,45.0,20.0,-2.0
7,2022-02-05 07:52:42,22.0,45.0,20.0,-2.0
8,2022-02-05 07:52:52,22.0,45.0,20.0,-2.0
9,2022-02-05 07:53:02,22.0,45.0,20.0,-2.0
10,2022-02-05 07:53:12,22.0,45.0,20.0,-2.0
11,2022-02-05 07:53:22,22.0,45.0,20.0,-2.0
12,2022-02-05 07:53:32,22.0,45.0,20.0,-2.0
13,2022-02-05 07:53:42,22.0,45.0,20.0,-2.0
14,2022-02-05 07:53:52,22.0,45.0,20.0,-2.0
15,2022-02-05 07:54:02,22.0,45.0,20.0,-2.0
16,2022-02-05 07:54:12,22.0,45.0,20.0,-2.0
17,2022-02-05 07:54:22,22.0,45.0,20.0,-2.0
18,2022-02-05 07:54:32,22.0,45.0,20.0,-2.0
19,2022-02-05 07:54:42,22.0,45.0,19.5,-2.3
20,2022-02-05 07:54:52,22.5,45.0,20.0,-1.6
21,2022-02-05 07:55:02,22.5,45.0,20.0,-1.6
22,2022-02-05 07:55:12,22.5,45.0,20.0,-1.6
23,2022-02-05 07:55:22,22.5,45.0,20.0,-1.6
24,2022-02-05 07:55:32,22.5,45.0,19.5,-1.9
25,2022-02-05 07:55:42,22.5,45.0,19.5,-1.9
26,2022-02-05 07:55:52,22.5,45.0,19.5,-1.9
27,2022-02-05 07:56:02,22.5,45.0,19.0,-2.2
28,2022-02-05 07:56:12,23.0,45.0,19.0,-1.8
29,2022-02-05 07:56:22,23.0,45.0,19.0,-1.8
30,2022-02-05 07:56:32,23.0,45.0,19.0,-1.8
31,2022-02-05 07:56:42,23.0,45.0,18.5,-2.2
32,2022-02-05 07:56:52,23.0,45.0,18.5,-2.2
33,2022-02-05 07:57:02,23.5,45.0,18.5,-1.8
34,2022-02-05 07:57:12,23.5,45.0,18.5,-1.8
35,2022-02-05 07:57:22,23.5,45.0,18.5,-1.8
36,2022-02-05 07:57:32,23.5,45.0,18.5,-1.8
37,2022-02-05 07:57:42,23.5,45.0,18.0,-2.2
38,2022-02-05 07:57:52,23.5,45.0,18.0,-2.2
39,2022-02-05 07:58:02,24.0,45.0,18.0,-1.8
40,2022-02-05 07:58:12,24.0,45.0,18.0,-1.8
41,2022-02-05 07:58:22,24.0,45.0,18.0,-1.8
42,2022-02-05 07:58:32,24.0,45.0,18.0,-1.8
43,2022-02-05 07:58:42,24.0,45.0,18.0,-1.8
44,2022-02-05 07:58:52,24.0,45.0,18.0,-1.8
45,2022-02-05 07:59:02,24.0,45.0,17.5,-2.1
46,2022-02-05 07:59:12,24.0,45.0,17.5,-2.1
47,2022-02-05 07:59:22,24.5,45.0,17.5,-1.7
48,2022-02-05 07:59:32,24.5,45.0,17.5,-1.7
49,2022-02-05 07:59:42,24.5,45.0,17.5,-1.7
50,2022-02-05 07:59:52,24.5,45.0,17.5,-1.7
51,2022-02-05 08:00:02,24.5,45.0,17.5,-1.7
52,2022-02-05 08:00:12,24.5,45.0,17.5,-1.7
53,2022-02-05 08:00:22,24.5,45.0,17.5,-1.7
54,2022-02-05 08:00:32,24.5,45.0,17.5,-1.7
55,2022-02-05 08:00:42,24.5,45.0,17.5,-1.7
56,2022-02-05 08:00:52,24.5,45.0,17.5,-1.7
57,2022-02-05 08:01:02,24.5,45.0,17.5,-1.7
58,2022-02-05 08:01:12,24.5,45.0,17.5,-1.7
59,2022-02-05 08:01:22,24.5,45.0,17.5,-1.7
60,2022-02-05 08:01:32,24.5,45.0,17.5,-1.7
61,2022-02-05 08:01:42,25.0,45.0,17.0,-1.7
62,2022-02-05 08:01:52,25.0,45.0,17.0,-1.7
63,2022-02-05 08:02:02,25.0,45.0,17.0,-1.7
64,2022-02-05 08:02:12,25.0,45.0,17.0,-1.7
65,2022-02-05 08:02:22,25.0,45.0,17.0,-1.7
66,2022-02-05 08:02:32,25.0,45.0,17.0,-1.7
67,2022-02-05 08:02:42,25.0,45.0,17.0,-1.7
68,2022-02-05 08:02:52,25.0,45.0,17.0,-1.7
69,2022-02-05 08:03:02,25.0,45.0,17.0,-1.7
70,2022-02-05 08:03:12,25.0,45.0,17.0,-1.7
71,2022-02-05 08:03:22,25.0,45.0,17.0,-1.7
72,2022-02-05 08:03:32,25.0,45.0,17.0,-1.7
73,2022-02-05 08:03:42,25.0,45.0,17.0,-1.7
74,2022-02-05 08:03:52,25.0,45.0,17.0,-1.7
75,2022-02-05 08:04:02,25.0,45.0,17.0,-1.7
76,2022-02-05 08:04:12,25.0,45.0,17.0,-1.7
77,2022-02-05 08:04:22,25.0,45.0,17.0,-1.7
78,2022-02-05 08:04:32,25.0,45.0,17.0,-1.7
79,2022-02-05 08:04:42,25.0,45.0,17.0,-1.7
80,2022-02-05 08:04:52,25.0,45.0,17.0,-1.7
81,2022-02-05 08:05:02,25.0,45.0,17.0,-1.7
82,2022-02-05 08:05:12,25.0,45.0,17.0,-1.7
83,2022-02-05 08:05:22,25.0,45.0,17.0,-1.7
84,2022-02-05 08:05:32,25.0,45.0,17.0,-1.7
85,2022-02-05 08:05:42,25.0,45.0,17.0,-1.7
86,2022-02-05 08:05:52,25.0,45.0,17.0,-1.7
87,2022-02-05 08:06:02,25.0,45.0,17.0,-1.7
88,2022-02-05 08:06:12,25.0,45.0,17.0,-1.7
89,2022-02-05 08:06:22,25.0,45.0,17.0,-1.7
90,2022-02-05 08:06:32,25.0,45.0,17.0,-1.7
91,2022-02-05 08:06:42,25.0,45.0,17.0,-1.7
92,2022-02-05 08:06:52,25.0,45.0,17.0,-1.7
93,2022-02-05 08:07:02,25.0,45.0,17.0,-1.7
94,2022-02-05 08:07:12,25.0,45.0,17.0,-1.7
95,2022-02-05 08:07:22,25.0,45.0,17.0,-1.7
96,2022-02-05 08:07:32,25.0,45.0,17.0,-1.7
97,2022-02-05 08:07:42,25.0,45.0,17.0,-1.7
98,2022-02-05 08:07:52,25.0,45.0,17.0,-1.7
99,2022-02-05 08:08:02,25.0,45.0,17.0,-1.7
100,2022-02-05 08:08:12,25.0,45.0,17.0,-1.7
101,2022-02-05 08:08:22,25.0,45.0,17.0,-1.7
102,2022-02-05 08:08:32,25.0,45.0,17.0,-1.7
103,2022-02-05 08:08:42,25.0,45.0,17.0,-1.7
104,2022-02-05 08:08:52,25.0,45.0,17.0,-1.7
105,2022-02-05 08:09:02,25.0,45.0,17.0,-1.7
106,2022-02-05 08:09:12,25.0,45.0,17.0,-1.7
107,2022-02-05 08:09:22,25.0,45.0,17.0,-1.7
108,2022-02-05 08:09:32,25.0,45.0,17.0,-1.7
109,2022-02-05 08:09:42,25.0,45.0,17.0,-1.7
110,2022-02-05 08:09:52,25.0,45.0,17.0,-1.7
111,2022-02-05 08:10:02,25.0,45.0,17.0,-1.7
112,2022-02-05 08:10:12,25.0,45.0,17.0,-1.7
113,2022-02-05 08:10:22,25.0,45.0,17.0,-1.7
114,2022-02-05 08:10:32,25.0,45.0,17.0,-1.7
115,2022-02-05 08:10:42,25.0,45.0,17.0,-1.7
116,2022-02-05 08:10:52,25.0,45.0,17.0,-1.7
117,2022-02-05 08:11:02,25.0,45.0,17.0,-1.7
118,2022-02-05 08:11:12,25.0,45.0,17.0,-1.7
119,2022-02-05 08:11:22,25.0,45.0,17.0,-1.7
120,2022-02-05 08:11:32,25.0,45.0,17.0,-1.7
121,2022-02-05 08:11:42,25.0,45.0,17.0,-1.7
122,2022-02-05 08:11:52,25.0,45.0,17.0,-1.7
123,2022-02-05 08:12:02,25.0,45.0,17.0,-1.7
124,2022-02-05 08:12:12,25.0,45.0,17.0,-1.7
125,2022-02-05 08:12:22,25.0,45.0,17.0,-1.7
126,2022-02-05 08:12:32,25.0,45.0,17.0,-1.7
127,2022-02-05 08:12:42,25.0,45.0,17.0,-1.7
128,2022-02-05 08:12:52,25.0,45.0,17.0,-1.7
129,2022-02-05 08:13:02,25.0,45.0,17.0,-1.7
130,2022-02-05 08:13:12,25.0,45.0,17.0,-1.7
131,2022-02-05 08:13:22,25.0,45.0,17.0,-1.7
132,2022-02-05 08:13:32,25.0,45.0,17.0,-1.7
133,2022-02-05 08:13:42,25.0,45.0,17.0,-1.7
134,2022-02-05 08:13:52,25.0,45.0,17.0,-1.7
135,2022-02-05 08:14:02,25.0,45.0,17.0,-1.7
136,2022-02-05 08:14:12,25.0,45.0,17.0,-1.7
137,2022-02-05 08:14:22,25.0,45.0,17.0,-1.7
138,2022-02-05 08:14:32,25.0,45.0,17.0,-1.7
139,2022-02-05 08:14:42,25.0,45.0,17.0,-1.7
140,2022-02-05 08:14:52,25.0,45.0,17.0,-1.7
141,2022-02-05 08:15:02,25.0,45.0,17.0,-1.7
142,2022-02-05 08:15:12,25.0,45.0,17.0,-1.7
143,2022-02-05 08:15:22,25.0,45.0,17.0,-1.7
144,2022-02-05 08:15:32,25.0,45.0,17.0,-1.7
145,2022-02-05 08:15:42,25.0,45.0,17.0,-1.7
146,2022-02-05 08:15:52,25.0,45.0,17.0,-1.7
147,2022-02-05 08:16:02,25.0,45.0,17.0,-1.7
148,2022-02-05 08:16:12,25.0,45.0,17.0,-1.7
149,2022-02-05 08:16:22,25.0,45.0,17.0,-1.7
150,2022-02-05 08:16:32,25.0,45.0,17.0,-1.7
151,2022-02-05 08:16:42,25.0,45.0,17.0,-1.7
152,2022-02-05 08:16:52,25.0,45.0,17.0,-1.7
153,2022-02-05 08:17:02,25.0,45.0,17.0,-1.7
154,2022-02-05 08:17:12,25.0,45.0,17.0,-1.7
155,2022-02-05 08:17:22,25.0,45.0,17.0,-1.7
156,2022-02-05 08:17:32,25.0,45.0,17.0,-1.7
157,2022-02-05 08:17:42,25.0,45.0,17.0,-1.7
158,2022-02-05 08:17:52,25.0,45.0,17.0,-1.7
159,2022-02-05 08:18:02,25.0,45.0,17.0,-1.7
160,2022-02-05 08:18:12,25.0,45.0,17.0,-1.7
161,2022-02-05 08:18:22,25.0,45.0,17.0,-1.7
162,2022-02-05 08:18:32,25.0,45.0,17.0,-1.7
163,2022-02-05 08:18:42,25.0,45.0,17.0,-1.7
164,2022-02-05 08:18:52,25.0,45.0,17.0,-1.7
165,2022-02-05 08:19:02,25.0,45.0,17.0,-1.7
166,2022-02-05 08:19:12,25.0,45.0,17.0,-1.7
167,2022-02-05 08:19:22,25.0,45.0,17.0,-1.7
168,2022-02-05 08:19:32,25.0,45.0,17.0,-1.7
169,2022-02-05 08:19:42,25.0,45.0,17.0,-1.7
170,2022-02-05 08:19:52,25.0,45.0,17.0,-1.7
171,2022-02-05 08:20:02,25.0,45.0,17.0,-1.7
172,2022-02-05 08:20:12,25.0,45.0,17.0,-1.7
173,2022-02-05 08:20:22,25.0,45.0,17.0,-1.7
174,2022-02-05 08:20:32,25.0,45.0,17.0,-1.7
175,2022-02-05 08:20:42,25.0,45.0,17.0,-1.7
176,2022-02-05 08:20:52,25.0,45.0,17.0,-1.7
177,2022-02-05 08:21:02,25.0,45.0,17.0,-1.7
178,2022-02-05 08:21:12,25.0,45.0,17.0,-1.7
179,2022-02-05 08:21:22,25.0,45.0,17.0,-1.7
180,2022-02-05 08:21:32,25.0,45.0,17.0,-1.7
181,2022-02-05 08:21:42,25.0,45.0,17.0,-1.7
182,2022-02-05 08:21:52,25.0,45.0,17.0,-1.7
183,2022-02-05 08:22:02,25.0,45.0,17.0,-1.7
184,2022-02-05 08:22:12,25.0,45.0,17.0,-1.7
185,2022-02-05 08:22:22,25.0,45.0,17.0,-1.7
186,2022-02-05 08:22:32,25.0,45.0,17.0,-1.7
187,2022-02-05 08:22:42,25.0,45.0,17.0,-1.7
188,2022-02-05 08:22:52,25.0,45.0,17.0,-1.7
189,2022-02-05 08:23:02,25.0,45.0,17.0,-1.7
190,2022-02-05 08:23:12,25.0,45.0,17.0,-1.7
191,2022-02-05 08:23:22,25.0,45.0,17.0,-1.7
192,2022-02-05 08:23:32,25.0,45.0,17.0,-1.7
193,2022-02-05 08:23:42,25.0,45.0,17.0,-1.7
194,2022-02-05 08:23:52,25.0,45.0,17.0,-1.7
195,2022-02-05 08:24:02,25.0,45.0,17.0,-1.7
196,2022-02-05 08:24:12,25.5,45.0,17.0,-1.3
197,2022-02-05 08:24:22,25.5,45.0,17.0,-1.3
198,2022-02-05 08:24:32,25.5,45.0,17.0,-1.3
199,2022-02-05 08:24:42,25.5,45.0,17.0,-1.3
200,2022-02-05 08:24:52,25.5,45.0,17.0,-1.3
201,2022-02-05 08:25:02,25.5,45.0,17.0,-1.3
202,2022-02-05 08:25:12,25.5,45.0,17.0,-1.3
203,2022-02-05 08:25:22,25.5,45.0,17.0,-1.3
204,2022-02-05 08:25:32,25.5,45.0,17.0,-1.3
205,2022-02-05 08:25:42,25.5,45.0,17.0,-1.3
206,2022-02-05 08:25:52,25.5,45.0,17.0,-1.3
207,2022-02-05 08:26:02,25.5,45.0,17.0,-1.3
208,2022-02-05 08:26:12,25.5,45.0,17.0,-1.3
209,2022-02-05 08:26:22,25.5,45.0,17.0,-1.3
210,2022-02-05 08:26:32,25.5,45.0,17.0,-1.3
211,2022-02-05 08:26:42,25.5,45.0,17.0,-1.3
212,2022-02-05 08:26:52,25.5,45.0,17.0,-1.3
213,2022-02-05 08:27:02,25.5,45.0,17.0,-1.3
214,2022-02-05 08:27:12,25.5,45.0,17.0,-1.3
215,2022-02-05 08:27:22,25.5,45.0,17.0,-1.3
216,2022-02-05 08:27:32,25.5,45.0,17.0,-1.3
217,2022-02-05 08:27:42,25.5,45.0,17.0,-1.3
218,2022-02-05 08:27:52,25.5,45.0,17.0,-1.3
219,2022-02-05 08:28:02,25.5,45.0,17.0,-1.3
220,2022-02-05 08:28:12,25.5,45.0,17.0,-1.3
221,2022-02-05 08:28:22,25.5,45.0,17.0,-1.3
222,2022-02-05 08:28:32,25.5,45.0,17.0,-1.3
223,2022-02-05 08:28:42,25.5,45.0,17.0,-1.3
224,2022-02-05 08:28:52,25.5,45.0,17.0,-1.3
225,2022-02-05 08:29:02,25.5,45.0,17.0,-1.3
226,2022-02-05 08:29:12,25.5,45.0,17.0,-1.3
227,2022-02-05 08:29:22,25.5,45.0,17.0,-1.3
228,2022-02-05 08:29:32,25.5,45.0,17.0,-1.3
229,2022-02-05 08:29:42,25.5,45.0,17.0,-1.3
230,2022-02-05 08:29:52,25.5,45.0,17.0,-1.3
231,2022-02-05 08:30:02,25.5,45.0,17.0,-1.3
232,2022-02-05 08:30:12,25.5,45.0,17.0,-1.3
233,2022-02-05 08:30:22,25.5,45.0,17.0,-1.3
234,2022-02-05 08:30:32,25.5,45.0,17.0,-1.3
235,2022-02-05 08:30:42,25.5,45.0,17.0,-1.3
236,2022-02-05 08:30:52,25.5,45.0,17.0,-1.3
237,2022-02-05 08:31:02,25.5,45.0,17.0,-1.3
238,2022-02-05 08:31:12,25.5,45.0,17.0,-1.3
239,2022-02-05 08:31:22,25.5,45.0,16.5,-1.7
240,2022-02-05 08:31:32,25.5,45.0,16.5,-1.7
241,2022-02-05 08:31:42,25.5,45.0,17.0,-1.3
242,2022-02-05 08:31:52,25.5,45.0,16.5,-1.7
243,2022-02-05 08:32:02,25.5,45.0,16.5,-1.7
244,2022-02-05 08:32:12,25.5,45.0,16.5,-1.7
245,2022-02-05 08:32:22,25.5,45.0,16.5,-1.7
246,2022-02-05 08:32:32,25.5,45.0,16.5,-1.7
247,2022-02-05 08:32:42,25.5,45.0,16.5,-1.7
248,2022-02-05 08:32:52,25.5,45.0,16.5,-1.7
249,2022-02-05 08:33:02,25.5,45.0,16.5,-1.7
250,2022-02-05 08:33:12,25.5,45.0,16.5,-1.7
251,2022-02-05 08:33:22,25.5,45.0,16.5,-1.7
252,2022-02-05 08:33:32,25.5,45.0,16.5,-1.7
253,2022-02-05 08:33:42,25.5,45.0,16.5,-1.7
254,2022-02-05 08:33:52,25.5,45.0,16.5,-1.7
255,2022-02-05 08:34:02,26.0,45.0,17.0,-0.9
256,2022-02-05 08:34:12,26.0,45.0,17.0,-0.9
257,2022-02-05 08:34:22,26.0,45.0,16.5,-1.3
258,2022-02-05 08:34:32,26.0,45.0,16.5,-1.3
259,2022-02-05 08:34:42,26.0,45.0,16.5,-1.3
260,2022-02-05 08:34:52,26.0,45.0,16.5,-1.3
261,2022-02-05 08:35:02,26.0,45.0,16.5,-1.3
262,2022-02-05 08:35:12,26.0,45.0,16.5,-1.3
263,2022-02-05 08:35:22,26.0,45.0,16.5,-1.3
264,2022-02-05 08:35:32,26.0,45.0,16.5,-1.3
265,2022-02-05 08:35:42,26.0,45.0,16.5,-1.3
266,2022-02-05 08:35:52,26.0,45.0,16.5,-1.3
267,2022-02-05 08:36:02,26.0,45.0,16.5,-1.3
268,2022-02-05 08:36:12,26.0,45.0,16.5,-1.3
269,2022-02-05 08:36:22,26.0,45.0,16.5,-1.3
270,2022-02-05 08:36:32,26.0,45.0,16.5,-1.3
271,2022-02-05 08:36:42,26.0,45.0,16.5,-1.3
272,2022-02-05 08:36:52,26.0,45.0,16.5,-1.3
273,2022-02-05 08:37:02,26.0,45.0,16.5,-1.3
274,2022-02-05 08:37:12,26.0,45.0,16.5,-1.3
275,2022-02-05 08:37:22,26.0,45.0,16.5,-1.3
276,2022-02-05 08:37:32,26.0,45.0,16.5,-1.3
277,2022-02-05 08:37:42,26.0,45.0,16.5,-1.3
278,2022-02-05 08:37:52,26.0,45.0,16.5,-1.3
279,2022-02-05 08:38:02,26.0,45.0,16.5,-1.3
280,2022-02-05 08:38:12,26.0,45.0,16.5,-1.3
281,2022-02-05 08:38:22,26.0,45.0,16.5,-1.3
282,2022-02-05 08:38:32,26.0,45.0,16.5,-1.3
283,2022-02-05 08:38:42,26.0,45.0,16.5,-1.3
284,2022-02-05 08:38:52,26.0,45.0,16.5,-1.3
285,2022-02-05 08:39:02,26.0,45.0,16.5,-1.3
286,2022-02-05 08:39:12,26.0,45.0,16.5,-1.3
287,2022-02-05 08:39:22,26.0,45.0,16.5,-1.3
288,2022-02-05 08:39:32,26.0,45.0,16.5,-1.3
289,2022-02-05 08:39:42,26.0,45.0,16.5,-1.3
290,2022-02-05 08:39:52,26.0,45.0,16.5,-1.3
291,2022-02-05 08:40:02,26.0,45.0,16.5,-1.3
292,2022-02-05 08:40:12,26.0,45.0,16.5,-1.3
293,2022-02-05 08:40:22,26.0,45.0,16.5,-1.3
294,2022-02-05 08:40:32,26.0,45.0,16.5,-1.3
295,2022-02-05 08:40:42,26.0,45.0,16.5,-1.3
296,2022-02-05 08:40:52,26.0,45.0,16.5,-1.3
297,2022-02-05 08:41:02,26.0,45.0,16.5,-1.3
298,2022-02-05 08:41:12,26.0,45.0,16.5,-1.3
299,2022-02-05 08:41:22,26.0,45.0,16.5,-1.3
300,2022-02-05 08:41:32,26.0,45.0,16.5,-1.3
301,2022-02-05 08:41:42,26.0,45.0,16.5,-1.3
302,2022-02-05 08:41:52,26.0,45.0,16.5,-1.3
303,2022-02-05 08:42:02,26.0,45.0,16.5,-1.3
304,2022-02-05 08:42:12,26.0,45.0,16.5,-1.3
305,2022-02-05 08:42:22,26.0,45.0,16.5,-1.3
306,2022-02-05 08:42:32,26.0,45.0,16.5,-1.3
307,2022-02-05 08:42:42,26.0,45.0,16.5,-1.3
308,2022-02-05 08:42:52,26.0,45.0,16.5,-1.3
309,2022-02-05 08:43:02,26.0,45.0,16.5,-1.3
310,2022-02-05 08:43:12,26.0,45.0,16.5,-1.3
311,2022-02-05 08:43:22,26.0,45.0,16.5,-1.3
312,2022-02-05 08:43:32,26.0,45.0,16.5,-1.3
313,2022-02-05 08:43:42,26.0,45.0,16.5,-1.3
314,2022-02-05 08:43:52,26.0,45.0,16.5,-1.3
315,2022-02-05 08:44:02,26.0,45.0,16.5,-1.3
316,2022-02-05 08:44:12,26.0,45.0,16.5,-1.3
317,2022-02-05 08:44:22,26.0,45.0,16.5,-1.3
318,2022-02-05 08:44:32,26.0,45.0,16.5,-1.3
319,2022-02-05 08:44:42,26.0,45.0,16.5,-1.3
320,2022-02-05 08:44:52,26.0,45.0,16.5,-1.3
321,2022-02-05 08:45:02,26.0,45.0,16.5,-1.3
322,2022-02-05 08:45:12,26.0,45.0,16.5,-1.3
323,2022-02-05 08:45:22,26.0,45.0,16.5,-1.3
324,2022-02-05 08:45:32,26.0,45.0,16.5,-1.3
325,2022-02-05 08:45:42,26.0,45.0,16.5,-1.3
326,2022-02-05 08:45:52,26.0,45.0,16.5,-1.3
327,2022-02-05 08:46:02,26.0,45.0,16.5,-1.3
328,2022-02-05 08:46:12,26.0,45.0,16.5,-1.3
329,2022-02-05 08:46:22,26.0,45.0,16.5,-1.3
330,2022-02-05 08:46:32,26.0,45.0,16.5,-1.3
331,2022-02-05 08:46:42,26.0,45.0,16.5,-1.3
332,2022-02-05 08:46:52,26.0,45.0,16.5,-1.3
333,2022-02-05 08:47:02,26.0,45.0,16.5,-1.3
334,2022-02-05 08:47:12,26.0,45.0,16.5,-1.3
335,2022-02-05 08:47:22,26.0,45.0,16.5,-1.3
336,2022-02-05 08:47:32,26.0,45.0,16.5,-1.3
337,2022-02-05 08:47:42,26.0,45.0,16.5,-1.3
338,2022-02-05 08:47:52,26.0,45.0,16.5,-1.3
339,2022-02-05 08:48:02,26.0,45.0,16.5,-1.3
340,2022-02-05 08:48:12,26.0,45.0,16.5,-1.3
341,2022-02-05 08:48:22,26.0,45.0,16.5,-1.3
342,2022-02-05 08:48:32,26.0,45.0,16.5,-1.3
343,2022-02-05 08:48:42,26.0,45.0,16.5,-1.3
344,2022-02-05 08:48:52,26.0,45.0,16.5,-1.3
345,2022-02-05 08:49:02,26.0,45.0,16.5,-1.3
346,2022-02-05 08:49:12,26.0,45.0,16.5,-1.3
347,2022-02-05 08:49:22,26.0,45.0,16.5,-1.3
348,2022-02-05 08:49:32,26.0,45.0,16.5,-1.3
349,2022-02-05 08:49:42,26.0,45.0,16.5,-1.3
350,2022-02-05 08:49:52,26.0,45.0,16.5,-1.3
351,2022-02-05 08:50:02,26.0,45.0,16.5,-1.3
352,2022-02-05 08:50:12,26.0,45.0,16.5,-1.3
353,2022-02-05 08:50:22,26.0,45.0,16.5,-1.3
354,2022-02-05 08:50:32,26.0,45.0,16.5,-1.3
355,2022-02-05 08:50:42,26.0,45.0,16.5,-1.3
356,2022-02-05 08:50:52,26.0,45.0,16.5,-1.3
357,2022-02-05 08:51:02,26.0,45.0,16.5,-1.3
358,2022-02-05 08:51:12,26.0,45.0,16.5,-1.3
359,2022-02-05 08:51:22,26.0,45.0,16.5,-1.3
360,2022-02-05 08:51:32,26.0,45.0,16.5,-1.3
361,2022-02-05 08:51:42,26.0,45.0,16.5,-1.3
362,2022-02-05 08:51:52,26.0,45.0,16.5,-1.3
363,2022-02-05 08:52:02,26.0,45.0,16.5,-1.3
364,2022-02-05 08:52:12,26.0,45.0,16.5,-1.3
365,2022-02-05 08:52:22,26.0,45.0,16.5,-1.3
366,2022-02-05 08:52:32,26.0,45.0,16.5,-1.3
367,2022-02-05 08:52:42,26.0,45.0,16.5,-1.3
368,2022-02-05 08:52:52,26.0,45.0,16.5,-1.3
369,2022-02-05 08:53:02,26.0,45.0,16.5,-1.3
370,2022-02-05 08:53:12,26.0,45.0,16.5,-1.3
371,2022-02-05 08:53:22,26.0,45.0,16.5,-1.3
372,2022-02-05 08:53:32,26.0,45.0,16.5,-1.3
373,2022-02-05 08:53:42,26.0,45.0,16.5,-1.3
374,2022-02-05 08:53:52,26.0,45.0,16.5,-1.3
375,2022-02-05 08:54:02,26.0,45.0,16.5,-1.3
376,2022-02-05 08:54:12,26.0,45.0,16.5,-1.3
377,2022-02-05 08:54:22,26.0,45.0,16.0,-1.7
378,2022-02-05 08:54:32,26.0,45.0,16.5,-1.3
379,2022-02-05 08:54:42,26.0,45.0,16.0,-1.7
380,2022-02-05 08:54:52,26.0,45.0,16.0,-1.7
381,2022-02-05 08:55:02,26.0,45.0,16.0,-1.7
382,2022-02-05 08:55:12,26.0,45.0,16.0,-1.7
383,2022-02-05 08:55:22,26.0,45.0,16.0,-1.7
384,2022-02-05 08:55:32,26.0,45.0,16.0,-1.7
385,2022-02-05 08:55:42,26.0,45.0,16.0,-1.7
386,2022-02-05 08:55:52,26.0,45.0,16.0,-1.7
387,2022-02-05 08:56:02,26.0,45.0,16.5,-1.3
388,2022-02-05 08:56:12,26.0,45.0,16.0,-1.7
389,2022-02-05 08:56:22,26.0,45.0,16.0,-1.7
390,2022-02-05 08:56:32,26.0,45.0,16.0,-1.7
391,2022-02-05 08:56:42,26.0,45.0,16.0,-1.7
392,2022-02-05 08:56:52,26.0,45.0,16.0,-1.7
393,2022-02-05 08:57:02,26.0,45.0,16.0,-1.7
394,2022-02-05 08:57:12,26.0,45.0,16.0,-1.7
395,2022-02-05 08:57:22,26.0,45.0,16.0,-1.7
396,2022-02-05 08:57:32,26.0,45.0,16.0,-1.7
397,2022-02-05 08:57:42,26.0,45.0,16.0,-1.7
398,2022-02-05 08:57:52,26.0,45.0,16.0,-1.7
399,2022-02-05 08:58:02,26.0,45.0,16.0,-1.7
400,2022-02-05 08:58:12,26.0,45.0,16.0,-1.7
401,2022-02-05 08:58:22,26.0,45.0,16.0,-1.7
402,2022-02-05 08:58:32,26.0,45.0,16.0,-1.7
403,2022-02-05 08:58:42,26.0,45.0,16.0,-1.7
404,2022-02-05 08:58:52,26.0,45.0,16.0,-1.7
405,2022-02-05 08:59:02,26.0,45.0,16.0,-1.7
406,2022-02-05 08:59:12,26.0,45.0,16.0,-1.7
407,2022-02-05 08:59:22,26.0,45.0,16.0,-1.7
408,2022-02-05 08:59:32,26.0,45.0,16.0,-1.7
409,2022-02-05 08:59:42,26.0,45.0,16.0,-1.7
410,2022-02-05 08:59:52,26.0,45.0,16.0,-1.7
411,2022-02-05 09:00:02,26.0,45.0,16.0,-1.7
412,2022-02-05 09:00:12,26.0,45.0,16.0,-1.7
413,2022-02-05 09:00:22,26.0,45.0,16.0,-1.7
414,2022-02-05 09:00:32,26.0,45.0,16.0,-1.7
415,2022-02-05 09:00:42,26.0,45.0,16.0,-1.7
416,2022-02-05 09:00:52,26.0,45.0,16.0,-1.7
417,2022-02-05 09:01:02,26.0,45.0,16.0,-1.7
418,2022-02-05 09:01:12,26.0,45.0,16.0,-1.7
419,2022-02-05 09:01:22,26.0,45.0,16.0,-1.7
420,2022-02-05 09:01:32,26.0,45.0,16.0,-1.7
421,2022-02-05 09:01:42,26.0,45.0,16.0,-1.7
422,2022-02-05 09:01:52,26.0,45.0,16.0,-1.7
423,2022-02-05 09:02:02,26.0,45.0,16.0,-1.7
424,2022-02-05 09:02:12,25.5,45.0,16.0,-2.1
425,2022-02-05 09:02:22,25.5,45.0,16.0,-2.1
426,2022-02-05 09:02:32,25.5,45.0,16.0,-2.1
427,2022-02-05 09:02:42,25.5,45.0,18.5,-0.2
428,2022-02-05 09:02:52,25.5,45.0,20.5,1.3
429,2022-02-05 09:03:02,25.5,45.0,22.5,2.6
