HSPi_6_02_17_22,Time,Celsius(°C),High Alarm,Humidity(%rh),Dew Point(°C),Serial Number
1,2022-02-17 07:49:39,25.0,44.5,37.0,9.3,010126936
2,2022-02-17 07:49:49,25.0,44.5,37.0,9.3
3,2022-02-17 07:49:59,25.0,44.5,37.5,9.5
4,2022-02-17 07:50:09,25.0,44.5,36.5,9.1
5,2022-02-17 07:50:19,25.0,44.5,36.0,8.9
6,2022-02-17 07:50:29,25.0,44.5,35.5,8.7
7,2022-02-17 07:50:39,25.5,44.5,35.5,9.1
8,2022-02-17 07:50:49,25.5,44.5,35.5,9.1
9,2022-02-17 07:50:59,25.5,44.5,35.0,8.9
10,2022-02-17 07:51:09,25.5,44.5,35.0,8.9
11,2022-02-17 07:51:19,25.5,44.5,35.0,8.9
12,2022-02-17 07:51:29,25.5,44.5,35.0,8.9
13,2022-02-17 07:51:39,25.5,44.5,35.0,8.9
14,2022-02-17 07:51:49,25.5,44.5,35.0,8.9
15,2022-02-17 07:51:59,25.5,44.5,35.0,8.9
16,2022-02-17 07:52:09,25.5,44.5,35.0,8.9
17,2022-02-17 07:52:19,25.5,44.5,35.5,9.1
18,2022-02-17 07:52:29,25.5,44.5,35.0,8.9
19,2022-02-17 07:52:39,25.5,44.5,35.5,9.1
20,2022-02-17 07:52:49,26.0,44.5,35.5,9.6
21,2022-02-17 07:52:59,26.0,44.5,35.0,9.4
22,2022-02-17 07:53:09,26.0,44.5,35.0,9.4
23,2022-02-17 07:53:19,26.5,44.5,34.5,9.6
24,2022-02-17 07:53:29,27.0,44.5,34.0,9.8
25,2022-02-17 07:53:39,27.0,44.5,33.5,9.6
26,2022-02-17 07:53:49,27.5,44.5,33.0,9.8
27,2022-02-17 07:53:59,28.0,44.5,32.5,10.0
28,2022-02-17 07:54:09,28.5,44.5,32.0,10.2
29,2022-02-17 07:54:19,29.0,44.5,31.0,10.2
30,2022-02-17 07:54:29,29.0,44.5,30.5,9.9
31,2022-02-17 07:54:39,29.5,44.5,30.0,10.1
32,2022-02-17 07:54:49,30.0,44.5,29.5,10.3
33,2022-02-17 07:54:59,30.5,44.5,28.5,10.2
34,2022-02-17 07:55:09,31.0,44.5,28.5,10.6
35,2022-02-17 07:55:19,31.5,44.5,27.5,10.5
36,2022-02-17 07:55:29,31.5,44.5,27.0,10.2
37,2022-02-17 07:55:39,32.0,44.5,26.5,10.4
38,2022-02-17 07:55:49,32.5,44.5,26.0,10.5
39,2022-02-17 07:55:59,33.0,44.5,26.0,10.9
40,2022-02-17 07:56:09,33.0,44.5,25.5,10.7
41,2022-02-17 07:56:19,33.5,44.5,25.0,10.8
42,2022-02-17 07:56:29,34.0,44.5,24.5,10.9
43,2022-02-17 07:56:39,34.5,44.5,24.0,11.0
44,2022-02-17 07:56:49,34.5,44.5,24.0,11.0
45,2022-02-17 07:56:59,35.0,44.5,23.5,11.1
46,2022-02-17 07:57:09,35.0,44.5,23.5,11.1
47,2022-02-17 07:57:19,35.5,44.5,23.0,11.2
48,2022-02-17 07:57:29,35.5,44.5,23.0,11.2
49,2022-02-17 07:57:39,36.0,44.5,23.0,11.6
50,2022-02-17 07:57:49,36.5,44.5,22.5,11.7
51,2022-02-17 07:57:59,36.5,44.5,22.0,11.3
52,2022-02-17 07:58:09,37.0,44.5,22.0,11.8
53,2022-02-17 07:58:19,37.0,44.5,21.5,11.4
54,2022-02-17 07:58:29,37.0,44.5,21.5,11.4
55,2022-02-17 07:58:39,37.5,44.5,21.5,11.8
56,2022-02-17 07:58:49,37.5,44.5,21.0,11.5
57,2022-02-17 07:58:59,38.0,44.5,21.0,11.9
58,2022-02-17 07:59:09,38.0,44.5,21.0,11.9
59,2022-02-17 07:59:19,38.5,44.5,20.5,11.9
60,2022-02-17 07:59:29,38.5,44.5,20.5,11.9
61,2022-02-17 07:59:39,38.5,44.5,20.5,11.9
62,2022-02-17 07:59:49,39.0,44.5,20.0,12.0
63,2022-02-17 07:59:59,39.0,44.5,20.0,12.0
64,2022-02-17 08:00:09,39.0,44.5,20.0,12.0
65,2022-02-17 08:00:19,39.5,44.5,20.0,12.4
66,2022-02-17 08:00:29,39.5,44.5,19.5,12.0
67,2022-02-17 08:00:39,39.5,44.5,19.5,12.0
68,2022-02-17 08:00:49,40.0,44.5,19.5,12.4
69,2022-02-17 08:00:59,40.0,44.5,19.5,12.4
70,2022-02-17 08:01:09,40.0,44.5,19.0,12.0
71,2022-02-17 08:01:19,40.0,44.5,19.0,12.0
72,2022-02-17 08:01:29,40.5,44.5,19.0,12.4
73,2022-02-17 08:01:39,40.5,44.5,19.0,12.4
74,2022-02-17 08:01:49,40.5,44.5,19.0,12.4
75,2022-02-17 08:01:59,40.5,44.5,19.0,12.4
76,2022-02-17 08:02:09,41.0,44.5,18.5,12.4
77,2022-02-17 08:02:19,41.0,44.5,18.5,12.4
78,2022-02-17 08:02:29,41.0,44.5,18.5,12.4
79,2022-02-17 08:02:39,41.0,44.5,18.5,12.4
80,2022-02-17 08:02:49,41.0,44.5,18.5,12.4
81,2022-02-17 08:02:59,41.5,44.5,18.0,12.4
82,2022-02-17 08:03:09,41.5,44.5,18.0,12.4
83,2022-02-17 08:03:19,41.5,44.5,18.0,12.4
84,2022-02-17 08:03:29,41.5,44.5,18.0,12.4
85,2022-02-17 08:03:39,41.5,44.5,18.0,12.4
86,2022-02-17 08:03:49,41.5,44.5,18.0,12.4
87,2022-02-17 08:03:59,42.0,44.5,18.0,12.8
88,2022-02-17 08:04:09,42.0,44.5,18.0,12.8
89,2022-02-17 08:04:19,42.0,44.5,18.0,12.8
90,2022-02-17 08:04:29,42.0,44.5,18.0,12.8
91,2022-02-17 08:04:39,42.0,44.5,18.0,12.8
92,2022-02-17 08:04:49,42.0,44.5,18.0,12.8
93,2022-02-17 08:04:59,42.0,44.5,18.0,12.8
94,2022-02-17 08:05:09,42.0,44.5,18.0,12.8
95,2022-02-17 08:05:19,42.0,44.5,18.0,12.8
96,2022-02-17 08:05:29,42.0,44.5,18.0,12.8
97,2022-02-17 08:05:39,42.0,44.5,17.5,12.3
98,2022-02-17 08:05:49,42.0,44.5,17.5,12.3
99,2022-02-17 08:05:59,42.0,44.5,17.5,12.3
100,2022-02-17 08:06:09,42.0,44.5,17.5,12.3
101,2022-02-17 08:06:19,42.5,44.5,17.5,12.7
102,2022-02-17 08:06:29,42.5,44.5,17.5,12.7
103,2022-02-17 08:06:39,42.5,44.5,17.5,12.7
104,2022-02-17 08:06:49,42.5,44.5,17.5,12.7
105,2022-02-17 08:06:59,42.5,44.5,17.5,12.7
106,2022-02-17 08:07:09,42.5,44.5,17.5,12.7
107,2022-02-17 08:07:19,42.5,44.5,17.5,12.7
108,2022-02-17 08:07:29,42.5,44.5,17.5,12.7
109,2022-02-17 08:07:39,42.5,44.5,18.0,13.2
110,2022-02-17 08:07:49,42.5,44.5,17.5,12.7
111,2022-02-17 08:07:59,42.5,44.5,17.5,12.7
112,2022-02-17 08:08:09,42.5,44.5,17.5,12.7
113,2022-02-17 08:08:19,42.5,44.5,17.5,12.7
114,2022-02-17 08:08:29,42.5,44.5,17.5,12.7
115,2022-02-17 08:08:39,42.5,44.5,17.5,12.7
116,2022-02-17 08:08:49,42.0,44.5,17.5,12.3
117,2022-02-17 08:08:59,42.0,44.5,17.5,12.3
118,2022-02-17 08:09:09,42.0,44.5,17.5,12.3
119,2022-02-17 08:09:19,42.0,44.5,17.5,12.3
120,2022-02-17 08:09:29,42.0,44.5,17.5,12.3
121,2022-02-17 08:09:39,42.0,44.5,17.5,12.3
122,2022-02-17 08:09:49,42.0,44.5,17.5,12.3
123,2022-02-17 08:09:59,42.0,44.5,17.5,12.3
124,2022-02-17 08:10:09,42.0,44.5,17.5,12.3
125,2022-02-17 08:10:19,42.0,44.5,17.5,12.3
126,2022-02-17 08:10:29,42.0,44.5,18.0,12.8
127,2022-02-17 08:10:39,42.0,44.5,18.0,12.8
128,2022-02-17 08:10:49,42.0,44.5,18.0,12.8
129,2022-02-17 08:10:59,42.0,44.5,18.0,12.8
130,2022-02-17 08:11:09,42.0,44.5,18.0,12.8
131,2022-02-17 08:11:19,42.0,44.5,17.5,12.3
132,2022-02-17 08:11:29,42.0,44.5,17.5,12.3
133,2022-02-17 08:11:39,42.0,44.5,18.0,12.8
134,2022-02-17 08:11:49,41.5,44.5,18.0,12.4
135,2022-02-17 08:11:59,41.5,44.5,18.0,12.4
136,2022-02-17 08:12:09,41.5,44.5,18.0,12.4
137,2022-02-17 08:12:19,41.5,44.5,18.0,12.4
138,2022-02-17 08:12:29,41.5,44.5,18.0,12.4
139,2022-02-17 08:12:39,41.5,44.5,18.0,12.4
140,2022-02-17 08:12:49,41.5,44.5,18.0,12.4
141,2022-02-17 08:12:59,41.5,44.5,18.0,12.4
142,2022-02-17 08:13:09,41.5,44.5,18.0,12.4
143,2022-02-17 08:13:19,41.5,44.5,18.0,12.4
144,2022-02-17 08:13:29,41.5,44.5,18.0,12.4
145,2022-02-17 08:13:39,41.5,44.5,18.0,12.4
146,2022-02-17 08:13:49,41.0,44.5,18.0,12.0
147,2022-02-17 08:13:59,41.0,44.5,18.0,12.0
148,2022-02-17 08:14:09,41.0,44.5,18.0,12.0
149,2022-02-17 08:14:19,41.0,44.5,18.0,12.0
150,2022-02-17 08:14:29,41.0,44.5,18.0,12.0
151,2022-02-17 08:14:39,41.0,44.5,18.0,12.0
152,2022-02-17 08:14:49,41.0,44.5,18.0,12.0
153,2022-02-17 08:14:59,41.0,44.5,18.0,12.0
154,2022-02-17 08:15:09,41.0,44.5,18.0,12.0
155,2022-02-17 08:15:19,41.0,44.5,18.5,12.4
156,2022-02-17 08:15:29,41.0,44.5,18.5,12.4
157,2022-02-17 08:15:39,41.0,44.5,18.5,12.4
158,2022-02-17 08:15:49,40.5,44.5,18.5,12.0
159,2022-02-17 08:15:59,40.5,44.5,18.5,12.0
160,2022-02-17 08:16:09,40.5,44.5,18.5,12.0
161,2022-02-17 08:16:19,40.5,44.5,18.5,12.0
162,2022-02-17 08:16:29,40.5,44.5,18.5,12.0
163,2022-02-17 08:16:39,40.5,44.5,18.5,12.0
164,2022-02-17 08:16:49,40.5,44.5,18.5,12.0
165,2022-02-17 08:16:59,40.5,44.5,18.5,12.0
166,2022-02-17 08:17:09,40.5,44.5,18.5,12.0
167,2022-02-17 08:17:19,40.5,44.5,18.5,12.0
168,2022-02-17 08:17:29,40.5,44.5,18.5,12.0
169,2022-02-17 08:17:39,40.5,44.5,18.5,12.0
170,2022-02-17 08:17:49,40.5,44.5,18.5,12.0
171,2022-02-17 08:17:59,40.5,44.5,18.5,12.0
172,2022-02-17 08:18:09,40.5,44.5,18.5,12.0
173,2022-02-17 08:18:19,40.5,44.5,18.5,12.0
174,2022-02-17 08:18:29,40.0,44.5,18.5,11.6
175,2022-02-17 08:18:39,40.0,44.5,19.0,12.0
176,2022-02-17 08:18:49,40.0,44.5,19.0,12.0
177,2022-02-17 08:18:59,40.0,44.5,19.0,12.0
178,2022-02-17 08:19:09,40.0,44.5,19.0,12.0
179,2022-02-17 08:19:19,40.0,44.5,19.0,12.0
180,2022-02-17 08:19:29,40.0,44.5,19.0,12.0
181,2022-02-17 08:19:39,40.0,44.5,19.0,12.0
182,2022-02-17 08:19:49,40.0,44.5,19.0,12.0
183,2022-02-17 08:19:59,40.0,44.5,19.0,12.0
184,2022-02-17 08:20:09,40.0,44.5,19.0,12.0
185,2022-02-17 08:20:19,40.0,44.5,19.0,12.0
186,2022-02-17 08:20:29,40.0,44.5,19.0,12.0
187,2022-02-17 08:20:39,40.0,44.5,19.0,12.0
188,2022-02-17 08:20:49,40.0,44.5,19.0,12.0
189,2022-02-17 08:20:59,40.0,44.5,19.0,12.0
190,2022-02-17 08:21:09,40.0,44.5,19.0,12.0
191,2022-02-17 08:21:19,40.0,44.5,19.0,12.0
192,2022-02-17 08:21:29,40.0,44.5,19.0,12.0
193,2022-02-17 08:21:39,40.0,44.5,19.0,12.0
194,2022-02-17 08:21:49,40.0,44.5,19.0,12.0
195,2022-02-17 08:21:59,40.0,44.5,19.0,12.0
196,2022-02-17 08:22:09,40.0,44.5,19.0,12.0
197,2022-02-17 08:22:19,40.0,44.5,19.0,12.0
198,2022-02-17 08:22:29,40.0,44.5,19.0,12.0
199,2022-02-17 08:22:39,40.0,44.5,19.0,12.0
200,2022-02-17 08:22:49,40.0,44.5,19.0,12.0
201,2022-02-17 08:22:59,40.0,44.5,19.0,12.0
202,2022-02-17 08:23:09,40.0,44.5,19.0,12.0
203,2022-02-17 08:23:19,40.0,44.5,19.0,12.0
204,2022-02-17 08:23:29,40.0,44.5,19.0,12.0
205,2022-02-17 08:23:39,40.0,44.5,19.0,12.0
206,2022-02-17 08:23:49,40.0,44.5,19.0,12.0
207,2022-02-17 08:23:59,40.0,44.5,19.0,12.0
208,2022-02-17 08:24:09,40.0,44.5,19.0,12.0
209,2022-02-17 08:24:19,40.0,44.5,19.0,12.0
210,2022-02-17 08:24:29,40.0,44.5,19.0,12.0
211,2022-02-17 08:24:39,40.0,44.5,19.0,12.0
212,2022-02-17 08:24:49,40.0,44.5,19.0,12.0
213,2022-02-17 08:24:59,40.0,44.5,19.0,12.0
214,2022-02-17 08:25:09,40.0,44.5,19.0,12.0
215,2022-02-17 08:25:19,40.0,44.5,19.0,12.0
216,2022-02-17 08:25:29,40.0,44.5,19.0,12.0
217,2022-02-17 08:25:39,40.0,44.5,19.0,12.0
218,2022-02-17 08:25:49,40.0,44.5,19.0,12.0
219,2022-02-17 08:25:59,40.0,44.5,19.0,12.0
220,2022-02-17 08:26:09,40.0,44.5,19.0,12.0
221,2022-02-17 08:26:19,40.0,44.5,19.0,12.0
222,2022-02-17 08:26:29,40.0,44.5,19.0,12.0
223,2022-02-17 08:26:39,40.0,44.5,19.0,12.0
224,2022-02-17 08:26:49,40.0,44.5,19.0,12.0
225,2022-02-17 08:26:59,40.0,44.5,19.0,12.0
226,2022-02-17 08:27:09,40.0,44.5,19.0,12.0
227,2022-02-17 08:27:19,40.0,44.5,19.0,12.0
228,2022-02-17 08:27:29,40.0,44.5,19.0,12.0
229,2022-02-17 08:27:39,40.0,44.5,18.5,11.6
230,2022-02-17 08:27:49,40.0,44.5,19.0,12.0
231,2022-02-17 08:27:59,40.0,44.5,19.0,12.0
232,2022-02-17 08:28:09,40.0,44.5,19.0,12.0
233,2022-02-17 08:28:19,40.0,44.5,19.0,12.0
234,2022-02-17 08:28:29,40.0,44.5,18.5,11.6
235,2022-02-17 08:28:39,40.5,44.5,18.5,12.0
236,2022-02-17 08:28:49,40.5,44.5,18.5,12.0
237,2022-02-17 08:28:59,40.5,44.5,18.5,12.0
238,2022-02-17 08:29:09,40.5,44.5,18.5,12.0
239,2022-02-17 08:29:19,40.5,44.5,18.5,12.0
240,2022-02-17 08:29:29,40.5,44.5,18.5,12.0
241,2022-02-17 08:29:39,40.5,44.5,18.5,12.0
242,2022-02-17 08:29:49,40.5,44.5,18.5,12.0
243,2022-02-17 08:29:59,40.5,44.5,18.5,12.0
244,2022-02-17 08:30:09,40.5,44.5,18.5,12.0
245,2022-02-17 08:30:19,40.5,44.5,18.5,12.0
246,2022-02-17 08:30:29,40.5,44.5,18.5,12.0
247,2022-02-17 08:30:39,40.5,44.5,18.5,12.0
248,2022-02-17 08:30:49,40.5,44.5,18.5,12.0
249,2022-02-17 08:30:59,40.5,44.5,18.5,12.0
250,2022-02-17 08:31:09,40.5,44.5,18.5,12.0
251,2022-02-17 08:31:19,40.5,44.5,18.5,12.0
252,2022-02-17 08:31:29,40.5,44.5,18.5,12.0
253,2022-02-17 08:31:39,40.5,44.5,18.5,12.0
254,2022-02-17 08:31:49,40.5,44.5,18.5,12.0
255,2022-02-17 08:31:59,40.5,44.5,18.5,12.0
256,2022-02-17 08:32:09,40.5,44.5,18.5,12.0
257,2022-02-17 08:32:19,40.5,44.5,18.5,12.0
258,2022-02-17 08:32:29,40.5,44.5,18.5,12.0
259,2022-02-17 08:32:39,40.5,44.5,18.5,12.0
260,2022-02-17 08:32:49,40.5,44.5,18.5,12.0
261,2022-02-17 08:32:59,40.5,44.5,18.5,12.0
262,2022-02-17 08:33:09,40.5,44.5,18.5,12.0
263,2022-02-17 08:33:19,41.0,44.5,18.5,12.4
264,2022-02-17 08:33:29,41.0,44.5,18.5,12.4
265,2022-02-17 08:33:39,41.0,44.5,18.5,12.4
266,2022-02-17 08:33:49,41.0,44.5,18.5,12.4
267,2022-02-17 08:33:59,41.0,44.5,18.0,12.0
268,2022-02-17 08:34:09,41.0,44.5,18.0,12.0
269,2022-02-17 08:34:19,41.0,44.5,18.0,12.0
270,2022-02-17 08:34:29,41.0,44.5,18.0,12.0
271,2022-02-17 08:34:39,41.0,44.5,18.0,12.0
272,2022-02-17 08:34:49,41.0,44.5,18.0,12.0
273,2022-02-17 08:34:59,41.0,44.5,18.0,12.0
274,2022-02-17 08:35:09,41.0,44.5,18.0,12.0
275,2022-02-17 08:35:19,41.0,44.5,18.0,12.0
276,2022-02-17 08:35:29,41.0,44.5,18.0,12.0
277,2022-02-17 08:35:39,41.0,44.5,18.0,12.0
278,2022-02-17 08:35:49,41.0,44.5,18.0,12.0
279,2022-02-17 08:35:59,41.0,44.5,18.0,12.0
280,2022-02-17 08:36:09,41.0,44.5,18.0,12.0
281,2022-02-17 08:36:19,41.0,44.5,18.0,12.0
282,2022-02-17 08:36:29,41.0,44.5,18.0,12.0
283,2022-02-17 08:36:39,41.0,44.5,18.0,12.0
284,2022-02-17 08:36:49,41.0,44.5,18.0,12.0
285,2022-02-17 08:36:59,41.0,44.5,18.0,12.0
286,2022-02-17 08:37:09,41.0,44.5,18.0,12.0
287,2022-02-17 08:37:19,41.0,44.5,18.0,12.0
288,2022-02-17 08:37:29,41.0,44.5,18.0,12.0
289,2022-02-17 08:37:39,41.0,44.5,18.0,12.0
290,2022-02-17 08:37:49,41.0,44.5,18.0,12.0
291,2022-02-17 08:37:59,41.0,44.5,18.0,12.0
292,2022-02-17 08:38:09,41.0,44.5,18.0,12.0
293,2022-02-17 08:38:19,41.0,44.5,18.0,12.0
294,2022-02-17 08:38:29,41.0,44.5,18.0,12.0
295,2022-02-17 08:38:39,41.0,44.5,18.0,12.0
296,2022-02-17 08:38:49,41.0,44.5,18.0,12.0
297,2022-02-17 08:38:59,41.0,44.5,18.0,12.0
298,2022-02-17 08:39:09,41.0,44.5,18.0,12.0
299,2022-02-17 08:39:19,41.0,44.5,18.0,12.0
300,2022-02-17 08:39:29,41.0,44.5,18.0,12.0
301,2022-02-17 08:39:39,41.0,44.5,18.0,12.0
302,2022-02-17 08:39:49,41.0,44.5,18.0,12.0
303,2022-02-17 08:39:59,41.0,44.5,18.0,12.0
304,2022-02-17 08:40:09,41.0,44.5,18.0,12.0
305,2022-02-17 08:40:19,41.0,44.5,18.0,12.0
306,2022-02-17 08:40:29,41.0,44.5,18.0,12.0
307,2022-02-17 08:40:39,41.0,44.5,18.0,12.0
308,2022-02-17 08:40:49,41.0,44.5,18.0,12.0
309,2022-02-17 08:40:59,41.0,44.5,18.0,12.0
310,2022-02-17 08:41:09,41.0,44.5,18.0,12.0
311,2022-02-17 08:41:19,41.0,44.5,18.0,12.0
312,2022-02-17 08:41:29,41.0,44.5,18.0,12.0
313,2022-02-17 08:41:39,41.0,44.5,18.0,12.0
314,2022-02-17 08:41:49,41.0,44.5,18.0,12.0
315,2022-02-17 08:41:59,41.0,44.5,18.0,12.0
316,2022-02-17 08:42:09,41.0,44.5,18.0,12.0
317,2022-02-17 08:42:19,41.0,44.5,18.0,12.0
318,2022-02-17 08:42:29,41.0,44.5,18.0,12.0
319,2022-02-17 08:42:39,41.0,44.5,18.0,12.0
320,2022-02-17 08:42:49,41.0,44.5,18.0,12.0
321,2022-02-17 08:42:59,41.0,44.5,18.0,12.0
322,2022-02-17 08:43:09,41.0,44.5,18.0,12.0
323,2022-02-17 08:43:19,41.0,44.5,18.0,12.0
324,2022-02-17 08:43:29,41.0,44.5,18.0,12.0
325,2022-02-17 08:43:39,41.0,44.5,18.0,12.0
326,2022-02-17 08:43:49,41.0,44.5,18.0,12.0
327,2022-02-17 08:43:59,41.0,44.5,18.0,12.0
328,2022-02-17 08:44:09,41.0,44.5,18.0,12.0
329,2022-02-17 08:44:19,41.0,44.5,18.0,12.0
330,2022-02-17 08:44:29,41.0,44.5,18.0,12.0
331,2022-02-17 08:44:39,41.0,44.5,18.0,12.0
332,2022-02-17 08:44:49,41.0,44.5,18.0,12.0
333,2022-02-17 08:44:59,41.0,44.5,18.0,12.0
334,2022-02-17 08:45:09,41.0,44.5,18.0,12.0
335,2022-02-17 08:45:19,41.0,44.5,18.0,12.0
336,2022-02-17 08:45:29,41.0,44.5,18.0,12.0
337,2022-02-17 08:45:39,41.0,44.5,18.0,12.0
338,2022-02-17 08:45:49,41.0,44.5,18.0,12.0
339,2022-02-17 08:45:59,41.0,44.5,18.0,12.0
340,2022-02-17 08:46:09,41.0,44.5,18.0,12.0
341,2022-02-17 08:46:19,41.0,44.5,18.0,12.0
342,2022-02-17 08:46:29,41.0,44.5,18.0,12.0
343,2022-02-17 08:46:39,41.0,44.5,18.0,12.0
344,2022-02-17 08:46:49,41.0,44.5,18.0,12.0
345,2022-02-17 08:46:59,41.0,44.5,18.0,12.0
346,2022-02-17 08:47:09,41.0,44.5,18.0,12.0
347,2022-02-17 08:47:19,41.0,44.5,18.0,12.0
348,2022-02-17 08:47:29,41.0,44.5,18.0,12.0
349,2022-02-17 08:47:39,41.0,44.5,18.0,12.0
350,2022-02-17 08:47:49,41.0,44.5,18.0,12.0
351,2022-02-17 08:47:59,41.0,44.5,18.0,12.0
352,2022-02-17 08:48:09,41.0,44.5,18.0,12.0
353,2022-02-17 08:48:19,41.0,44.5,18.0,12.0
354,2022-02-17 08:48:29,41.0,44.5,18.0,12.0
355,2022-02-17 08:48:39,40.5,44.5,18.0,11.6
356,2022-02-17 08:48:49,40.5,44.5,18.5,12.0
357,2022-02-17 08:48:59,40.5,44.5,18.5,12.0
358,2022-02-17 08:49:09,40.5,44.5,18.0,11.6
359,2022-02-17 08:49:19,40.5,44.5,18.5,12.0
360,2022-02-17 08:49:29,40.5,44.5,18.0,11.6
361,2022-02-17 08:49:39,40.5,44.5,18.0,11.6
362,2022-02-17 08:49:49,40.5,44.5,18.5,12.0
363,2022-02-17 08:49:59,40.5,44.5,18.0,11.6
364,2022-02-17 08:50:09,40.5,44.5,18.5,12.0
365,2022-02-17 08:50:19,40.5,44.5,18.5,12.0
366,2022-02-17 08:50:29,40.5,44.5,18.5,12.0
367,2022-02-17 08:50:39,40.5,44.5,18.5,12.0
368,2022-02-17 08:50:49,40.5,44.5,18.5,12.0
369,2022-02-17 08:50:59,40.5,44.5,18.5,12.0
370,2022-02-17 08:51:09,40.5,44.5,18.5,12.0
371,2022-02-17 08:51:19,40.5,44.5,18.5,12.0
372,2022-02-17 08:51:29,40.5,44.5,18.5,12.0
373,2022-02-17 08:51:39,40.5,44.5,18.0,11.6
374,2022-02-17 08:51:49,40.5,44.5,18.5,12.0
375,2022-02-17 08:51:59,40.5,44.5,18.5,12.0
376,2022-02-17 08:52:09,40.5,44.5,18.5,12.0
377,2022-02-17 08:52:19,40.5,44.5,18.5,12.0
378,2022-02-17 08:52:29,40.5,44.5,18.5,12.0
379,2022-02-17 08:52:39,40.5,44.5,18.5,12.0
380,2022-02-17 08:52:49,40.5,44.5,18.5,12.0
381,2022-02-17 08:52:59,40.5,44.5,18.5,12.0
382,2022-02-17 08:53:09,40.5,44.5,18.5,12.0
383,2022-02-17 08:53:19,40.5,44.5,18.5,12.0
384,2022-02-17 08:53:29,40.5,44.5,18.5,12.0
385,2022-02-17 08:53:39,40.5,44.5,18.5,12.0
386,2022-02-17 08:53:49,40.5,44.5,18.5,12.0
387,2022-02-17 08:53:59,40.5,44.5,18.5,12.0
388,2022-02-17 08:54:09,40.5,44.5,18.5,12.0
389,2022-02-17 08:54:19,40.5,44.5,18.5,12.0
390,2022-02-17 08:54:29,40.5,44.5,18.5,12.0
391,2022-02-17 08:54:39,40.5,44.5,18.5,12.0
392,2022-02-17 08:54:49,40.5,44.5,18.5,12.0
393,2022-02-17 08:54:59,40.5,44.5,18.5,12.0
394,2022-02-17 08:55:09,40.5,44.5,18.5,12.0
395,2022-02-17 08:55:19,40.5,44.5,18.5,12.0
396,2022-02-17 08:55:29,40.5,44.5,18.5,12.0
397,2022-02-17 08:55:39,40.5,44.5,18.5,12.0
398,2022-02-17 08:55:49,40.5,44.5,18.5,12.0
399,2022-02-17 08:55:59,40.5,44.5,18.5,12.0
400,2022-02-17 08:56:09,40.5,44.5,18.5,12.0
401,2022-02-17 08:56:19,40.5,44.5,18.5,12.0
402,2022-02-17 08:56:29,40.5,44.5,18.5,12.0
403,2022-02-17 08:56:39,40.5,44.5,18.5,12.0
404,2022-02-17 08:56:49,40.5,44.5,18.5,12.0
405,2022-02-17 08:56:59,40.5,44.5,18.5,12.0
406,2022-02-17 08:57:09,40.5,44.5,18.5,12.0
407,2022-02-17 08:57:19,40.5,44.5,18.5,12.0
408,2022-02-17 08:57:29,40.5,44.5,18.5,12.0
409,2022-02-17 08:57:39,40.5,44.5,18.5,12.0
410,2022-02-17 08:57:49,40.5,44.5,18.5,12.0
411,2022-02-17 08:57:59,40.5,44.5,18.5,12.0
412,2022-02-17 08:58:09,40.5,44.5,18.5,12.0
413,2022-02-17 08:58:19,40.5,44.5,18.5,12.0
414,2022-02-17 08:58:29,40.5,44.5,18.5,12.0
415,2022-02-17 08:58:39,40.5,44.5,18.5,12.0
416,2022-02-17 08:58:49,40.5,44.5,18.5,12.0
417,2022-02-17 08:58:59,40.5,44.5,18.5,12.0
418,2022-02-17 08:59:09,40.5,44.5,18.5,12.0
419,2022-02-17 08:59:19,40.5,44.5,18.5,12.0
420,2022-02-17 08:59:29,40.5,44.5,18.5,12.0
421,2022-02-17 08:59:39,40.5,44.5,18.5,12.0
422,2022-02-17 08:59:49,40.5,44.5,18.5,12.0
423,2022-02-17 08:59:59,40.5,44.5,18.5,12.0
424,2022-02-17 09:00:09,40.5,44.5,18.5,12.0
425,2022-02-17 09:00:19,40.5,44.5,18.5,12.0
426,2022-02-17 09:00:29,40.5,44.5,18.5,12.0
427,2022-02-17 09:00:39,40.5,44.5,18.5,12.0
428,2022-02-17 09:00:49,40.5,44.5,18.5,12.0
429,2022-02-17 09:00:59,40.5,44.5,18.5,12.0
430,2022-02-17 09:01:09,40.5,44.5,18.5,12.0
431,2022-02-17 09:01:19,40.5,44.5,18.5,12.0
432,2022-02-17 09:01:29,40.5,44.5,18.5,12.0
433,2022-02-17 09:01:39,40.5,44.5,18.5,12.0
434,2022-02-17 09:01:49,40.5,44.5,18.5,12.0
435,2022-02-17 09:01:59,40.5,44.5,18.5,12.0
436,2022-02-17 09:02:09,40.5,44.5,18.5,12.0
437,2022-02-17 09:02:19,40.5,44.5,18.5,12.0
438,2022-02-17 09:02:29,40.5,44.5,18.5,12.0
439,2022-02-17 09:02:39,40.5,44.5,18.5,12.0
440,2022-02-17 09:02:49,40.5,44.5,18.5,12.0
441,2022-02-17 09:02:59,40.5,44.5,18.5,12.0
442,2022-02-17 09:03:09,40.5,44.5,18.5,12.0
443,2022-02-17 09:03:19,40.5,44.5,18.5,12.0
444,2022-02-17 09:03:29,40.5,44.5,18.5,12.0
445,2022-02-17 09:03:39,40.5,44.5,18.5,12.0
446,2022-02-17 09:03:49,40.5,44.5,18.5,12.0
447,2022-02-17 09:03:59,40.5,44.5,18.5,12.0
448,2022-02-17 09:04:09,40.5,44.5,18.5,12.0
449,2022-02-17 09:04:19,40.5,44.5,18.5,12.0
450,2022-02-17 09:04:29,40.5,44.5,18.5,12.0
451,2022-02-17 09:04:39,40.5,44.5,18.5,12.0
452,2022-02-17 09:04:49,40.5,44.5,18.5,12.0
453,2022-02-17 09:04:59,40.5,44.5,18.5,12.0
454,2022-02-17 09:05:09,40.5,44.5,18.5,12.0
455,2022-02-17 09:05:19,40.5,44.5,18.5,12.0
456,2022-02-17 09:05:29,40.5,44.5,18.5,12.0
457,2022-02-17 09:05:39,40.5,44.5,18.5,12.0
458,2022-02-17 09:05:49,40.5,44.5,18.5,12.0
459,2022-02-17 09:05:59,40.5,44.5,18.5,12.0
460,2022-02-17 09:06:09,40.5,44.5,18.5,12.0
461,2022-02-17 09:06:19,40.5,44.5,18.5,12.0
462,2022-02-17 09:06:29,40.5,44.5,18.5,12.0
463,2022-02-17 09:06:39,40.5,44.5,18.5,12.0
464,2022-02-17 09:06:49,40.5,44.5,18.5,12.0
465,2022-02-17 09:06:59,40.5,44.5,18.5,12.0
466,2022-02-17 09:07:09,40.5,44.5,18.5,12.0
467,2022-02-17 09:07:19,40.5,44.5,18.5,12.0
468,2022-02-17 09:07:29,40.5,44.5,18.5,12.0
469,2022-02-17 09:07:39,40.5,44.5,18.5,12.0
470,2022-02-17 09:07:49,40.5,44.5,18.5,12.0
471,2022-02-17 09:07:59,40.5,44.5,18.5,12.0
472,2022-02-17 09:08:09,40.5,44.5,18.5,12.0
473,2022-02-17 09:08:19,40.5,44.5,18.5,12.0
474,2022-02-17 09:08:29,40.5,44.5,18.5,12.0
475,2022-02-17 09:08:39,40.5,44.5,18.5,12.0
476,2022-02-17 09:08:49,40.5,44.5,18.5,12.0
477,2022-02-17 09:08:59,40.5,44.5,18.5,12.0
478,2022-02-17 09:09:09,40.5,44.5,18.5,12.0
479,2022-02-17 09:09:19,40.5,44.5,18.5,12.0
480,2022-02-17 09:09:29,40.5,44.5,18.5,12.0
481,2022-02-17 09:09:39,40.5,44.5,18.5,12.0
482,2022-02-17 09:09:49,40.5,44.5,18.5,12.0
483,2022-02-17 09:09:59,40.5,44.5,18.5,12.0
484,2022-02-17 09:10:09,40.5,44.5,18.5,12.0
485,2022-02-17 09:10:19,40.5,44.5,18.5,12.0
486,2022-02-17 09:10:29,40.5,44.5,18.5,12.0
487,2022-02-17 09:10:39,40.5,44.5,18.5,12.0
488,2022-02-17 09:10:49,40.5,44.5,18.5,12.0
489,2022-02-17 09:10:59,40.5,44.5,18.5,12.0
490,2022-02-17 09:11:09,40.5,44.5,18.5,12.0
491,2022-02-17 09:11:19,40.5,44.5,18.5,12.0
492,2022-02-17 09:11:29,40.5,44.5,18.5,12.0
493,2022-02-17 09:11:39,40.5,44.5,18.5,12.0
494,2022-02-17 09:11:49,40.5,44.5,18.5,12.0
495,2022-02-17 09:11:59,40.5,44.5,18.5,12.0
496,2022-02-17 09:12:09,40.5,44.5,18.5,12.0
497,2022-02-17 09:12:19,40.5,44.5,18.5,12.0
498,2022-02-17 09:12:29,40.5,44.5,18.5,12.0
499,2022-02-17 09:12:39,40.5,44.5,18.5,12.0
500,2022-02-17 09:12:49,40.5,44.5,18.5,12.0
501,2022-02-17 09:12:59,40.5,44.5,18.5,12.0
502,2022-02-17 09:13:09,40.5,44.5,18.5,12.0
503,2022-02-17 09:13:19,40.5,44.5,18.5,12.0
504,2022-02-17 09:13:29,40.5,44.5,18.5,12.0
505,2022-02-17 09:13:39,40.5,44.5,18.5,12.0
506,2022-02-17 09:13:49,40.5,44.5,18.5,12.0
507,2022-02-17 09:13:59,40.5,44.5,18.5,12.0
508,2022-02-17 09:14:09,40.5,44.5,18.5,12.0
509,2022-02-17 09:14:19,40.5,44.5,18.5,12.0
510,2022-02-17 09:14:29,40.5,44.5,18.5,12.0
511,2022-02-17 09:14:39,40.5,44.5,18.5,12.0
512,2022-02-17 09:14:49,40.5,44.5,18.5,12.0
513,2022-02-17 09:14:59,40.5,44.5,18.5,12.0
514,2022-02-17 09:15:09,40.0,44.5,18.5,11.6
515,2022-02-17 09:15:19,40.0,44.5,18.5,11.6
516,2022-02-17 09:15:29,40.0,44.5,18.5,11.6
517,2022-02-17 09:15:39,40.0,44.5,18.5,11.6
518,2022-02-17 09:15:49,40.0,44.5,18.5,11.6
519,2022-02-17 09:15:59,40.0,44.5,18.5,11.6
520,2022-02-17 09:16:09,40.0,44.5,18.5,11.6
521,2022-02-17 09:16:19,40.0,44.5,18.5,11.6
522,2022-02-17 09:16:29,40.0,44.5,18.5,11.6
523,2022-02-17 09:16:39,39.5,44.5,19.0,11.6
524,2022-02-17 09:16:49,39.5,44.5,19.0,11.6
525,2022-02-17 09:16:59,39.5,44.5,19.0,11.6
526,2022-02-17 09:17:09,39.5,44.5,19.0,11.6
527,2022-02-17 09:17:19,39.5,44.5,19.0,11.6
528,2022-02-17 09:17:29,39.5,44.5,19.0,11.6
529,2022-02-17 09:17:39,39.5,44.5,19.0,11.6
530,2022-02-17 09:17:49,39.0,44.5,19.0,11.2
531,2022-02-17 09:17:59,39.0,44.5,19.0,11.2
532,2022-02-17 09:18:09,39.0,44.5,19.0,11.2
533,2022-02-17 09:18:19,39.0,44.5,19.0,11.2
534,2022-02-17 09:18:29,39.0,44.5,19.0,11.2
535,2022-02-17 09:18:39,39.0,44.5,19.5,11.6
536,2022-02-17 09:18:49,38.5,44.5,19.5,11.2
537,2022-02-17 09:18:59,38.5,44.5,19.5,11.2
538,2022-02-17 09:19:09,38.5,44.5,19.5,11.2
539,2022-02-17 09:19:19,38.5,44.5,19.5,11.2
540,2022-02-17 09:19:29,38.5,44.5,19.5,11.2
541,2022-02-17 09:19:39,38.0,44.5,19.5,10.8
542,2022-02-17 09:19:49,38.0,44.5,20.0,11.1
543,2022-02-17 09:19:59,38.0,44.5,20.0,11.1
544,2022-02-17 09:20:09,38.0,44.5,20.0,11.1
545,2022-02-17 09:20:19,38.0,44.5,20.0,11.1
546,2022-02-17 09:20:29,38.0,44.5,20.0,11.1
547,2022-02-17 09:20:39,37.5,44.5,20.0,10.7
548,2022-02-17 09:20:49,37.5,44.5,20.0,10.7
549,2022-02-17 09:20:59,37.5,44.5,20.5,11.1
550,2022-02-17 09:21:09,37.5,44.5,20.5,11.1
551,2022-02-17 09:21:19,37.5,44.5,20.5,11.1
552,2022-02-17 09:21:29,37.5,44.5,20.5,11.1
553,2022-02-17 09:21:39,37.0,44.5,20.5,10.7
554,2022-02-17 09:21:49,37.0,44.5,20.5,10.7
555,2022-02-17 09:21:59,37.0,44.5,20.5,10.7
556,2022-02-17 09:22:09,37.0,44.5,21.0,11.1
557,2022-02-17 09:22:19,37.0,44.5,21.0,11.1
558,2022-02-17 09:22:29,37.0,44.5,21.0,11.1
559,2022-02-17 09:22:39,36.5,44.5,21.0,10.6
560,2022-02-17 09:22:49,36.5,44.5,21.0,10.6
561,2022-02-17 09:22:59,36.5,44.5,21.0,10.6
562,2022-02-17 09:23:09,36.5,44.5,21.0,10.6
563,2022-02-17 09:23:19,36.5,44.5,21.5,11.0
564,2022-02-17 09:23:29,36.5,44.5,21.5,11.0
565,2022-02-17 09:23:39,36.0,44.5,21.5,10.6
566,2022-02-17 09:23:49,36.0,44.5,21.5,10.6
567,2022-02-17 09:23:59,36.0,44.5,21.5,10.6
568,2022-02-17 09:24:09,36.0,44.5,21.5,10.6
569,2022-02-17 09:24:19,36.0,44.5,21.5,10.6
570,2022-02-17 09:24:29,36.0,44.5,22.0,10.9
571,2022-02-17 09:24:39,36.0,44.5,22.0,10.9
572,2022-02-17 09:24:49,35.5,44.5,21.5,10.2
573,2022-02-17 09:24:59,35.5,44.5,22.0,10.5
574,2022-02-17 09:25:09,35.5,44.5,22.0,10.5
575,2022-02-17 09:25:19,35.5,44.5,22.0,10.5
576,2022-02-17 09:25:29,35.5,44.5,22.0,10.5
577,2022-02-17 09:25:39,35.5,44.5,22.5,10.9
578,2022-02-17 09:25:49,35.5,44.5,22.5,10.9
579,2022-02-17 09:25:59,35.0,44.5,22.5,10.4
580,2022-02-17 09:26:09,35.0,44.5,22.5,10.4
581,2022-02-17 09:26:19,35.0,44.5,22.5,10.4
582,2022-02-17 09:26:29,35.0,44.5,22.5,10.4
583,2022-02-17 09:26:39,35.0,44.5,22.5,10.4
584,2022-02-17 09:26:49,35.0,44.5,22.5,10.4
585,2022-02-17 09:26:59,35.0,44.5,22.5,10.4
586,2022-02-17 09:27:09,34.5,44.5,22.5,10.0
587,2022-02-17 09:27:19,34.5,44.5,23.0,10.4
588,2022-02-17 09:27:29,34.5,44.5,23.0,10.4
589,2022-02-17 09:27:39,34.5,44.5,23.0,10.4
590,2022-02-17 09:27:49,34.5,44.5,23.0,10.4
591,2022-02-17 09:27:59,34.5,44.5,23.0,10.4
592,2022-02-17 09:28:09,34.5,44.5,23.0,10.4
593,2022-02-17 09:28:19,34.5,44.5,23.0,10.4
594,2022-02-17 09:28:29,34.0,44.5,23.0,9.9
595,2022-02-17 09:28:39,34.0,44.5,23.0,9.9
596,2022-02-17 09:28:49,34.0,44.5,23.5,10.3
597,2022-02-17 09:28:59,34.0,44.5,23.5,10.3
598,2022-02-17 09:29:09,34.0,44.5,23.5,10.3
599,2022-02-17 09:29:19,34.0,44.5,23.5,10.3
600,2022-02-17 09:29:29,34.0,44.5,23.5,10.3
601,2022-02-17 09:29:39,34.0,44.5,23.5,10.3
602,2022-02-17 09:29:49,34.0,44.5,23.5,10.3
603,2022-02-17 09:29:59,33.5,44.5,23.5,9.8
604,2022-02-17 09:30:09,33.5,44.5,24.0,10.2
605,2022-02-17 09:30:19,33.5,44.5,24.0,10.2
606,2022-02-17 09:30:29,33.5,44.5,24.0,10.2
607,2022-02-17 09:30:39,33.5,44.5,24.0,10.2
608,2022-02-17 09:30:49,33.5,44.5,24.0,10.2
609,2022-02-17 09:30:59,33.5,44.5,24.0,10.2
610,2022-02-17 09:31:09,33.5,44.5,24.0,10.2
611,2022-02-17 09:31:19,33.5,44.5,24.0,10.2
612,2022-02-17 09:31:29,33.5,44.5,24.0,10.2
613,2022-02-17 09:31:39,33.0,44.5,24.5,10.1
614,2022-02-17 09:31:49,33.0,44.5,24.5,10.1
615,2022-02-17 09:31:59,33.0,44.5,24.5,10.1
616,2022-02-17 09:32:09,33.0,44.5,24.5,10.1
617,2022-02-17 09:32:19,33.0,44.5,24.5,10.1
618,2022-02-17 09:32:29,33.0,44.5,24.5,10.1
619,2022-02-17 09:32:39,33.0,44.5,24.5,10.1
620,2022-02-17 09:32:49,33.0,44.5,24.5,10.1
621,2022-02-17 09:32:59,33.0,44.5,24.5,10.1
622,2022-02-17 09:33:09,33.0,44.5,24.5,10.1
623,2022-02-17 09:33:19,32.5,44.5,25.0,9.9
624,2022-02-17 09:33:29,32.5,44.5,25.0,9.9
625,2022-02-17 09:33:39,32.5,44.5,25.0,9.9
626,2022-02-17 09:33:49,32.5,44.5,25.0,9.9
627,2022-02-17 09:33:59,32.5,44.5,25.0,9.9
628,2022-02-17 09:34:09,32.5,44.5,25.0,9.9
629,2022-02-17 09:34:19,32.5,44.5,25.0,9.9
630,2022-02-17 09:34:29,32.5,44.5,25.0,9.9
631,2022-02-17 09:34:39,32.5,44.5,25.0,9.9
632,2022-02-17 09:34:49,32.5,44.5,25.5,10.2
633,2022-02-17 09:34:59,32.5,44.5,25.5,10.2
634,2022-02-17 09:35:09,32.5,44.5,27.0,11.1
635,2022-02-17 09:35:19,32.5,44.5,25.5,10.2
636,2022-02-17 09:35:29,32.0,44.5,31.5,13.0
